["generation","mean","variance","covariance","_sigma","_p_c","_p_sigma","iteration","num_evaluations","best_score","best_evaluation","best_solution"]
[[[-13844485.846713472,-13844459.637672722,[4.119680613854861,0.7487316179477335,3.141592653589793,1.1365305094453046,0.8214928074644832,0.05338172485007253,0.575396365628513,1.0,-2.5140205324864304,0.16813006521714624,1.5178700655318722,4.719997403489008,0.6123215696748247,0.2795670142062586]],[-25405701.49397661,-25405701.03045875,[3.243664001501728,0.0,1.3634470952548488,0.5456179372859556,0.4032167733413106,0.06705353031112843,0.7322003526586595,0.3558217833568784,-0.9265339627520974,0.34035307134015813,5.6606733187420994,5.869268518633993,0.7044517456054816,0.3413395000620334]],[-25738393.500518918,-25738390.747340262,[4.279074691251564,0.0,0.0,-0.9425079258816427,0.5271448209216616,0.03919941400262933,0.46824679560998095,1.0,1.1777560990320814,0.12238716745697886,3.6465565005929435,4.609739569809957,0.5117991722554172,0.36086978852554696]],[-28851665.515958842,-28851665.515651345,[4.9643903450581,0.05174382748860107,0.5078209857979767,-0.3865680527324205,0.433075002020893,0.049034777901084736,0.715980434696086,0.40429346342672046,0.02396837600883961,0.44938991818164514,3.2561584941389006,0.8135012894313123,0.6517798042841371,0.3225603179641757]],[-30268008.321706187,-30267988.849731743,[3.509747064649581,0.7832291647041034,3.141592653589793,-2.8250141418405983,1.0,0.26037492466353307,0.5236424718658456,0.5815842392062136,-2.8963623267693546,0.25092140867396606,4.1296271028732425,4.353255966865946,0.4714864672238624,0.3384877787959055]],[-31509454.016268533,-31509453.88137722,[6.7042629666987885,0.0,2.4884299751823256,-0.5422681009906546,0.95036601271618,0.257402357331462,0.7279820876034406,0.8394934786791215,-1.1963925195721872,0.14729882931129712,7.6517629430488165,7.773387443685844,0.4530668809220543,0.38755095251625826]],[-37340492.996432446,-37340459.43529397,[7.037356875734858,0.0,0.1741941040343733,1.288752417389687,0.6714767174177222,0.11995042822478219,0.5201394259101622,0.0,0.19641324381740094,0.1,4.4183211775838656,3.673074523247459,0.5615365214535095,0.48966983294760646]],[-37876080.909909196,-37876080.90823567,[8.13229683714475,0.7472483591286143,3.141592653589793,0.06358334378272759,0.4008706962247582,0.21790396563447517,0.7750852804878889,0.32354351408886667,1.5088073658977517,0.2647782544088154,3.998020897189412,3.3815996044276044,0.4034703873012356,0.4249271722907808]],[-38365351.86410161,-38365339.9733004,[6.546708016214536,0.0,2.283794272678708,-1.0510434374832456,0.4642556106829881,0.19972604625905233,0.4666619508926647,0.19265898556989763,-0.3595678896654752,0.1,0.643211369890726,4.545366355859408,0.521227411478707,0.47100311787522825]],[-38878468.69374235,-38878450.05898082,[5.063176322288928,0.09417418019744106,2.135664002126034,-1.2756669681899855,0.49276593771033333,0.10343578509607954,0.4323270589509439,0.22439575406063667,1.0762591344592582,0.50493096726838,4.301586624855631,4.930332674933303,0.4237222059241881,0.3492417488386972]],[-39388327.498328134,-39388284.77265692,[3.2297808141175257,1.0,0.2156226017885139,1.8436045499766367,0.06921023586617042,0.48128631712342534,0.22554797576020763,0.2880082300509329,-2.5406966501778623,0.1,0.5695085945674427,6.293209564579975,0.6075629808977785,0.3845130420706643]],[-45525509.57694099,-45525508.53997588,[7.32353258528406,0.6581794279039068,0.38900160514349325,-0.7650225217485614,0.9819529704514645,0.3169240048586959,0.12708726672509818,0.807581790740449,-0.7808419757012971,0.4443790243498332,4.913657795731968,4.478830733257185,0.5052369735919193,0.3777177544098085]],[-46295270.66742418,-46295270.37482214,[5.120670724542137,1.0,0.0,1.5884072443651207,0.5454925825828167,0.35282583500232745,0.5072751737648608,0.8974379032822914,1.3107807404534997,0.27159665202103056,5.13738181190462,4.298177559773977,0.3024507717908661,0.38588185831342514]],[-50244525.71364866,-50244525.428700745,[5.247895477742717,0.0,0.08035468145884184,1.9782765427755633,1.0,0.0,0.5268511139835423,0.8070159337831069,-0.037196070314518354,0.731949731264055,7.6816882446810055,4.974509239184806,0.5822344414276033,0.3343594125710852]],[-52925488.99880892,-52925487.91039789,[7.063493904322205,0.0,1.3943255214159547,-0.14307550386461992,0.15160619236481304,0.3644027343825528,0.8783267445476987,0.3845918403905848,0.05328556521902738,0.1,1.653823971888341,5.294030169661579,0.5269583575848578,0.51404635903594]],[-54131218.70289578,-54131216.12109357,[6.186776217047598,0.43182425779734146,3.141592653589793,0.235067229238428,0.33192833479278633,0.0,0.9154872184359748,0.5785165653020217,0.47280655552243467,0.22328340087882115,2.7306526203880317,5.009382066819721,0.5231077195858415,0.5627428524272262]],[-54856159.03223393,-54856158.81497955,[3.2171290477824783,0.0,2.2766956015233615,-1.254777566553273,0.442712192731595,0.0927453342412552,0.7426872582125328,0.6525803701567714,0.03272950746780332,0.37487576177994986,5.029170327998527,6.300310806096763,0.3699494974820021,0.4918830705635538]],[-56626296.76472032,-56626296.75481331,[8.090386843306105,0.22255935960605716,0.20779041453803804,-0.9248879761160747,0.2543326041730192,0.529822573301089,0.6272488793196195,0.4990058133995703,-1.540227671958636,0.32917360109616445,3.0722937037044984,1.8674449205986074,0.5034646568143222,0.2761171744552493]],[-58078182.27193754,-58078181.20809853,[3.6655948667271483,0.0893676154181206,0.5712981345826116,3.3257786367876,0.5642943132782399,0.23469905230837151,1.0,0.46264857756687855,-0.08535449868617037,0.2561210908694884,3.872625412486846,3.6530696604061035,0.819136191580144,0.6429358605009097]],[-58552999.12393951,-58552989.66011292,[5.764021686779799,0.0,1.1609228061520822,-0.18840202677187828,0.40372664192094143,0.16383683187648995,0.24882708714325114,0.37734143611458665,1.166993211436333,0.7948820701642346,2.8991818043572195,3.6067080439367003,0.5988404550578346,0.3729912269391734]],[-58603467.94849297,-58603467.69336963,[3.469968330820948,1.0,2.3131146165312497,1.053874592331268,0.33263618011354873,0.3212833446264681,0.44782068813567416,0.6371408247746926,0.8395652250601355,0.3833399827010219,4.852396730104369,6.993642005640769,0.5742988179070796,0.5163325646045532]],[-58685991.2081927,-58685958.39561331,[6.954623566794309,1.0,1.6905028960123811,1.2868723278985963,0.49256922544448206,0.42191307215737095,0.668204781715982,0.2921665922191009,-1.4923657285111485,0.1,6.8064674172447805,5.561561154086267,0.5884758150390066,0.5438424141585447]],[-59344795.4123572,-59344794.261407495,[6.191039757400869,0.8006326562605367,1.7292178447573783,0.6258951991565416,0.6385105899948902,0.232408954003904,0.9293109761266591,0.32481978045645776,-0.7550006711457435,0.5472383145661941,5.289103191777837,4.893313754122042,0.527494309285073,0.506292754338591]],[-59551020.92329239,-59551020.912778854,[7.072731059381975,1.0,1.347170380327582,-1.7533195518014204,0.6872906043698699,0.20105697882074647,0.6535569854102781,0.32936508592296465,0.32478156350415743,0.5682639883613275,4.282320934795007,3.9567511555111072,0.5076617683799924,0.511946211418409]],[-59933093.81553931,-59933078.912442446,[3.41013421469287,0.2946148102497379,3.141592653589793,2.3423865954555225,0.6204148261400447,0.4127457546347112,0.45749631715871475,0.028020647251238706,3.8180935925015893,0.36163996078905514,3.4071836623055636,1.3181820190306444,0.5464389672937913,0.4695199986931541]],[-60075837.292076394,-60075837.26097083,[10.798437833295335,0.0,2.4858013480882244,1.090631594772539,0.880665118093561,0.48640308355739964,0.7853051726165808,0.7629296676850803,1.9655378667090515,0.3551620736394828,5.190113354371298,2.179566047628648,0.45014792186830166,0.4882631393328737]],[-60901140.033918485,-60901122.98600054,[7.227010673399139,0.0,3.141592653589793,2.187949426921295,0.3614102259161987,0.31283453332143085,0.0584040855605471,0.0734863450556002,0.3109467521221877,0.6058469165105896,4.081927953821537,6.9776589249733085,0.6492650054401847,0.46089472858233477]],[-62456710.06964877,-62456698.765462875,[4.0543817208098085,0.9139454644052578,0.6750870704681095,4.0,0.6231626860373941,0.4585412586859724,0.5578731676218731,0.14433660301281742,0.7725787470015235,0.4480746010893654,3.0381549959659453,6.599906963256773,0.4408101720053169,0.4822870333326585]],[-63952556.08768502,-63952513.890717745,[3.8586596317205952,0.0,0.0,0.3087710158620851,0.1987065912070738,0.357198418831836,0.35260287310547755,0.08718969867386878,-1.4866150370116282,0.5873500090439865,0.0,5.41448053394782,0.5402258047010136,0.3918820652624416]],[-64423730.1249014,-64423730.11737549,[5.2019323503931885,0.1580964131829931,0.9744041813814132,1.121965101605209,0.36575793250027666,0.4536256451129761,0.27210301600576847,0.4466338784770213,-1.1059444857300043,0.3775319357872941,4.748467007971504,8.441499161105462,0.5039500907613912,0.4604825498829094]],[-65346372.74211972,-65346359.59744465,[4.433948166897748,0.717582692166368,3.141592653589793,-2.147733265049661,0.6864666727616937,0.22266161075053398,0.7288742058347673,0.37061729757344675,-0.5562496624110583,0.39337453322271765,4.084969638351034,1.1501165690957444,0.6263454953615344,0.626330007812595]],[-66680759.97519284,-66680759.94200051,[3.9231292215258557,0.0,1.925224804313784,0.01997878378099192,0.5058499793365828,0.3032992030622572,0.487116584763427,0.32205382187145204,-0.8823188112496398,0.4438136673571209,1.2547719329081124,5.529069980934456,0.4553207890576426,0.5526957917713017]],[-67520306.90322915,-67520303.95669758,[2.742017414170732,1.0,0.20795728228825272,0.8020026397872504,0.6617367450336014,0.3021566253696831,1.0,0.021103110258703983,2.53136320667765,0.1,0.0,5.683142350085298,0.5517853259083422,0.5714034031442912]],[-68444739.2591304,-68444735.39762986,[6.645918374019617,0.0,0.2765741918461184,2.3341549671565227,0.5382772652053333,0.5186201187556345,0.8053050757130333,0.8696791533195809,-0.36071996876459855,0.22928883121635113,6.931105052956251,1.34105956082086,0.6458989947447766,0.611383957333469]],[-68571670.50056523,-68571662.90365869,[5.9180571907296855,1.0,0.0,-0.005186368817924798,0.8788733886196229,0.2608261898391009,0.3109675949534493,0.08673367055605019,2.550687032869745,0.8025093335313613,2.4868513741354628,2.5911836484360355,0.3047450438087713,0.4355582668487683]],[-68592138.42694826,-68592109.68396246,[3.414300786218789,0.6469679900483349,3.141592653589793,1.2621782755679276,1.0,0.6905324252699937,0.7881663049396437,0.0,-2.1944376262444867,0.3205764109624897,3.8825626235118693,3.0149447452865665,0.5624354763670026,0.507186043222262]],[-69557086.42832178,-69557086.25934023,[7.207604527860186,0.0,0.0,-0.8676120146198777,0.6791610392308229,0.20522942010495476,0.4375146569500581,0.493700378116363,-1.6565239275604111,0.9,5.887631606580831,5.682628733617822,0.5252977306581454,0.4167551355594252]],[-71272918.72086234,-71272917.46675658,[3.8409124882157206,0.0,1.7609726537585553,-0.8976836985132916,0.36470964033474396,0.2754330063860193,0.3932718332119749,0.5844658485828409,0.11023107951657822,0.7718079312409638,4.413708549699386,2.5245424590257093,0.5419663426822499,0.46286159083569806]],[-73225573.14838445,-73225573.1297059,[3.5405105688299976,1.0,0.5268623770301584,0.9154142521935628,0.4971169691517353,0.19808686392284092,0.5934277509862483,0.47309534204590076,-2.1867092686343614,0.43819180128295265,4.978482217167439,0.1834272910998367,0.41605794604450475,0.6005149674890969]],[-74420973.26788276,-74420971.90408784,[8.203307921768051,1.0,1.6404313046504073,-0.23654485954534543,0.5654061990308326,0.3853075488775608,0.9627610820084718,0.5136674378151662,-2.422558383097808,0.5049326087186136,4.665963292780156,4.612597421228234,0.2464999017515775,0.4366590472930528]],[-74538417.79046991,-74538414.28744447,[7.709405149126436,0.45513594289144726,2.1939061190319045,-0.3258332575072111,0.9445554965139464,0.5489964630320036,0.5253463197819666,0.7854086148544174,-1.2627028184788147,0.2768072119919007,4.6424119420997645,5.988449941242134,0.6252045406018327,0.4188073892988472]],[-75846013.81948681,-75846012.70817918,[5.706699586042218,0.9148033938827602,0.4613870292874944,0.6552345448945402,0.5706047321079332,0.10965322969808206,0.0,0.6729312498562332,-2.490532355129498,0.5568786317334096,4.225431729681163,1.9118036309233237,0.5001471715324578,0.613797548128385]],[-76174116.91583136,-76174116.7907936,[7.246199173124806,0.0,0.9866124256323837,1.273795692052356,0.2758488744400079,0.07561494376794659,0.5294830093308813,0.4330344965532106,-1.33232869079851,0.7229609579236757,2.359676000074061,5.131961480614658,0.31651543720465425,0.5210770984714694]],[-76570075.94599521,-76570022.79133546,[2.8919674097773123,0.8052932062525134,0.0,-0.5711105615922759,0.3445479857781234,0.4980589800541824,0.7742932309869757,0.17268720297333168,0.776459682345882,0.44552504978435875,7.268841319675898,4.192436382246029,0.5420347280029872,0.4431550732692839]],[-77206586.00440341,-77206586.00440341,[5.9180216303811815,0.4584453962211602,2.9178317587476434,1.8888191720666847,0.49354089173991406,0.6407967371133948,0.5699061886632864,0.6273014351848817,-0.09970096651954144,0.3690851715523803,2.3178749694909815,4.577081280776326,0.3940209222302141,0.5373733104651705]],[-77317394.00464565,-77317393.62818909,[5.44557189591492,0.0,2.4759166069995944,-1.5961654717483174,0.18433697291620021,0.43609726256207093,0.6470195156916208,0.6182005410798279,-0.2722639838911965,0.33200342376552805,2.3224662064884614,3.5252044354903855,0.6479177976851384,0.5522955958257503]],[-78238612.09348904,-78238610.73738217,[6.4237575999611565,1.0,0.13508436368059695,1.19913063798808,0.47396831974291015,0.3686842457647273,0.6315664634440468,0.6294079707533076,1.4476889833496216,0.665300106112148,4.44492004140014,2.464337350168432,0.32497416003056107,0.5114600293183863]],[-80170491.9926055,-80170489.82898551,[3.0324849470737405,0.0,1.0971743332294135,0.32682321093682976,0.9726925884606181,0.3949644699766549,0.4170660024623833,0.9245051052119932,0.5667087767189347,0.5742411190270558,3.655403694904778,3.2130697793757355,0.38371702207450864,0.4780895555024902]],[-83748164.00637469,-83748161.05681604,[2.3964315107139407,1.0,0.0,1.7904463803792472,0.5189248612874896,0.2589277092591127,0.2572829776182273,0.7898216023945495,-1.6588707001433303,0.7423264757946553,4.062148158124571,3.77100191272339,0.47014902698389793,0.4868034947685725]],[-84468815.85073459,-84468814.55490947,[5.309646366932026,1.0,0.0,0.9709175760846136,0.3560123551725113,0.35289060035884734,0.1955630477679437,0.48724728655919103,1.1951599717138979,0.7812140767198474,3.31807261575442,6.691333739575602,0.3712841939274167,0.48991652388519275]],[-84947710.08809054,-84947695.35781944,[7.400591833664046,1.0,3.141592653589793,-1.0378190339082072,0.2312613719628236,0.43197057933225574,0.646703903020255,0.17522381561557876,2.2265492128032935,0.5296288890223957,2.3593160969232745,2.6383610263876713,0.6449543882564468,0.5722729828385282]],[-87341121.87060618,-87341121.87060618,[4.13296117172434,0.5572005802226119,0.37622466002720434,1.8121118189338214,0.16574352944584758,0.4139933492930873,0.3536538856897973,0.6215469666522482,-0.293031213783981,0.726582542176015,3.361680582115304,5.113379619205861,0.4833748924190562,0.5492103809045512]],[-87701872.619847,-87701845.62294936,[6.704182970128915,0.5799358935287251,2.8430019274953526,0.4621565578959662,0.26505971314405674,0.6571962991004561,0.7847725781811047,0.12345972737085714,-1.467867474119629,0.5773286985791257,0.0,4.64521701407901,0.6017380041646488,0.24269964251646792]],[-88359542.83416942,-88359494.66549349,[3.3814961854440533,0.0,3.1387342330597194,0.6238324052979923,0.3712802255731632,0.3361146342917146,0.6194089332190771,0.0,1.3350667229759496,0.6055349908736828,6.827179429867857,1.9608423044631822,0.17008538256432565,0.4552300209814801]],[-89059735.90017335,-89059733.2516495,[5.105760090294854,1.0,3.141592653589793,0.968805647776089,0.340693907362289,0.8564940583297496,0.9808669539697786,0.5552724748000167,-1.1125495495236477,0.5169076190087175,3.895797157865483,0.0,0.5287635170933102,0.4059246479719303]],[-91233421.55520159,-91233421.4094711,[5.689014396912167,0.0,0.5425528867956142,2.8586798821801223,0.28833463702373047,0.6857937164221074,0.8474247236379293,0.55711712525724,0.7610134063198477,0.9,3.5121027348806333,3.8492533164088907,0.46281585100256806,0.46128987033087776]],[-91415543.18244617,-91415455.88525712,[7.92536335846994,0.0,2.536627613669941,0.3372892256880867,0.5084647691616818,0.5541146941063404,0.089667796186234,0.0973650382426699,-2.1243722819190345,0.16775211213812607,5.3048407053277185,7.404049214950167,0.4258772703020458,0.5202937500133857]],[-91590668.96131268,-91590630.77458787,[6.696211027921925,0.0,0.0,-0.5436521298749308,0.05270571953096309,0.37800480696040883,0.7336532852179354,0.1615781252313373,-1.6028660585997532,0.6059479044435924,4.464840754619372,5.982236395534148,0.45608783635600836,0.5734434208295845]],[-95262106.76953276,-95262106.49247849,[4.669609501612631,0.6607576167452762,0.6074594778301695,1.0469905878233154,0.7963638155797157,0.6049158955053472,0.7553853906934707,0.1772294529465232,-0.36740603639447866,0.7306006594529063,0.8748063580292205,6.082655515198215,0.6406164580586065,0.5083785141073746]],[-96097273.35671201,-96097273.198928,[3.934754275930979,0.3567419516045275,3.004770387549816,0.7957437807759339,0.5072294828183946,0.5506032004464595,0.30496118741785927,1.0,0.3781713250992915,0.3888412275703196,4.081395000311362,4.626152675283085,0.5556577398592011,0.528608198293371]],[-96387494.09095633,-96387494.09095633,[4.086866785720016,0.4105503105352225,2.8627101753729267,-1.4897537650530857,0.2980442621520338,0.427806653877842,0.577555542177547,0.4256321812508541,0.30059107988141986,0.7531470973480971,4.247990730654714,5.79117380117576,0.45514996950255515,0.563706309822549]],[-97396818.43950644,-97396797.19843388,[7.339692501695641,0.0,2.0061616308842436,0.9851956954407979,0.8436059485851676,0.504483898948833,0.5489318805673341,0.7440570787191125,-2.3607713785543685,0.4790898163586432,6.493055293873488,4.976382046685483,0.4267586680367549,0.5610384636133614]],[-97514600.7089734,-97514599.96349311,[7.134752243864561,1.0,0.310319248709074,0.44927290893060345,0.4110355618124437,0.5920957445295578,0.4725285815283988,0.6826206065294886,-1.6718235876931131,0.5248882833209132,0.911886315679237,5.280814664839124,0.5590821281073266,0.4002754061415469]],[-97541674.86291794,-97541670.67712933,[2.3597758724559297,0.0,0.9224462933508032,1.8640049230784332,0.7812827843356906,0.09230849207916708,0.2547953720089228,0.5770679851300596,-0.19140615425595203,0.5680516563605198,6.674567903514749,2.5573356714254647,0.38655756260843044,0.6828277959454787]],[-98287010.98179172,-98286990.56143415,[7.59775754032459,0.0,2.0176263123061986,0.7323449001122233,0.4899496539357286,0.4344139453359637,0.6706190427974894,0.0725767244787695,1.1692228680297678,0.3817535415338329,4.498189658622112,2.6667800314087495,0.5517354490520631,0.623075047131723]],[-101665506.04905662,-101665505.92384875,[7.225148561334732,0.4730711482566566,2.216953229237038,-2.1805250709480295,0.7106355677701623,0.48641932403483856,0.8104453941480707,0.4451778281311753,-0.2395799424579017,0.8276225962910728,2.1532169205517273,5.768077801079687,0.4126084596474926,0.48961211459644216]],[-101809747.7168295,-101809747.71212614,[3.9913741128828457,0.7823905584000705,0.4661651489140153,-0.9372170356767053,0.6186257404336202,0.6451931539508379,0.5152072508379195,0.8279373399644554,1.465809513304703,0.5040303358847074,4.1464008561245,6.0096063950796665,0.48164119624342194,0.3191899469803485]],[-102598887.93880835,-102598887.77254272,[6.151468777174891,1.0,1.3121194221368409,-1.6480000421830572,0.3047162772993863,0.5288059567634662,0.4214341043746878,0.48108946032592315,0.9988975142319642,0.7507111233465282,3.9032547636902795,8.211829331426781,0.6619512881121495,0.48194595395911655]],[-103061765.68497276,-103061722.35694015,[4.806427552961769,1.0,1.202473990648228,0.36683924199434037,0.45978285067362146,0.46259532707100554,0.0,0.45234180566802074,1.6396788392846995,0.5869314457243131,6.4831789846284185,5.076675343290184,0.5020032633821531,0.5877512761702955]],[-105342697.18878272,-105342696.62818313,[5.752371328738888,0.20790068760499403,0.0,0.4129346851731722,0.5861700013193129,0.38400859782587654,0.0,0.5695941394553653,-0.8503978627837526,0.5474575408016238,8.099727865926319,5.499631005026918,0.4556214594844864,0.706187185607595]],[-106566835.83480304,-106566835.52113473,[5.868615881875341,1.0,0.23830332652203823,1.7214677780649914,0.7238822811192875,0.4187159257579154,0.4664257875606201,0.3224621889868794,0.8340392434417696,0.8360693095497449,6.784495006532646,3.7908627118466214,0.5269596081353468,0.6398870653240696]],[-106589245.69151151,-106589245.69151151,[6.162297726577455,0.3103237771423748,0.8336901456205814,0.5210970361463914,0.3186033102340297,0.5474048914137065,0.49077780075930055,0.7072659202813167,-0.20976139982210526,0.5408628721716839,3.7646430430114113,4.0667847024039325,0.5136230087705764,0.5990090804842793]],[-107377598.04195122,-107377593.06435287,[1.8784209631794244,0.0,0.0,-1.1185782070599242,0.9540921585934681,0.5917035613487642,0.4804426041650948,0.5372971195957708,-1.5656528792378177,0.796310204543365,3.1955974089393053,2.0751449712590793,0.5086350455443821,0.24833112123217033]],[-118518197.11865096,-118518133.05382198,[0.3378346207430285,0.0,0.0,0.05811813222160794,0.9497898868514154,0.27980754283330456,0.11920863509739738,0.14473067419593683,0.27707729584821106,0.2914865831115674,7.903181449664036,0.8679804659492705,0.5772039027897604,0.3477763769300187]],[-119594823.09022427,-119594822.96156752,[1.6880808822072915,0.0,1.7800431339510963,-1.0250424764361867,0.5859291595671642,0.4946669521972088,0.33289091402834003,0.5279170894197011,-0.7936921385091789,0.3969259195069418,3.4622793707138295,6.40801990448902,0.4740465192570397,0.5979722384455597]],[-119939409.37758696,-119939407.8736062,[6.194881582069481,0.0,2.8420875628689153,0.7698480533010861,0.6332748071129857,0.798311453471011,0.7006122316134955,0.6219850200499408,-0.856817600583587,0.5793048613598603,4.348705949868106,7.015885742915783,0.7875899848939754,0.5103162166632942]],[-121734024.46576473,-121734023.619905,[8.587986613382418,0.700791838235574,2.897437521289242,-1.9367757821835991,0.5205892884253935,0.5996709498115598,0.8201943021664979,0.5987129976690593,-1.687922301458987,0.1,8.285149179593272,0.0,0.43164513639635615,0.5239673583439345]],[-128195374.2780388,-128195372.59949291,[3.736482446136583,1.0,3.141592653589793,0.7221155362167497,0.404092665125136,0.5200612497602635,0.5382742154178725,0.2918745566764793,0.7700490917960304,0.8474302244305479,1.4520711675038411,5.116877311904764,0.40797789016711533,0.6052693598901782]],[-131569293.21450734,-131569285.38557577,[4.993537328330739,0.0,0.0,0.47351014065867275,0.17752149735256162,0.4537727218181685,0.0,0.3982055534363329,-0.926963179421672,0.6964255166405683,2.5678892422898887,4.309763730076811,0.3516607110774419,0.7043693096600135]],[-132668871.47372203,-132668870.15258312,[2.327271772663158,1.0,0.0,1.5855851867159079,0.30832537407495875,0.7793564446842747,0.6874738032351063,0.4310037348709097,-0.8695423309322307,0.9,4.962171384354122,5.524299550950873,0.39565269422154037,0.5806686009065054]],[-134018148.86229499,-134018145.82738972,[5.944939552506326,0.0013934016834383223,0.0,-0.0007074985064445861,0.734942677886203,0.6704944954578909,0.24984579934115259,0.7442729623649318,-1.0207436485161716,0.664037624867781,5.824086149504845,5.6923452011722935,0.532328532537755,0.4582239998968657]],[-143373698.78542942,-143373697.49538457,[1.2524705528062592,0.0,0.25159780124082487,3.3953953887413384,0.5648427364189704,0.578320707875764,0.0,0.8383163503180293,-0.6888933228537126,0.6397639891069627,1.7287156956144956,4.208997346385072,0.43619223991618167,0.5034550941927854]],[-146035129.8976158,-146035129.8976158,[5.467037150447063,0.5308535917000724,1.1021227660861739,-2.1727571546199504,0.6861631245705413,0.7065269083243937,0.46320296575444464,0.3738880781043533,-0.23208114487948672,0.48924913481498405,2.276239624028662,3.8637169225538828,0.4538607766298213,0.5267327282209381]],[-150220267.9037752,-150220267.85350573,[3.576483596452234,0.4754339813411983,1.9311096117438655,0.21069152244525902,0.14017541462069666,0.7057761568014926,0.4995229196996368,0.4463406803752638,0.16128164646219073,0.7785560247616485,0.0,1.1778238419114953,0.6602134219116081,0.3769792545609827]],[-156334591.64021268,-156334591.54883516,[6.596964927430064,0.9445346913409786,2.503209245452187,-0.7854243517745856,1.0,0.73205187377129,0.8013648437152632,0.47760293167179824,0.07441140118854805,0.18613649356287415,6.388945476104772,0.9958303306465974,0.5216729186978144,0.5730242634649475]],[-163393046.78672704,-163393033.27787113,[6.003335182562274,1.0,0.0,-1.662602357150379,0.560292559370569,0.7767962883802786,0.8280007117720829,0.23142455888185837,-1.6722545254527872,0.20640439711199526,2.9271143956549457,3.471787356255622,0.5958338435063875,0.5453252790940906]],[-167429762.71728605,-167429751.0378511,[3.450379992371747,0.0,3.141592653589793,0.42680178624167087,0.660927884955141,0.7058492376493765,0.6268533681644893,0.6198571363822412,0.9043848869860284,0.7320715682321774,5.006398983812763,5.211276088391195,0.5637903301355667,0.6347698366005222]],[-167779940.12374246,-167779939.66872013,[3.6935211207902476,0.0,2.122420768562781,-1.540897161363555,0.7766243970460396,0.7753207301823204,0.8383579715427529,0.6755488881337509,-0.5867199187075017,0.7079949277881722,5.558382559563164,3.1544039093506857,0.4284924237325055,0.5255919652087759]],[-168282650.75796366,-168282649.24782038,[6.919382008365338,1.0,3.141592653589793,-0.12557778633075953,0.5864140471222805,0.6998006922349367,0.7505312980771862,0.6998887275881244,2.496238939901354,0.6435027936018883,5.249088689656876,7.784680840212382,0.4714888494535846,0.44715551303716256]],[-173783344.56897664,-173783344.53044415,[5.906969563292658,1.0,0.5328166864897197,-0.36157606641176315,0.3713298625624821,0.7744282101330475,0.5668267358242485,0.3855008534166177,1.548461772182263,0.5724049443308559,6.068477599204798,3.3277277272631918,0.4300725974023957,0.5776360395150315]],[-175973200.42194614,-175973200.40486646,[1.189373062734414,0.9631167282572572,1.1129685177086805,-0.6505323895665521,0.41733858202507296,0.7086719850131308,0.45716736361769966,0.2390497038805458,-0.7451469597385891,0.9,3.794370598965706,4.739741029776842,0.5474230333053766,0.37861946278839237]],[-189952621.70270056,-189952621.3448838,[2.625390069469549,0.1959546538877373,3.141592653589793,-0.6647962046033011,0.39783083367854144,0.8965459690331339,0.3486208263779037,0.7273298455208485,-1.164262479935235,0.36019625896179,0.7436773474797738,6.63622708783895,0.646833341517432,0.5443261829752872]],[-213852303.07159978,-213852302.8810091,[5.872717170185956,0.9977262708854155,3.141592653589793,-0.7002737401659045,0.2551315522889139,0.7714365932822841,0.9143439766361351,0.7715059935232562,0.753033559293925,0.8027767621079166,3.8605474899987584,1.0221492939890906,0.3864619993794043,0.6822676065549191]],[-223652681.19386256,-223652676.749619,[1.1383079728631502,0.5667288976257765,0.0,0.7275849425925536,0.4648733397887039,0.9047731949877014,0.7288302428929769,0.40699563814021333,1.9959157758851513,0.9,6.632936512472092,5.102695791783972,0.4113661001446571,0.36288932175699296]],[-226613067.39621076,-226613067.39595133,[0.00835457444199239,0.0,2.1309660545787628,-1.2835600104535352,0.5775149090184553,0.387244483913315,0.45723566439374863,0.5617156386652219,1.3416797822198583,0.1,4.348530168474062,0.8213041842513555,0.45661162483399276,0.5339108115439392]],[-227065521.4340328,-227065496.37620616,[3.7983711097534547,0.0,0.5946454597460417,0.3030151961619316,0.7449669962439607,0.9377432540867496,0.7197592528865611,0.5344464016893089,-2.558383697350729,0.2032126384824684,2.3465124008053095,4.695716961063718,0.5253160504729508,0.6556042953788203]],[-234668530.62350705,-234668530.60908997,[7.939217898128605,0.0,0.8362874106280926,-1.9434200663466314,0.49598366781619896,1.0,0.5203917393724427,0.47708580487832025,1.5091779833762504,0.13153939940142279,3.543704134182589,3.602563241018723,0.5943451406113023,0.5557433403712766]],[-254410041.78705478,-254410041.7866336,[4.328481807302023,0.0,2.0256964944745253,-0.21989524974768854,0.815314233739382,0.9396024272224988,0.5554310058448683,0.2906875399708351,1.3482516636506565,0.43305168187383913,3.3249713102725345,6.954400603472649,0.4517565166768084,0.7415531496676966]],[-359481429.87859166,-359481429.77639335,[0.0,0.5313790453783832,0.3227158571105375,-1.9382193612880436,0.5727054043920737,0.7538716678278021,0.7802377185437648,0.609079507147414,1.0195818054197103,0.5372027042082651,2.15587617025272,2.4739312809524505,0.5035151071204744,0.49762289236827456]],[-367306837.52762365,-367306834.3463974,[0.0,0.0,0.0,-1.397453397782868,0.7277822567052268,0.7360548051037641,0.33221329629847385,0.5027852989093959,0.1865167751594133,0.34317898496246463,1.0980506095357656,6.060360450556942,0.5153515455063911,0.4949746603066356]]],[5.192813433583851,0.34117701092000224,1.5893287415300352,0.09995779582891279,0.5836103708079468,0.17878561330850437,0.5843838270720748,0.550674603126413,-0.4606390224631465,0.28329247903584914,3.87621559322559,4.6068755548537474,0.5453240510431516,0.39118004532990736],[23.225124857329178,3.594338216134966,9.353017262505814,8.761903061701481,0.25333291790097945,0.2778253288932533,0.23998725073968238,0.26635470160656466,8.979033520548517,0.2553411664809184,15.74814330877649,15.442461147109412,0.041064990364086666,0.04412992132242277],[[23.225124857329178,-0.04442402644097136,0.0011431832232164727,-0.052080700622279076,0.015745135833955613,0.005598206883583348,0.01978094677923432,-0.04500438553298854,0.3445400688159716,-0.02083050028711517,0.18595825802844368,-0.19648378206190956,-0.027800725378668997,0.012582213789304282],[-0.04442402644097136,3.594338216134966,0.07200595737423078,0.025782955698509635,0.0008547873854481854,0.03435376888251734,-0.013541222775438636,0.008403682301983304,-0.06407680743445876,0.01220748908257099,-0.08175429065063464,-0.03409222823914645,-0.007602565181579819,0.006915177787138729],[0.0011431832232164727,0.07200595737423078,9.353017262505814,-0.1531153296392108,0.04481098752546492,-0.007627866015165446,0.02800265998900527,0.018895665628466504,-0.27394643571028604,-0.016047882387622107,-0.14928007281746386,0.19642304419854703,-0.008452316302158255,-0.0030556680604842262],[-0.052080700622279076,0.025782955698509635,-0.1531153296392108,8.761903061701481,-0.02443880201147836,-0.00979813585806217,0.012649211681586755,-0.00963614303671555,0.04408323534802039,-0.01097636283773771,-0.06056322097586846,0.12865996125497237,0.028977602004320317,0.004989917862433998],[0.015745135833955613,0.0008547873854481854,0.04481098752546492,-0.02443880201147836,0.25333291790097945,-0.01557733609213433,0.0007729174147849331,0.020306728193619446,-0.07735235671246098,-0.007898515845988554,0.07665718535644996,0.041253818506309395,-0.000262914518711571,-0.007085502837754811],[0.005598206883583348,0.03435376888251734,-0.007627866015165446,-0.00979813585806217,-0.01557733609213433,0.2778253288932533,-0.01577879253093087,-0.01269477528117908,0.061860472025646145,0.031579414068322056,0.013757784784232693,-0.07851568745513968,-0.009137008987169586,0.018235571047927907],[0.01978094677923432,-0.013541222775438636,0.02800265998900527,0.012649211681586755,0.0007729174147849331,-0.01577879253093087,0.23998725073968238,0.0004709658723457423,-0.008558660843975423,-0.010155079477119671,0.03213266910786237,0.01068203704555644,0.003240756242708603,-0.0022734260384321666],[-0.04500438553298854,0.008403682301983304,0.018895665628466504,-0.00963614303671555,0.020306728193619446,-0.01269477528117908,0.0004709658723457423,0.26635470160656466,-0.059743049910956074,-0.009261354750605718,0.012513732326605177,0.060162181626647146,-0.0011278359094554892,-0.008270156336000768],[0.3445400688159716,-0.06407680743445876,-0.27394643571028604,0.04408323534802039,-0.07735235671246098,0.061860472025646145,-0.008558660843975423,-0.059743049910956074,8.979033520548517,0.0769026647910457,0.29360455303859506,-0.43311127205098215,-0.031497913148747836,0.04795955756018629],[-0.02083050028711517,0.01220748908257099,-0.016047882387622107,-0.01097636283773771,-0.007898515845988554,0.031579414068322056,-0.010155079477119671,-0.009261354750605718,0.0769026647910457,0.2553411664809184,0.06284373968443045,-0.09140798586522605,-0.004009309114276336,0.010322945178407173],[0.18595825802844368,-0.08175429065063464,-0.14928007281746386,-0.06056322097586846,0.07665718535644996,0.013757784784232693,0.03213266910786237,0.012513732326605177,0.29360455303859506,0.06284373968443045,15.74814330877649,0.39188249340325404,-0.017412877464303936,0.012040665580021486],[-0.19648378206190956,-0.03409222823914645,0.19642304419854703,0.12865996125497237,0.041253818506309395,-0.07851568745513968,0.01068203704555644,0.060162181626647146,-0.43311127205098215,-0.09140798586522605,0.39188249340325404,15.442461147109412,0.004032226156774391,-0.023807813303167582],[-0.027800725378668997,-0.007602565181579819,-0.008452316302158255,0.028977602004320317,-0.000262914518711571,-0.009137008987169586,0.003240756242708603,-0.0011278359094554892,-0.031497913148747836,-0.004009309114276336,-0.017412877464303936,0.004032226156774391,0.041064990364086666,-0.002787666926865443],[0.012582213789304282,0.006915177787138729,-0.0030556680604842262,0.004989917862433998,-0.007085502837754811,0.018235571047927907,-0.0022734260384321666,-0.008270156336000768,0.04795955756018629,0.010322945178407173,0.012040665580021486,-0.023807813303167582,-0.002787666926865443,0.04412992132242277]],0.7206576914268826,[[0.0],[0.0],[0.0],[0.0],[0.0],[0.0],[0.0],[0.0],[0.0],[0.0],[0.0],[0.0],[0.0],[0.0]],[[0.29209325901058425],[-0.6015027535154064],[0.04468238930586262],[0.2523769376826484],[1.2666143246578105],[-4.866079883848008],[1.2783314211635968],[0.7676700581043686],[-1.1630375090038847],[-3.282904353393782],[-0.23440139852668085],[1.1491954640831399],[1.7165362307339886],[-4.121286392520482]],1,100,-13844485.846713472,-13844459.637672722,[4.119680613854861,0.7487316179477335,3.141592653589793,1.1365305094453046,0.8214928074644832,0.05338172485007253,0.575396365628513,1.0,-2.5140205324864304,0.16813006521714624,1.5178700655318722,4.719997403489008,0.6123215696748247,0.2795670142062586]]
