["generation","mean","variance","covariance","_sigma","_p_c","_p_sigma","iteration","num_evaluations","best_score","best_evaluation","best_solution"]
[[[-48444617.02630009,-48444616.87589663,[5.869248800403133,0.7074536154540578,1.7147337766698199,0.5100697330474907,1.0,0.260701296853622,0.2940408172727742,0.791504105331297,0.9577196473342551,0.13489901687917483,6.541483122933714,5.525643456553979,0.662703238618658,0.34834540073713305]],[-61690564.17186076,-61690553.21931118,[3.880505087974366,0.0,0.6728096427056064,0.271591650945203,0.0,0.292505474574294,0.7844815744385021,0.3107917992581055,-1.9791234129080997,0.2734035025846311,2.865013644748782,3.7615292991293243,0.5398927671601,0.38714291592070005]],[-62800965.46244023,-62800964.52408069,[2.4226581779815115,1.0,2.3056257995431046,2.661227557537198,0.2843945013450798,0.0,0.7913324221569877,0.44695366610604725,-1.1789620000887115,0.3035934177316082,7.4780625943151104,4.78587528172242,0.5762752682078353,0.4035179063290811]],[-76492865.1109142,-76492865.02420437,[7.749302000873863,0.0,0.0,-2.8624247040641304,0.42611354582093774,0.35622862205151196,0.4464629603886751,0.43252093601244956,0.6768319240617218,0.5474354638969116,4.728447780056633,3.7423191384999117,0.4670067922209101,0.3547632477179575]],[-78328789.95382372,-78328731.7441132,[5.793004510538379,0.0,0.777345469837564,-0.1614823569386684,0.37143432939704824,0.4298720174181665,0.5235960441027993,0.09137042147643465,-1.4029780026673682,0.285597802651118,7.1059249098371104,2.355173693428189,0.665262673971704,0.3919145378760624]],[-78752124.4593402,-78752124.45370787,[5.934042726179046,0.06950537139477514,0.6715015934853231,2.2135871638132856,0.8419029281085344,0.48509790765465016,0.4168627223332275,0.5902144500082042,-0.5782320937674031,0.1,2.763976232831941,7.007041783672464,0.5902786009620228,0.4562745324287133]],[-79130050.39546645,-79130049.72556037,[5.914933476673952,0.7174450093052198,3.141592653589793,-0.373221768576286,0.7424659424777357,0.2388205630094924,0.6298477816741783,0.726609457992159,-0.09371937517693413,0.33285775764257386,3.415201137965848,0.0,0.5673809968353827,0.4915981894776516]],[-80781281.7231361,-80781281.56348097,[3.513437678082516,0.11916596068813212,1.8675936249485319,-1.5486418301964737,0.5487732053487443,0.3906283033354132,0.5232471863859739,0.563318770409516,1.3323253727721562,0.1,4.733197539570333,6.030132300366299,0.5785619350840555,0.4020060276970591]],[-81291687.19721627,-81291685.18264621,[8.711580070505946,1.0,0.0,1.6875143607230074,0.37320419179331155,0.4526968747648912,0.6864604258608963,0.5497367942561457,-0.5053243401496085,0.6572038421609173,2.868414461352837,1.1650136555793438,0.6663534450321381,0.3539876700707897]],[-83227308.84284654,-83227308.19868803,[6.871465620709849,1.0,1.0067143500194806,1.0149915388092872,0.7532274712460367,0.28983585425225694,0.7897307005646126,0.4663248797441212,-1.9747924893773598,0.36339174354758164,7.09645067465993,1.6786294738825158,0.3145719144060034,0.43881872293581775]],[-88063961.71283554,-88063961.20882595,[7.797444189444514,1.0,3.141592653589793,-0.5041406480988402,0.8191381537819442,0.1326611122986977,0.6124668181179246,0.5703449346936394,-0.4678479978888627,0.2704195220447304,3.7102077345978293,2.498686279804489,0.5345949484500799,0.5397578233971208]],[-91493530.89755279,-91493529.57427764,[2.94758908689454,0.0,3.141592653589793,-0.5691700503860975,0.46724470570427395,0.3935108055659752,1.0,0.7688804352557115,-2.498382710890063,0.8075175983952196,4.6798529608622506,5.142081183845971,0.47131495022047626,0.34768566294456504]],[-94616951.1367746,-94616951.1367746,[6.471937312696915,0.5660767773250186,0.26276250378542687,-2.220071548907032,0.28063978036260906,0.30494818185488953,0.2960689262342392,0.46256630980444274,1.6786046431112138,0.598816998265027,5.02465823919816,3.780054319923793,0.32920057615656234,0.44891961565929767]],[-94809806.93870673,-94809804.19585752,[4.574581537375014,1.0,1.728541659828032,-0.41505433323153196,0.603713640584443,0.4272706049458581,0.6097144205523529,0.35088342700562103,1.4131497535534823,0.1,5.183108409346716,5.432298597215464,0.5343487704082974,0.4734524581488684]],[-95057671.5804067,-95057667.53623945,[6.55675821595796,0.0,3.0833282868001652,2.614143193057992,0.3564189224571247,0.06065485168330781,0.43927347492410557,0.1458908380701835,0.29097057977141905,0.26069462122399834,1.8799324633682,7.354976547685521,0.39322175056678144,0.5333569025782249]],[-95512309.2582246,-95512309.2582246,[6.483404887655248,0.7647717319851859,1.8974406375991122,-2.8018980364666435,0.6986165030619431,0.3543348657115205,0.4701819702013382,0.5307985083963498,-0.8008265625218209,0.33664923482797765,3.1474558112593263,5.024415963401491,0.5294305010392867,0.5296780422511873]],[-98385492.44083571,-98385460.72375643,[3.9607058151728785,1.0,2.842412303349251,0.5128922211788546,0.0,0.18039186013222092,0.5096855483563143,0.0,-0.30844680762421123,0.5622913057588441,0.38867576201604237,5.569013761901804,0.7941648716857252,0.5339640490487523]],[-98804410.61518416,-98804409.8700273,[8.194339768424927,0.0,0.35558771723953786,-1.9533267055883188,0.0,0.1650829466265566,0.0,0.6227705390226804,-0.4016572553816522,0.32646927550821414,6.742784601115662,5.526429300540954,0.36029043271658767,0.5398035800409892]],[-99536427.74395788,-99536426.37934136,[2.221850576691011,0.0,3.141592653589793,1.8247232095859687,0.32708006581711235,0.7056802580052254,0.4116968102911113,0.7192332500918035,0.36753930930093015,0.1,7.953201618137324,2.109790349321222,0.6263766581040566,0.39099571329182237]],[-99723867.49526583,-99723858.25449187,[0.4064902694095043,0.4936983750334834,3.141592653589793,-0.8398071844400473,0.33389432733968666,0.19658176491466323,0.904905003635879,0.6613227942601291,3.3447594477540794,0.27876666718312093,2.04863220076241,4.529477363731566,0.5676207732120074,0.5167572103616446]],[-100585126.96376853,-100585113.73462486,[7.459203288527404,0.0,2.8570097308193416,-1.2641729098830439,0.165223445622608,0.392001441307517,0.16986841356744892,0.04237093308279022,0.03486835208975556,0.9,3.5973469868654284,3.7853363029664786,0.4465923637152052,0.2767838665541592]],[-101009829.5405482,-101009827.57645035,[8.17608208512533,0.0226333462426227,0.0,0.4085058796338278,0.6925513401424409,0.4025737926805222,0.9022788850297292,0.5586835775791194,-0.41173347618434897,0.2868765106202067,2.945802387494211,5.888156097688959,0.48003591204913015,0.5143267482546029]],[-102702667.6702871,-102702667.16273522,[5.735575917181654,0.06263373178432369,2.3042938771850463,-1.5349647267316593,0.1322189145792968,0.0,0.9194706756935296,0.6458410377792618,-0.9200345267199592,0.47383797795981136,5.596348846266382,3.632349929529879,0.7153075377715541,0.5783691558679938]],[-102720002.22817214,-102720001.66862392,[4.83555555144501,0.0,3.141592653589793,-1.8373196350418572,0.2288965488311958,0.656396073288669,0.6655916236305325,0.16261171428261334,0.18102395791014045,0.5196179616649261,2.818355944046302,2.8118709187229918,0.5263382025059664,0.26997273170799474]],[-103274813.11467938,-103274812.12012696,[6.327628247473077,1.0,1.167477480697595,0.2535662786321243,0.19291435782164357,0.6225276225416373,0.9012550748443434,0.300897922365025,0.12466502656767936,0.3664208982069671,1.8419480968152713,5.3449577895476,0.6007247439262995,0.29634086489529565]],[-104578404.02576432,-104578368.98288774,[9.211371701746168,0.0,2.183088969548109,-0.22372177026291748,0.4385347413039757,0.5721455569408139,0.5729338069291043,0.48852870735467796,-2.7645100079703786,0.35471952083771363,9.0,5.745650285006661,0.4791119227235597,0.38270009620085166]],[-105342460.15156467,-105342452.31648481,[3.7874114623159505,0.990894808404664,0.130719166599091,0.47089577207644967,0.5021156142205705,0.25628518450857796,0.5065789337479581,0.1952634332237323,-2.2782290608058555,0.37416585310838185,0.7006248815077005,2.2047558622800247,0.7209025498439565,0.6295713845188657]],[-106975719.1133579,-106975705.16938561,[7.664198291306016,0.6658817593223882,3.078004356953833,-1.0662042174839002,0.820677551523791,0.2679688461775994,0.16366980627366012,0.13427367805118706,1.464471110875506,0.5771857345835767,3.546179458227427,3.5440917176471474,0.43151173582855096,0.5182549067719854]],[-107076244.3754801,-107076237.02247119,[4.5632078094978485,0.0,0.8963551894173257,-0.3624607275379503,0.3199933814518114,0.4042074054135322,0.40190011494671185,0.25297066718249056,0.5315006710227993,0.549430736671791,2.536261151771459,1.458933315678228,0.764425677755343,0.4800126063634012]],[-107455198.22438966,-107455194.61388725,[3.368892440994753,1.0,0.0,1.5974148532699146,0.4989287826481435,0.42889628393517665,0.9724163611397056,0.8611517295019278,0.48996930994451726,0.5953160064693119,4.06879534106193,4.731747553352654,0.5029278615126975,0.4902273871104771]],[-111633875.6793048,-111633872.96253836,[5.121180484563592,1.0,2.027066686994951,-0.22012463220910325,0.29386102752275767,0.3566485688058319,0.40175034955722405,0.29399469332102734,1.5536501630160786,0.4143415587653936,1.6128067420908074,4.800864749031435,0.5458108728098606,0.5775004913814712]],[-111689142.63194503,-111689079.75234497,[6.034357903002797,0.642479717874231,1.070187592208375,-1.5759243127103724,0.46332725738482405,0.6076377083838225,0.8008268810343605,0.0834823194787559,-1.8728762029930817,0.18855733794625662,6.529348038855918,4.121753049188479,0.35128432474683846,0.36228371930044523]],[-112079078.38297974,-112079077.09077096,[6.953719280089475,1.0,2.752106228778434,0.04347290928172769,0.9246915095315602,0.5001943058535605,0.423667958499704,0.3176291143636749,-0.3120747002855112,0.5461306876655843,7.201712906974628,0.6244605011105668,0.5501667532433873,0.4055249308657199]],[-112730287.93254112,-112730270.64694923,[3.3027221528781787,0.0,3.141592653589793,-1.5776479579567233,0.6559867082921877,0.3550169643935831,0.3140835248482604,0.2500475930042859,0.6170003185893899,0.7340445381874392,3.9645802994931456,4.465470531254487,0.4813093599897338,0.48181634474885754]],[-113460988.84499776,-113460988.79146928,[4.730336343447167,0.17769418004316373,0.7625370475881104,1.5048471831314154,0.2678307940192209,0.9263271548051333,0.27128299189848026,0.6473302217750374,-1.0282283525267395,0.335739106986933,5.370055188508576,3.4966067546008768,0.560213218581326,0.5286061421826359]],[-113878646.46287625,-113878645.94310349,[6.463385078665681,0.19827678037055557,0.4371756083879883,4.0,0.5474092244304306,0.2401564028117742,0.4431447248404005,1.0,-0.43059198051392117,0.25346046350850937,3.3703257933023485,4.846898338471456,0.5516779376303528,0.6483521543656982]],[-114135030.42445152,-114134979.98471338,[3.584674396932194,1.0,2.1914169990529677,3.688739091558097,0.4947332035771619,0.7616199969852182,0.29194444865719305,0.5860519162229471,4.0,0.7583892590070648,6.767668439368393,3.3927313259756424,0.4896313392605167,0.41536570024406]],[-114927288.15499967,-114927287.50910747,[3.299913121078717,0.0,2.621872988983814,1.4070216252306378,0.7694705985109539,0.6133220662364919,0.28835710644037404,0.6410683189690807,0.8033453707635403,0.5644076754139467,6.343222818957782,4.745814596489503,0.5856900459967218,0.48131898546055985]],[-116230348.4507426,-116230348.4507426,[2.090040196930547,0.49895579392663064,1.5275047362701395,-1.8519318682387178,0.8398973962990961,0.29951578484529295,0.42963387540575687,0.7388701702955237,0.2362678359378671,0.6036069747191061,5.0937201927059395,4.184874600331535,0.4383398631817356,0.4671740726496465]],[-116525875.42468551,-116525857.60292137,[10.224184026492967,0.0,2.845508066671109,-0.021272729415753738,0.45696454392773056,0.33538369335574664,0.760785309505287,0.023720681680446887,0.9108662539521899,0.48118242172391734,4.186780452737575,1.1626222589906972,0.4296615384472181,0.5844821447346928]],[-117139846.40274984,-117139803.92593724,[8.277596225699915,1.0,2.7945655668370497,-2.732144575869384,0.7569055919461682,0.3720910355360369,0.2385246716488827,0.07711947991283918,2.6439681683059386,0.1,6.339903153214628,2.48299732652396,0.4204846673360142,0.5325817171708008]],[-121832575.44436143,-121832573.7486279,[5.486415664348838,0.0,0.0,1.1289176268652836,0.27865154724719005,0.8563519163407253,0.0,0.3367360864012525,-2.031763924473409,0.491201263557068,0.6226204605777514,2.3804173336966707,0.5281699839855152,0.4991057865502726]],[-122306830.16202496,-122306815.2320348,[6.403493683887479,1.0,2.2169675114415686,-0.646860725824995,0.6731228607057109,0.5131869031684477,0.5906475742210434,0.41202672172512256,-2.956137731947464,0.2499901860200373,5.236328836624686,3.6831982622691757,0.41779973044024754,0.5220680182321427]],[-122694614.96956319,-122694614.7517066,[3.04920562001012,0.7405247735569764,3.141592653589793,0.8796429436385425,0.39564249840708676,0.5587443080243865,0.5779798556524708,0.3805376739520828,1.9635613490292578,0.6042185928554842,4.465994624972358,6.0577181601543675,0.4567001643911025,0.39303410073752654]],[-125706791.59574586,-125706791.29990655,[7.593762531071221,0.0,2.355396484732798,1.8464041560879227,0.8821229145473275,0.16107661445136745,0.3116654830278634,0.4393478814573842,-0.8000075223491507,0.7527185307090816,2.375309728227685,7.661428885614605,0.5663918296217225,0.5897523877193604]],[-127710924.97632946,-127710924.97629952,[4.3540441276707975,0.7528721620251622,3.141592653589793,0.8952697237831773,0.46255957683932236,0.5712439924209471,0.4512130812917968,0.6342241311976234,-1.0064209918592484,0.36537966857760085,2.696743685003945,3.3602005626661984,0.5222196877742983,0.4790339957540288]],[-128347539.86089589,-128347538.6689359,[10.258315815291006,1.0,2.953217452909502,-0.6142909875062028,0.5706354959253418,0.2976855989299365,1.0,0.705767488851003,-2.789312900587655,0.7141756333487377,5.627447426752196,3.5969891721967695,0.30883347260423755,0.5643715092472497]],[-131064434.40218925,-131064396.56334955,[3.340869066115358,1.0,2.492335214607132,1.0415790766233048,0.7455867776376172,0.28095108027807975,0.6899788262775697,0.16096827617940346,0.9169154292737003,0.1,6.147789937114181,3.9625093007949928,0.39021558027776554,0.685760156067626]],[-131699651.44294155,-131699638.92637396,[3.116347203204245,0.0,2.320648974554679,-0.7626508856743311,0.6717111326014487,0.5661981398303093,0.3056572034501783,0.21469338012676448,1.650365308299333,0.12661503785311068,3.053640173582098,6.5719097664012,0.5078368694409349,0.47877010037065393]],[-133109725.46496713,-133109668.45979202,[1.9772404536671466,0.3629556826366931,1.6920663491495136,0.060674987184513945,0.675526800380272,0.5706001969947139,0.6115665375440099,0.16752240571425792,1.2371514713365233,0.17596659481171623,7.545349402823998,3.9657394796390175,0.5680072723863139,0.5586953967678224]],[-133177313.50427768,-133177313.4984175,[2.3519901634968936,0.8824427583184082,2.4175751549894473,-0.1494534683501454,0.6963795542776092,0.48122917192514303,0.6966870374739349,0.5727628509022552,1.3043545369589737,0.5215765260548204,4.385350948326364,0.0,0.5333427753184443,0.529051791608589]],[-135055441.329862,-135055441.329862,[3.620767716520028,0.1405481860670133,1.296233334129888,-1.5898344477386916,0.47285816677693787,0.6300473286605723,0.6488456646383454,0.6020319787409152,2.100425689742929,0.5378043821396796,4.454025229136594,1.2614944219323445,0.4451675691814042,0.42517376414387753]],[-135956715.0891239,-135956715.08788413,[1.5730671495960182,0.6666203949044303,0.2477337716564958,-0.17917036082379717,0.44074778308434415,0.350213302799094,0.31231429343202166,0.6630056213034398,0.2529351933059847,0.9,6.9074573013283445,3.757053100642036,0.34103646561887435,0.40428974449857163]],[-136663410.72099572,-136663399.01645172,[3.8738337521031108,0.0,1.3928921933025842,-2.4735751564386366,0.07947726632052432,0.4462673461156952,0.22013781325930293,0.0,1.4392748300654055,0.43545929391949223,3.0911814199462087,6.804454790966129,0.448586205457912,0.58144862018751]],[-137781473.04025996,-137781461.3409589,[1.3371305673135891,1.0,0.0,-1.0894095278658584,0.5539122882366526,0.28122456951810293,0.37293930582391605,0.4671090054022834,3.826791091571457,0.29882478829833947,2.6954415875090567,5.624236360897001,0.37783192372399976,0.49404000607962334]],[-138226555.30021837,-138226555.28649712,[5.728294748392844,0.29484047800607627,0.0,2.595449906471294,0.33551846645102323,0.3571304989313123,0.693347748725037,0.704759313367257,0.7953391974363442,0.6265557879888966,5.982204812916955,2.666454713209929,0.6063014611631974,0.643727545095311]],[-138458767.1715091,-138458752.57770276,[5.629288383297076,0.0,0.71435463373101,-2.23235195254824,0.4447209038113996,0.3720021676138052,0.0,0.39988760972743287,3.1714382584384726,0.9,3.0096412903107335,3.343474383077742,0.2632084046699796,0.48983701358856246]],[-139632902.50305924,-139632902.03678775,[3.307086691205046,0.0,2.126147457906889,1.542035572115343,0.20897046282801646,0.7447224655221825,0.395650793138353,0.7719789930723031,2.453098835742816,0.6904872004972664,5.496061161699604,1.3468332600599853,0.44846382273414664,0.5192362380741481]],[-139810783.69182187,-139810779.53283036,[5.356899718946619,0.0,2.261600058196363,0.9630118524969015,0.3257293445521864,0.5459500232496828,0.5868619726103662,0.13619387419828177,2.851015140818939,0.8712754836732508,1.8775447037507025,4.832646590421199,0.45544644080668434,0.4630634831124367]],[-139984855.76307636,-139984852.96562004,[7.523640115208302,0.0,1.924713685673118,-0.39709809313300176,0.2071422343096948,0.6703517635809771,0.0,0.669606557648843,-2.604142148349958,0.2751572091430107,4.915145434722497,1.0884354592108973,0.4013487842206859,0.4304821494797825]],[-140230786.1919352,-140230785.74908817,[6.096466690104745,0.07057841892750943,0.20901520490259284,2.3094068905623297,0.4981753866049638,1.0,0.08253632177904674,0.8802040579418613,0.8278403188015984,0.59919710986478,3.125845285577473,2.8906560088219235,0.42145575770395693,0.5624442605795739]],[-141118504.89814728,-141118504.36303914,[4.03422555203443,0.0,0.6859502400257937,1.1149349452078807,0.7035734499309072,1.0,0.716601561297563,0.4597407011687484,-0.3065027250956451,0.4390545045939908,8.726824325537674,3.4259844318289803,0.37681082212104533,0.49972199123002914]],[-141649159.11599237,-141649159.11599237,[2.8475639193595477,0.30863804371686665,0.13248717375846364,1.583019758607735,0.24219434459194594,0.7423242200953049,0.5964174621094658,0.3477604448144425,2.0843848913908696,0.2614029704334862,4.678957061442608,3.1703785943055465,0.40714521020706457,0.5617735457330293]],[-142019457.69312838,-142019457.4513116,[2.08896725147405,1.0,0.7425781899409644,0.3413426360003227,0.2618604924043294,0.5271568270554123,0.8830651459683081,0.6871250938514611,0.3179148565012879,0.6336116417969931,4.125742014957481,3.637564244693989,0.44348070609303314,0.49986001061108387]],[-143629552.45248395,-143629552.17964888,[8.069169526315722,0.914865073256147,2.5650569552566767,0.31517217177686285,0.7462201607624273,0.6146666511981249,0.3788515870823721,0.9283076666902528,0.6311881632022703,0.429461218992202,1.5543554520154608,0.0,0.28546599078757706,0.46524122314877414]],[-144108905.9954327,-144108903.80433524,[4.84696917915936,1.0,1.7049984460249565,-2.3108037852720895,0.3556537110590071,0.6711353668197952,0.4606735888708842,0.9752695880016792,0.6818043266603824,0.5519407389839018,4.532844482026776,3.6648017319443635,0.584692654367627,0.3825145504113988]],[-145580639.69715786,-145580639.56255186,[8.318508969058282,0.0,1.327360646516607,-1.4602246843849935,0.5672611865469408,0.6140986290561299,0.7435316866107684,0.6491804362105716,-1.7974978599639755,0.4294063131989346,6.224402078509605,5.1253486283853285,0.5238077143645761,0.48825282653898183]],[-145713989.40927774,-145713988.4053372,[4.1170211603255655,1.0,0.03592420647475314,-2.0808829196325855,0.26850424803678,0.4720886753439724,0.6176106223637813,0.3951948011890373,0.8711216914918702,0.5478854153336559,0.0,4.488112698112304,0.49250783143949317,0.5713670768392101]],[-145715134.14809692,-145715133.95024395,[5.6757759837382675,1.0,3.0233680018163294,0.061302204991388526,0.5328799675937987,0.5913883084380849,0.2929891865502874,0.5923808187276997,-1.04116936116776,0.1,5.748177403747411,1.3233808364639525,0.6584002720854906,0.5521644635211542]],[-149439393.82331273,-149439393.80530304,[7.34838008828717,0.0,2.3384235314952706,2.1645349710342963,0.5602878850272577,0.6468742741978728,0.6768216055942391,0.3485641280238414,0.8938314271514425,0.6259242282260192,6.159976773827385,6.1465815646925845,0.4596562834897959,0.6302529676879419]],[-150057353.8412608,-150057352.4189819,[3.81050057595706,1.0,1.1957960511190617,-2.033828676385445,0.42058934129850833,0.7189197388322529,0.5762957612799878,0.30913541054554566,-1.0188571601688996,0.21563044764059935,4.859537868426583,2.756712863070211,0.5805248933886669,0.4303810334658353]],[-150477984.0030919,-150477981.48615426,[6.976991775843057,0.691650706737784,3.141592653589793,-2.34488339754157,0.38335058388258564,0.3906755143278057,0.6076988082457707,0.9365652186531287,0.6386181301476983,0.9,3.8059955223863993,4.754100119658108,0.3517700339561882,0.57667328573145]],[-150946695.308352,-150946695.308352,[4.458800441563646,0.9919823565278638,1.967075258688591,-1.8805825592996122,0.7879479519023856,0.6027480975794265,0.5215617189286308,0.23815148024275262,-0.16359306755213868,0.718001489100595,0.8942797413178356,2.301136719073189,0.4959321850749615,0.4821582386124891]],[-151275694.68567201,-151275694.57528973,[0.7652494790082196,1.0,1.2638242975071479,-0.18468629785517549,0.6860255528856283,0.1360392412237263,0.6458274664251212,0.5309739144608969,1.7659271206691445,0.599521615239668,2.9593293443054565,4.34219306550376,0.5035903913810955,0.6416716205140099]],[-151935144.82765868,-151935143.63277137,[6.4048308179787865,1.0,0.5886180247879588,-3.1864512502758493,0.9377054896180124,0.3891817735875546,0.7210555919534108,0.7476587162491796,0.37701635845666526,0.4432074764971071,0.7652732025715805,0.0,0.5476371150683746,0.6320082994401274]],[-157067909.7773462,-157067908.66425848,[2.3319910251116474,0.03189398056253612,0.9656042748854642,-2.1822618892325494,0.5617718615483543,0.5768121546984132,0.9172647978255848,0.3534152668232823,-1.1454468140231027,0.9,3.3362614690574697,6.927447774196574,0.42038619249043896,0.4730862296016139]],[-161067784.57781577,-161067784.49432075,[6.223862843064583,0.4354657786876972,1.2313431537811947,-0.7537018154579558,0.7899188352656401,0.6408360646484773,0.6891817012176507,0.8531903386858413,2.0937362324583653,0.8487810207815223,2.385051527993886,4.782232107057403,0.31938108076565475,0.4399026659629407]],[-162381322.061578,-162381319.07825232,[8.646642028289119,0.21392230435571674,0.9326818518021717,0.35005695411603965,0.6812879396186086,0.6852234221438827,0.4809233285737217,0.8189444391362013,1.6549078176555851,0.453767227807123,1.5880874657125719,5.142636590300858,0.4973262508941147,0.6452320857605803]],[-167287813.9238046,-167287813.11475265,[2.1453557603962596,1.0,1.0146703366426384,2.144164624873416,0.5487587383863368,1.0,0.7961802861431804,0.7665132386808339,1.1208476687975981,0.6736326272996715,2.1052376640589756,4.582213483979901,0.6007151889909522,0.5789380002127491]],[-168193192.44381943,-168193192.02691615,[11.96069679507249,0.0,3.141592653589793,-2.4217665018419305,0.5825604888752504,0.5657352648954516,0.07342025602658414,0.692200249702073,0.18602286942299912,0.20185133171135888,3.891797892681323,2.587340231948822,0.3458605559785146,0.6257094796949182]],[-168816555.94750485,-168816531.25479758,[8.686672160484633,0.0,0.1923872538160427,0.4314759376429983,0.4934233183155722,0.499043324456964,0.20169131535400903,0.0,3.888374709001785,0.4317515931121242,4.149220954905017,2.6979686510059944,0.3463711678055127,0.6256445151344635]],[-172035291.6120715,-172035291.60750985,[8.467859609047085,0.0,0.12092015984064242,-1.6392261581972574,0.05238232926173447,0.5344463437640362,0.6515565205517122,0.6958310134723542,-1.3164857071983103,0.786600071204055,6.750681947378236,4.7391970770377725,0.6569213817403617,0.2985556911717224]],[-176942559.98154232,-176942559.2726785,[3.250315290184205,0.0,1.159037876517986,-2.414607052867792,0.12602351727031702,0.7112547200577986,0.47154339838228293,0.4589584264939729,1.026736512089315,0.5154126407514433,4.52852491587956,4.335004118596624,0.38344513375906886,0.4741245674954842]],[-177320892.04116663,-177320891.54732376,[0.9551205504237501,0.0,2.1497536774796657,-1.837802295558196,0.5999089441764868,0.3230394168463261,0.4755196157408385,0.5344999279456605,2.4522624823307066,0.9,6.6654214568931724,8.26499836926656,0.437054791257771,0.42522912458737194]],[-178193063.7453316,-178193014.75080457,[7.6233588511786365,0.0,3.141592653589793,1.3884103442341673,0.8451663163893601,0.0,0.9088218436631714,1.0,-4.0,0.6663080102937051,5.050649401842485,6.453828073840004,0.49859473214105987,0.6893993055033565]],[-180180305.2789998,-180180304.32648838,[3.344014322984455,1.0,0.0,-0.6276286255236174,0.355115516231979,0.732672663459605,0.25262301425765105,0.577903029343051,0.5208235202835073,0.7682699017261545,3.1784280181794724,5.637169039798517,0.6371173858362121,0.3875548634006392]],[-183045246.8530193,-183045245.94092834,[0.7175093212617094,0.8228157605636318,3.141592653589793,-1.783223135003958,0.41004622463260365,0.5074296757943909,0.7068263178366152,0.1903973348504977,-1.0318127635903651,0.4677959607248426,2.0269612225846116,2.699672722730476,0.4568262950248045,0.56861608249186]],[-189094394.83872345,-189094394.72029877,[8.649577309802474,0.0,2.5228762178307687,0.38829455155554077,0.8636180857529774,0.7692446263056025,0.5819215986219093,0.4481753926406942,-0.018001364492268628,0.598793873487039,5.442393914827893,3.1155860837608778,0.5111930743522335,0.5295746783319945]],[-194265073.57734513,-194265073.57734513,[2.4638340872784728,0.571509832255523,1.3339681364644436,-1.8423696623154497,0.12670043000710923,0.6095883403941391,0.5233153540417577,0.49014338914808364,-0.40353652463258305,0.5605316964799121,5.620884737252053,2.952800836696319,0.5255669493162609,0.6688269869012503]],[-206410805.52872643,-206410805.0587604,[9.091767314179279,1.0,1.0668045191731284,0.477454535306601,0.471680200186773,0.7398084623251759,0.4501185296311968,0.42376819509640706,-1.0348395530349255,0.4107352269889736,3.153055183222437,3.074021836216312,0.3510929621734876,0.6188780404947121]],[-220712256.75185686,-220712226.25138414,[5.15747268759634,1.0,3.141592653589793,0.082208708355931,0.5145703994059158,0.7219315486212776,0.25774493350162453,0.26762663805241005,-1.6354165317589024,0.6363539806934386,0.0,5.1531730914718,0.46903995624187544,0.5675174580613589]],[-224152480.56423846,-224152460.28637177,[0.0,0.9192169512257136,0.0,-0.6693437559616259,0.321890434266597,0.38151867196551237,0.44919661576496184,0.23890230556396896,-0.8321190912439537,0.1,4.233662617655953,4.1933210140849475,0.49294936543244167,0.4451342175114831]],[-231712070.49697646,-231712068.0225494,[7.772786433657286,1.0,1.7789226855213767,-0.07036291776286648,0.525527306517255,0.6825703318137133,0.0,0.33288865313821653,0.5104921709112793,0.37868274458446527,1.218465123333342,4.225281423162768,0.31033997985677897,0.6648780768385062]],[-245575649.5919877,-245575649.5815717,[3.955670028146446,1.0,1.8494423583184303,-4.0,0.6982554891940299,0.7603021742006492,0.2892813119938309,0.4289430863000142,0.12051516404616136,0.6127098422333722,4.304190917993608,4.2307011109775425,0.5018571392816275,0.6351768338075059]],[-245695300.11581066,-245695299.91663504,[7.924469630623965,1.0,1.6309687790263645,0.3679265756190081,0.8534606877550305,0.7146027444493086,0.6415016027762197,0.9342877321140695,0.46725731310828755,0.6539788898789073,4.705807089730897,5.256711970399685,0.6461075287970414,0.5649837804474377]],[-245824293.19118333,-245824293.19118333,[6.729282964384829,0.20439925677429016,1.2502784909668792,-0.04016462272410679,0.31793858408206715,0.8629084831174547,0.7568121894039711,0.6299744425815599,1.820796469320745,0.6440577420190219,1.3968961870667567,1.4324568921811545,0.5376599592815401,0.5825879102379845]],[-247680303.702922,-247680301.67350602,[4.271993802832967,0.0,3.141592653589793,-0.740930933953886,0.7688407146582956,1.0,0.2052846541105886,0.47075452330585404,0.1436739232303793,0.4963928972380132,3.022399432916955,3.358797694465841,0.4938906040676186,0.31089927227482583]],[-255250104.75405475,-255250104.67602658,[2.2342569986433696,0.7914566475463511,3.0668734326936864,0.495877553757324,1.0,0.8869779798816624,0.9905219240272989,0.7188702437599931,1.8137458239421862,0.3044756180604986,0.8913536641091109,6.424924596584661,0.5282171397809661,0.4967209340884881]],[-303926326.8514135,-303926325.5447447,[0.0,0.0,3.141592653589793,0.34725921083696837,0.3205085578090424,0.41711524540081496,0.3858525162046428,0.7134652596016758,0.49556622500291725,0.5504608997502635,4.106053566998264,5.787258810392554,0.6790452371231439,0.62887201297584]],[-494658583.227874,-494658577.9579688,[0.0,0.0,1.3497937550380876,-0.5972858975849342,0.398706481411805,0.9067357059435543,0.6995239386091734,0.7618896127725536,1.166639412494965,0.7298331847371365,8.429109252930786,4.05063734821069,0.44831389765403873,0.45408278035032523]]],[5.48702234814929,0.44589205720489233,1.555045983236021,0.050236279263244386,0.48752033124487615,0.3064989639620263,0.5673027818490883,0.4826736456495567,-0.28859189775271615,0.3347073166471509,4.6995618480663435,4.118560719720679,0.5539902409242078,0.4207895700736809],[23.826184025167542,3.5990752482547537,9.225007471071617,9.08997165833792,0.2639108202400078,0.2483004750642916,0.24447729686312003,0.24229410108687446,8.700428551804858,0.25040693606954295,16.135597681271115,15.645812154702863,0.04186692509446124,0.04060119315592865],[[23.826184025167542,-0.010104141534321046,-0.4072707688852507,-0.40713148354758805,0.0785687232666427,-0.015379549434679445,-0.07260116679906337,-0.00348449057282219,0.014464998528027163,0.006266173987649722,0.019226129341497988,-0.33590902874446404,-0.011262530053554877,-0.015886763703141363],[-0.010104141534321046,3.5990752482547537,0.05504083278163585,0.09977476604678732,0.020941845691692166,-0.0072750831111893215,0.0036543821377770136,0.010079535087067985,0.03985384520079332,0.0027953537413205613,0.0293195128208037,-0.07916239920129518,0.0020617149744278102,0.004962452547259275],[-0.4072707688852507,0.05504083278163585,9.225007471071617,0.12330082244852593,0.025086994862982614,-0.024404139204122592,0.01627084704016273,0.018839059178417873,0.06338919928320554,-0.005079166257919382,-0.00116404526776688,0.021626453778699553,0.005916346620717565,0.00946540745437893],[-0.40713148354758805,0.09977476604678732,0.12330082244852593,9.08997165833792,0.017163817520494475,-0.02993051207128413,0.04222461463057253,0.003259067971254613,-0.31110297427809536,-0.050494885030822244,0.1517435617633723,0.19786097042239925,0.024439127607418027,-0.0019814377851836026],[0.0785687232666427,0.020941845691692166,0.025086994862982614,0.017163817520494475,0.2639108202400078,0.003030349801186311,-0.010581106211552898,0.019719513652576473,0.06318031239540717,-0.010452699780184557,0.05677133082717304,0.029183949784295227,0.0015807770202673687,0.0006373082136956697],[-0.015379549434679445,-0.0072750831111893215,-0.024404139204122592,-0.02993051207128413,0.003030349801186311,0.2483004750642916,-0.008111028505086085,0.0010554693906704448,0.031034238190015967,0.015719032058062247,-0.08126756437489095,-0.022194537101923713,-0.004495742082540584,0.005281942065880967],[-0.07260116679906337,0.0036543821377770136,0.01627084704016273,0.04222461463057253,-0.010581106211552898,-0.008111028505086085,0.24447729686312003,-0.0020836106898281122,-0.07723713095292188,-0.0012022189327373486,-0.007393982508165801,-0.04323612362237959,0.001410654201476727,-0.0024128634443079597],[-0.00348449057282219,0.010079535087067985,0.018839059178417873,0.003259067971254613,0.019719513652576473,0.0010554693906704448,-0.0020836106898281122,0.24229410108687446,0.03881230043524378,-0.003161183907173942,0.041500504926630384,0.013951393387065922,0.00015615401207656697,0.00024548579536475874],[0.014464998528027163,0.03985384520079332,0.06338919928320554,-0.31110297427809536,0.06318031239540717,0.031034238190015967,-0.07723713095292188,0.03881230043524378,8.700428551804858,-0.0003919914818283783,-0.15807165422720357,0.24010111979955326,-0.0036494530397464626,0.012237259095522231],[0.006266173987649722,0.0027953537413205613,-0.005079166257919382,-0.050494885030822244,-0.010452699780184557,0.015719032058062247,-0.0012022189327373486,-0.003161183907173942,-0.0003919914818283783,0.25040693606954295,-0.09546410184833193,-0.06901957536247247,-0.006976497211434326,0.005077500793080334],[0.019226129341497988,0.0293195128208037,-0.00116404526776688,0.1517435617633723,0.05677133082717304,-0.08126756437489095,-0.007393982508165801,0.041500504926630384,-0.15807165422720357,-0.09546410184833193,16.135597681271115,-0.025571331053239894,0.013075405717691257,-0.04905588968760347],[-0.33590902874446404,-0.07916239920129518,0.021626453778699553,0.19786097042239925,0.029183949784295227,-0.022194537101923713,-0.04323612362237959,0.013951393387065922,0.24010111979955326,-0.06901957536247247,-0.025571331053239894,15.645812154702863,0.0038637614996038395,-0.0039674930543783056],[-0.011262530053554877,0.0020617149744278102,0.005916346620717565,0.024439127607418027,0.0015807770202673687,-0.004495742082540584,0.001410654201476727,0.00015615401207656697,-0.0036494530397464626,-0.006976497211434326,0.013075405717691257,0.0038637614996038395,0.04186692509446124,-0.0024492474858891],[-0.015886763703141363,0.004962452547259275,0.00946540745437893,-0.0019814377851836026,0.0006373082136956697,0.005281942065880967,-0.0024128634443079597,0.00024548579536475874,0.012237259095522231,0.005077500793080334,-0.04905588968760347,-0.0039674930543783056,-0.0024492474858891,0.04060119315592865]],0.5955770651957498,[[0.0],[0.0],[0.0],[0.0],[0.0],[0.0],[0.0],[0.0],[0.0],[0.0],[0.0],[0.0],[0.0],[0.0]],[[0.7377906312738712],[-0.20492043857654754],[-0.037974705005083535],[0.12683831426943798],[-0.18905462395966283],[-2.931349086404609],[1.0195705001139999],[-0.2624771114193252],[-0.7286469133384728],[-2.504020475842068],[1.3247086593184723],[0.22450968774688984],[2.044746718783487],[-2.9998989430819467]],1,100,-48444617.02630009,-48444616.87589663,[5.869248800403133,0.7074536154540578,1.7147337766698199,0.5100697330474907,1.0,0.260701296853622,0.2940408172727742,0.791504105331297,0.9577196473342551,0.13489901687917483,6.541483122933714,5.525643456553979,0.662703238618658,0.34834540073713305]]
