["generation","mean","variance","covariance","_sigma","_p_c","_p_sigma","iteration","num_evaluations","best_score","best_evaluation","best_solution"]
[[[-36098252.81109574,-36098252.73400426,[8.21937789206924,0.13446964648362636,3.141592653589793,-0.4044267157484747,0.32733907570085397,0.2887347161753596,0.6054998622754334,0.6188501149247362,0.7870916977068139,0.14760133620405658,4.650964628723158,3.2138341282847542,0.47960931172475485,0.42526162363199715]],[-39125630.72485141,-39125628.97175789,[7.539279562028974,0.0,0.0,2.7126326161607084,0.44355608906544974,0.2932418080423509,0.7303142312987144,0.5007817928982436,-1.0854790483249082,0.2884039627343826,5.154050565841651,3.302322896215708,0.5030177895609005,0.4229118741249783]],[-46569632.55175175,-46569560.617067575,[5.167112326579387,0.6892963866214497,1.2063610231776476,1.4934226253260887,0.34853977615386816,0.3703957178087176,0.6966332263483124,0.8557673207754836,-4.0,0.27473655729369273,4.321946058686307,8.22260232823695,0.3260562545165752,0.38337019333659184]],[-48271600.33972781,-48271598.87834656,[3.08842721723725,0.5554885285390038,0.0,0.6486310987176573,0.7998687656245933,0.0,0.6166321028263608,0.4170271528218026,-0.8844339038143756,0.1,5.113697806098797,0.0,0.584347367392117,0.5556225824762997]],[-54312206.89831143,-54312192.07214725,[8.839096441604111,1.0,0.8773296576034918,-0.2515401876369865,0.7837083050995034,0.2981905134872865,0.6317932535111975,0.907026204708276,-0.9578024761904511,0.1,6.060180129422196,3.838686560374583,0.5077944459894205,0.5123967462536085]],[-55342993.6872727,-55342977.767199755,[5.190495284371677,0.26672971183150807,0.0,2.6910661485985363,0.8526404379200556,0.5454219977937765,0.5532223392792844,0.41201673552419343,3.835326405395307,0.5041770220422004,3.8519143657086037,1.2365246094990936,0.6092069703083581,0.3987202104610842]],[-55644995.52948367,-55644994.24197829,[3.065124749803181,1.0,0.00010563368895577518,0.08031824922130329,0.43904635404584724,0.23421280135595396,1.0,0.4188032045905304,-1.602314745709537,0.211051175059275,5.319498602467883,0.7157085409245019,0.4620917999714092,0.529181433640862]],[-55873088.64551425,-55873088.64551425,[5.241210854335424,0.21445296256517016,0.8472869471393021,-0.5335442316278387,0.07948407194970492,0.3578745173061538,0.5374733660059218,0.5503249538690335,-1.2360921363508268,0.5907490153438413,3.452185259185798,2.549824099331781,0.6093026612761692,0.4097605041428612]],[-56388383.51978038,-56388364.93821597,[5.671800587648458,0.7925693563120164,3.141592653589793,2.468669099692648,0.7661381704818181,0.8278209034343353,1.0,0.3411261721715836,0.46850872025099766,0.1,4.038842027337544,0.0,0.5835122686504142,0.4709218072956191]],[-58383809.43321663,-58383809.43321663,[7.4204433078942245,0.49326894644244645,1.404417869557785,2.1554073552374744,0.3662674827382155,0.9477578703401446,0.3733676934679461,0.34371825803173284,-0.15582989675232362,0.16602623836731328,1.443762368152191,3.6354705580889135,0.5019880403817553,0.42928086746543537]],[-58654428.39651565,-58654428.32673073,[7.519157472246047,0.8380316211627467,0.3314484693512485,-1.8351338788939509,0.3110303689477891,0.0,0.839107825950904,0.7020303049675022,-0.45104418350036557,0.6992330111632508,1.045940401015832,6.40587147331293,0.5444387069423783,0.4244759090852439]],[-60996072.07778086,-60996069.836661994,[4.953457804547046,0.0,0.0,1.729870898904319,0.8204188582240199,0.11117933303204314,0.3659990856699391,0.6275349901450249,1.737076924365259,0.3170935466096462,1.9447671740537804,2.045894585144822,0.5445807414207332,0.595842726469519]],[-62198732.29175376,-62198732.13352907,[10.000951822557626,1.0,0.47937159409597063,-0.6844383998076211,0.27571351160303337,0.2984375474481702,0.48677453332925336,0.8433371415364729,2.0757466285742385,0.5670687669568227,2.1684011610804363,5.141562728222855,0.3655609889343123,0.4735288723847943]],[-63834705.0052796,-63834703.95763868,[4.203640195121359,1.0,0.35954859612421086,-1.309479981162607,0.3761681821072192,0.161433252975423,0.9545671075439562,0.5525457211076005,0.7181193370531452,0.7620373781821458,2.929085970708024,3.2122358494184433,0.5626744717029722,0.44050908647124165]],[-66017061.485315435,-66017045.733582914,[1.6276579451802236,1.0,1.1390254705750118,0.3880057994004413,0.8005037276314474,0.11363555596685282,0.4138949164335426,0.03710886295234489,1.1816946120698066,0.3196908044837108,3.584495887905862,3.0960990031585425,0.430369558115403,0.5230168774545672]],[-69633216.91332513,-69633207.79812151,[2.204191692280772,0.0,3.141592653589793,1.9680317756541004,0.18793850463957795,0.39288809982788725,0.3787160657451952,0.48095132857217315,-0.07627655443377224,0.4581755201122082,5.807114254064899,1.9005163256415343,0.49067214703126005,0.3699897071882441]],[-69768472.71171892,-69768439.9184826,[1.3442305865158612,0.22513206641940198,3.141592653589793,-1.160889866177847,0.42854938187298997,0.052446169160635936,0.28497717692266983,0.0,0.6284873579175676,0.43819148604105534,5.495488533309102,5.236613201472267,0.5096992116555368,0.6057345222892685]],[-69916398.27705659,-69916398.2569977,[5.860450675208751,0.0,0.4795146364110392,-0.2845149353261644,0.5643740149233868,0.3974254351312093,0.4794957008553617,0.26323326108701234,-1.0846645082284438,0.4742669631559661,3.1783497435170243,3.2453151502901747,0.4402953545765893,0.5051394014638934]],[-72948598.58093527,-72948578.07282388,[5.135203917473018,0.2397618255151005,1.0437100109404562,1.8208233121659343,0.30102651724701945,0.9720740548867499,0.20670184647840117,0.5838026143517473,2.083357189652635,0.1,4.401800649653361,2.7045774829479168,0.5883628326550072,0.5201247371398936]],[-74120281.18332894,-74120280.84235275,[6.681687865290463,0.8244719377660759,1.2764302432016235,-1.6376053768789354,0.4228959783241215,0.5479668967238285,0.4722300837168704,0.47361389768278156,1.7513048171190748,0.4416733136160816,3.9727811642443798,0.0,0.58426709834335,0.38636487906783823]],[-74333754.2325529,-74333732.17005122,[5.456720370617923,0.0,1.13996432876111,-0.0004950888742237033,0.5568747834599954,0.3397945282871796,0.633094858591325,0.0,-0.5358392265216336,0.13776265211429756,4.594309661107119,0.8540382838879603,0.5806200772934631,0.6899493787138502]],[-74541819.40056866,-74541818.40389037,[9.1660786359174,1.0,3.08486501120749,0.7049483920949562,0.5077245894853996,0.4841675807428087,0.2984607075423015,0.7850864273176789,1.3805042135013101,0.2143544224335472,6.102420662613717,1.0364475199820005,0.5460324830068511,0.48931926212991356]],[-75466536.57316753,-75466536.57006776,[4.541724842512641,1.0,0.21487597838977845,-2.084470584274223,0.7457322313829176,0.5267331213845723,0.46290102204325884,0.46173941309218214,-0.9815975530322265,0.6358062534053605,3.7952565171314596,2.5761512792283803,0.5454161156756805,0.36932059922118954]],[-76778291.80464171,-76778290.94527936,[4.04404251104212,0.0,1.7276402026704487,1.0637813341058653,0.41470864748509906,1.0,0.7004176357981875,0.75220643632676,3.543433830827069,0.2632707833681087,3.2353729358866032,4.726424415025517,0.33803601699254726,0.3569663502790468]],[-77941477.76573618,-77941477.31082022,[4.63796388607866,1.0,2.031909095436149,0.4633994175255444,0.0,0.28729819205033225,0.31053708554486775,0.3484307902433318,-1.0076721402012545,0.9,3.9736968742820786,3.268949375818453,0.6657272598739501,0.41815983541380636]],[-78158821.59556255,-78158821.46764362,[6.617737844827673,0.0,3.141592653589793,0.20285792306200928,0.7428573310188096,0.402703942457558,0.44043312700588,0.5964793983109492,0.18519088555833213,0.6922943926615073,6.0386445882826365,6.311438372458791,0.4565004023772841,0.47214416933243014]],[-78225288.47804894,-78225288.15628022,[6.2888340930690125,1.0,0.0,2.2355054139063193,0.3011795803026625,0.5958783158533537,0.23634494813500834,0.4956827974176207,0.822914186232032,0.5984882486948893,7.199888297682106,2.1816658420840818,0.5668294741182301,0.5074330080283945]],[-78777414.7624058,-78777369.42696565,[7.298004795693677,0.0022496833935342075,0.0,1.5675682647053422,0.23657590536792567,0.18236644873761465,0.18208735918191815,0.14094004708229396,-1.6882420005646517,0.4792990388232351,2.013768380989549,6.5176227861478155,0.4712388380783528,0.6582529764797103]],[-79299555.75459881,-79299489.9987365,[6.543050219143781,0.0,1.939301123887755,1.0292910671406807,0.3467382747420122,0.028161150683691627,0.9065716556419293,0.2958517259606698,0.8175272593591858,0.39923517833851435,8.061474914698127,3.563603051589858,0.6573972738285695,0.7369577393678842]],[-79559133.35381031,-79559123.69392633,[8.724323767525384,0.15535732813246111,0.5744661486846104,1.9836265489055815,0.1873256146786615,0.5030114433942102,0.022819812578770138,0.6364653609491993,2.8565463990554845,0.8283409678049665,2.358633194235091,3.7214731862321293,0.39163040693229756,0.4344920932954923]],[-79835977.20947261,-79835971.87217194,[3.273065146654907,0.0,0.0,1.2028148604213889,0.5832184104910062,0.24344763515425177,0.4660861625292105,0.3520521128859209,-0.34400706295424743,0.44116542110336515,2.8319349436487586,4.633041870466174,0.25161744958304166,0.5109597556645864]],[-80015203.78369038,-80015201.855237,[3.3316294284514116,0.0,0.2160593555583714,0.3494983451502911,0.2664661383927228,0.5954916418326485,0.17273258084964876,0.2539506656773639,0.5156576630048735,0.24276911721192374,0.0,2.933441116832406,0.49283958361987834,0.3758074263012763]],[-80456866.47435503,-80456848.27208042,[4.703612215489835,0.0,2.5665134568104766,-0.22630722038322926,0.09943972957528963,0.5373586606962771,0.9272173044911742,0.14699685145116687,0.765513744661862,0.1,4.139351996186222,2.2334142327068216,0.422089089824801,0.42865918974831047]],[-80522425.04971494,-80522422.47183895,[4.465069159545228,0.0,2.537542305974478,-0.06833037050820956,0.46935009594626786,0.4529087106757836,0.3654860746461214,0.8966993562451154,1.2321370870169555,0.7574280669781561,0.0,3.6460183247404205,0.5120157384845161,0.3799689765378516]],[-81697852.67085505,-81697851.59440303,[7.562150616761141,1.0,0.3401651815364235,0.4839419283094875,0.536770380099325,0.37433068689776555,0.27066998958441235,0.4483174403859382,1.074577487662868,0.7349537853325256,0.0,1.1284717537267155,0.6421662042028459,0.4932681368308584]],[-82411677.10522215,-82411676.17927063,[5.445823898390229,1.0,2.1691088391461544,-0.9790122354614037,0.1473124618208249,0.08299079202270493,0.8216611262366296,0.30501409204080243,-1.778243783539641,0.617026998335009,4.925189102513923,5.546075716611532,0.36019528368672415,0.6001989032749729]],[-83614704.9030903,-83614704.35194463,[4.20561860429072,1.0,1.3683112875849646,1.9607602568721094,0.5619747428252114,0.2905342365558267,0.6541607053154593,0.38242596004014534,1.2323069672147788,0.9,4.9115819984929665,3.0522256439400333,0.542099453063707,0.4918559654499441]],[-84910542.65272051,-84910525.87494063,[8.342251144963814,0.7424178318948862,1.6643858707538515,-0.9153226597774092,0.3281447525535643,0.5383849177588929,0.39991795652832235,0.3099039726232147,-2.1893134338229947,0.4727235797277756,1.7526321526244404,4.40413736602716,0.39528555563008716,0.38848523636673993]],[-86499003.08019672,-86499002.89069831,[7.543477156396049,0.0,2.047040699078925,3.3006496863676356,0.5824480212266726,0.5766593727044274,0.42171667247584765,0.3554629619605787,0.6071341107694225,0.15965853379651462,2.9635776654573567,4.296389688863625,0.5268421146598284,0.6788115030852323]],[-86850202.70232117,-86850202.70232117,[5.529028852071034,0.7954648779343108,0.15422772534508944,1.2576287783971245,0.22389228748910966,0.5651116888933435,0.36326854962347077,0.4248194287426234,0.883106771867242,0.4108322044173516,0.6287837159120175,5.030293572189301,0.490042571788776,0.57927560364855]],[-86971394.98336497,-86971394.62887943,[5.855670895195582,0.0,2.031132876972259,-2.7044007495577147,0.43597829073749617,0.504789206830711,0.2781465349055142,0.8889027758835764,0.2240911073410122,0.23075467451615972,2.591043120404459,6.47529386295675,0.5525042945542875,0.5915380622718315]],[-87024668.84255405,-87024668.83662337,[5.14534346987357,1.0,1.4990282168064628,-0.3354513424524881,0.5760239540146308,0.4024790733023016,0.5026041698330806,0.46203713841354677,0.5507317164637133,0.3676577471314394,1.3900886829594996,0.6638823988197644,0.27502876938028487,0.5363358011248754]],[-92193404.53185153,-92193391.3881967,[3.6609657978159444,0.028474749621326123,3.141592653589793,0.4163453437921071,0.804350109109418,0.4459384502504066,0.4262620488406107,0.05191062036501071,0.10198796096607961,0.5798954557509217,3.5424831524363585,2.095925390510644,0.6980331734841074,0.6350692423753252]],[-92644427.0322206,-92644427.0322206,[6.322995553833097,0.9234115507440188,2.874996768942723,-0.8567244096419939,0.5582026221848353,0.5131690296729274,0.4433074326052243,0.2995436489188181,-0.37586477797849993,0.5155218020059472,4.666501790701494,2.168942184156619,0.3635026632271441,0.5284326702752604]],[-93004766.70723012,-93004765.89765811,[6.816718342248533,0.0,0.9032895798469454,-0.20810322979316173,1.0,0.4937747845335469,0.4554917842084959,0.5779359640553601,0.6723663801937574,0.6250280094865553,4.541036788928549,3.015857578495773,0.5603931239982572,0.5515735738478124]],[-93059498.15918241,-93059498.0007742,[1.6185456492176922,0.0,1.6630166663366839,1.547436986131381,0.6662289648690904,0.5125733063752113,0.9912899153474944,0.7350967699483245,1.332299560446006,0.6005895590968161,0.0,3.0420570799934845,0.33421790224737896,0.3458338490673526]],[-94299782.5176469,-94299782.05974686,[2.761048314474008,0.0,0.2962407671313796,1.838175207812751,0.49278686163566365,0.790113959521336,0.23958196943323484,0.6196335748157313,2.062688088860411,0.29272365228479313,4.298837550533191,4.380139888185228,0.4224561085173745,0.5376179340700823]],[-94593910.26002443,-94593909.31699622,[2.2136167245367373,1.0,0.5193851317257254,-1.302258180115053,0.3433806830636061,0.5418918350548325,0.6444408493438897,0.3157108574250723,-1.6874976552420875,0.21989047264350653,5.329061513390012,3.260204658195687,0.4107472123619621,0.5548489996944214]],[-96122253.1504578,-96122247.99684978,[2.417445162355895,0.7191980895997201,0.0,0.490440147166054,0.5607782861618907,0.6020807068653189,0.3496858141499054,0.6898516985482723,-1.923343390857772,0.14690473468680515,3.5000229045187985,2.3926736607476977,0.549669928972895,0.5361203954178839]],[-96382257.90848057,-96382257.8146885,[4.582120876334045,1.0,1.6581476787280542,1.3555254626087023,0.4690296590673828,0.5225031785585248,0.4556964542960555,0.5130660771340468,0.5194553749627769,0.9,5.87646840341386,4.138754390421486,0.46965580236454535,0.48251827203525527]],[-98327325.9067753,-98327306.59885478,[5.285541766320554,0.0,0.0,-1.7990880579814355,0.24265522737017425,0.5522148744657697,0.747116209143044,0.3899440866056784,2.2443822019811237,0.1,4.348884554495593,6.448427444659803,0.5447190817078403,0.5712871645758502]],[-100229226.30216001,-100229225.71822351,[2.089569368064735,0.3042372013638155,0.9869164462137212,-0.0673300949076185,0.1805073894579196,0.05855376648955707,0.8803478965164859,0.3728948206985,0.27356664174172807,0.768657719540921,3.3376055553268467,3.2128740152004593,0.6628922519498189,0.6850197352013299]],[-102581132.2242055,-102581131.84062028,[3.331052974198074,1.0,0.0,1.900925818442143,0.7460564388648365,0.36351092243438454,0.5250076825827099,0.2434593690660959,0.2634883865136407,0.4220139864665564,6.958873225158645,4.0359003513306,0.5838971066455634,0.7242505646843058]],[-104255962.58782232,-104255954.60862905,[2.371456124073768,0.18606722249228025,3.141592653589793,2.4567265089994272,0.25736250579083747,0.311274473503689,0.3873975351680157,0.3731098138947878,1.472944002522313,0.2876792518147857,7.537933862898864,4.438781453236934,0.3321520546920891,0.6429058914609446]],[-104632351.81081465,-104632351.77582633,[7.1581755237536635,1.0,2.561243709451918,-0.4601406190855951,0.025866899629766127,0.6644098986005577,0.6001598799672758,0.7498707879473697,0.3183500189676103,0.367263271649401,3.112641336049302,4.204228219031823,0.5474057344590826,0.3946376186045658]],[-106007349.64124005,-106007349.25268471,[6.065243637379736,1.0,2.2561525899530372,-0.6533759747336491,0.32848129584637886,0.49063698609760154,0.19964233708965085,0.5520362792932941,1.6929140690665254,0.5224656314539063,2.266124806903872,2.6692310232376926,0.5344336122633098,0.5929607972687393]],[-107602724.51872829,-107602663.58586538,[4.352880651188277,0.0,3.141592653589793,0.6756223321818096,0.17930630429405414,0.6162225360733324,0.6110358336877245,0.9269032225692992,-2.7986467673908852,0.3799181295635776,5.058277572636089,7.6805802927102285,0.3780909937880478,0.48791706194889795]],[-107615807.0913637,-107615802.69880915,[8.973974743000763,1.0,2.1356821526157757,-0.24071591890296318,0.0,0.654500022309889,0.7480396283825187,0.5320872375600119,2.2123358132979605,0.44809707355176687,3.531458024131075,3.653683123115761,0.3987282044705306,0.3759260256045185]],[-107968478.54507548,-107968477.96315646,[6.566389104330841,0.0,2.6604177352516354,-0.41281535235600647,0.7594969413726527,0.5890856827272749,0.5925099530295654,1.0,-0.5520158953665346,0.25449978917057203,4.026456805341167,0.5361900557290764,0.3920616316251151,0.5525455648124942]],[-108311724.32298416,-108311657.13954496,[8.755941139324317,0.0,2.017965535347427,-1.3123345397960242,0.543527620413773,0.4588001692856195,0.47142909105229286,0.04169656395502219,-1.976824818752404,0.8436945997204264,4.2027241292032755,6.645455345828899,0.3796927083126409,0.554519550765016]],[-109719876.84870529,-109719876.84870529,[7.573363146179757,0.4573598736652977,1.2484917091600496,-2.7353078735916494,0.35972363118039213,0.6631250473089709,0.48470458037738146,0.43255413134240284,-1.038150773292576,0.3080821119126874,4.88100188854673,2.299525886256112,0.4763061651253117,0.43896483080879967]],[-111879810.64753565,-111879806.28585982,[7.552182977481559,0.2635353261564879,1.2665400421254012,-1.3151647214697948,0.6511917337289319,0.4222685902219028,0.6784721518610218,0.45636460047877514,-3.6219476992285164,0.6350514966996521,3.8732262946073526,1.7428997953699379,0.5816193160782421,0.6617399888242007]],[-115234509.38521229,-115234476.75341964,[3.7936336419971886,1.0,2.627134797718738,-0.054187534776463014,0.43989130045114627,0.6896626274625733,0.673668168480699,0.222299288796739,-2.2434306991958364,0.4310713104202516,1.5286337205476257,5.59043077758761,0.40177937797880936,0.42276033587053224]],[-116022799.6981283,-116022741.77520609,[2.257213553574273,0.6294951765153607,0.563269806495523,0.12617598316458994,0.0038719496219545846,0.37018084993617273,0.3746098058160767,0.051258765906972814,-1.978458759255823,0.9,5.904917072965381,4.401088269886343,0.7049339621274037,0.623027891750593]],[-118718251.37383847,-118718251.09810543,[5.866292932612314,1.0,0.7720348045257713,0.8826465711706031,0.4724865668098507,0.4647953452156911,0.7584554184075929,0.423304588510493,2.0182500197326076,0.3956982457050797,5.970089532455666,2.0919961703054506,0.35237328524314904,0.7083228157589744]],[-119511488.09584266,-119511488.09584266,[6.439291323574861,0.8819222891062526,0.5799912038333838,1.032364147908188,0.7510974201990631,0.9218394476723977,0.7044445349903034,0.6305079135008331,2.8477527014107453,0.7977032541117135,3.4565344048326843,2.2709998797763227,0.3022983067482452,0.5157379085868102]],[-122987726.08222167,-122987723.73723066,[3.427149693601663,0.8383181538981308,3.141592653589793,-2.11802656636603,0.6886803740820787,0.7195466174341099,0.4229984628602951,0.5964121664064302,0.9186476603187819,0.1,7.41299835291508,0.0,0.6283653414691229,0.4524686793920224]],[-124219680.11231221,-124219680.07121658,[4.615718738098868,0.0029061054621606353,3.0975897463154736,-1.6233845633493296,0.4622217639274801,0.5449195827215748,0.5634799186336886,0.7332533807536016,-0.17532752417662398,0.9,1.6844651605695828,2.1279207769285327,0.5499270043613933,0.5214550529954033]],[-125108293.32660641,-125108278.47238708,[7.344603602470275,1.0,0.2674396541859909,-0.8233717251824395,0.20070213120082925,0.5607223933221777,0.009766253143312031,0.29984705177868054,4.0,0.7730966486446378,1.4994995893808194,4.298942917002446,0.47697793301019803,0.4909976574232594]],[-125807512.15768206,-125807511.74811316,[6.440105319127912,1.0,3.1075200967704126,0.4091100662048125,0.2614356950136073,0.6700363071560024,0.637806461881659,0.23549339980528822,0.7506505457307285,0.43566156937893497,6.672026063622163,4.1126047175226725,0.5623842559069165,0.48222863629046325]],[-127205489.3057,-127205486.10389543,[6.551260913990266,1.0,3.141592653589793,-0.7805997811181582,0.3829116765755677,0.6246284927189149,0.2672418877657902,0.7230008874938697,-0.29511227438610477,0.5986621300225881,1.3171957106518568,3.7999890861085364,0.3752202893386427,0.5546358953171753]],[-127246177.37655757,-127246177.37480211,[6.7738489852815285,0.29428250250955523,2.1033002177401654,-1.3237001913887012,0.3035762251270506,0.6574205829626396,0.7327303030727387,0.5766724416123947,0.3213357922596246,0.5752744315787183,3.3155172694669446,5.806009538349167,0.5851239215739369,0.4096322506769159]],[-129534463.93842256,-129534462.36222959,[1.4634405285259398,0.25115724980181947,0.0,1.4760736822888967,0.7407646531896981,0.86045917518316,1.0,0.8016129103531981,-1.2511750610827193,0.5124182520083866,2.033961636484845,3.403125977771519,0.39540164482503415,0.42872757841671777]],[-130417603.42936459,-130417603.40185583,[10.446610064649063,1.0,3.141592653589793,0.0588772213269364,0.6266905309718712,0.6300397021618294,0.7115022698146465,0.5025378325983803,1.0547096511378373,0.36248625691327274,4.9165866681236015,6.95138810998152,0.45229683009636557,0.5960340744675885]],[-130626312.45563155,-130626311.53281486,[2.032945823304238,0.21586868796134134,0.6796136548867627,0.4378423430071135,0.5036952412427813,0.6374466725275911,1.0,0.6780968193535293,0.14695954484789242,0.5433529450894842,2.290018431163028,0.271763435636164,0.47286610928863015,0.5297388147751563]],[-130654812.05974647,-130654779.11295903,[7.146435452025325,1.0,3.141592653589793,-0.18576228818350085,0.1437292917037571,0.5999530398219538,0.5483507576246199,0.5459345172499365,-3.057528811574624,0.45694081333383973,5.222096303545818,5.720456271906067,0.3855297605006919,0.5518595357210954]],[-141606752.694425,-141606752.48853898,[8.123543447582868,0.0,2.85088507456997,-0.8407535688105411,0.5822170510829993,0.5919423199031487,0.5275772066080358,0.8759420810301405,1.3931032170643711,0.8936799559324118,1.3753565135219747,0.7364053382784737,0.5478406790971169,0.5967554191571229]],[-142569133.5722056,-142569127.749588,[2.9487785306731826,0.0,2.465323966612268,-0.6786927458189591,0.7800018423060542,0.7107501116232746,0.3911311146788679,0.2116178309808492,-1.4628709719499706,0.1678341739195836,2.6003258876803503,2.1136104065688617,0.5251580262164769,0.6006645059921707]],[-144836683.83747077,-144836683.32050633,[6.721707556072722,0.0,3.141592653589793,-1.119029808415965,0.49128513754427056,0.5323239306501588,0.5895786313256304,0.44398564628942827,0.24228025932125935,0.6663188035998344,1.695282663369587,3.858108940526132,0.3974192953797112,0.7635713273464735]],[-152659231.43209225,-152659189.2720896,[8.69720231422426,0.0,1.463665048367981,-1.0956951785223823,0.8882872291692455,0.6277345663211897,0.5600282888497744,0.9412830803800112,-1.6069797815175546,0.7570580458553922,6.266084436618321,6.413211461887919,0.5565818135662031,0.7090942387476322]],[-155350929.82040438,-155350911.78951478,[5.788277765581253,0.4048213907704761,3.141592653589793,-2.682439848286584,0.6493923860040185,0.8504518778557795,0.22322042516760626,0.3715633102026173,-2.916188156227343,0.25038013922815905,2.4945745201505263,3.9750211972470573,0.7322654170560491,0.3814012402656423]],[-156044963.8538868,-156044963.82702947,[3.394051476606437,0.0,2.701331747562568,-0.9675156133267211,0.5233363213939691,0.7041011140552943,0.5064209542355045,0.5961689081170828,-0.17683662890074284,0.7513759596273866,6.182715212103924,2.521884687488397,0.46351797261501326,0.526598039924389]],[-160952733.93223503,-160952726.76073086,[6.735400122988455,0.05568529306679426,0.7598059528639932,-2.145980847621188,0.0,0.6296009585082659,0.44461074656718597,0.7437803597092609,-2.403155280027805,0.5590875244031931,6.585021583973841,3.428781958506629,0.4924116271260892,0.3957635375522122]],[-167455933.14000097,-167455931.68853176,[1.519871695215401,0.8740143854605292,2.8721208901428232,-1.6042967249225875,0.4691553923632816,0.6105360730619758,0.48190020973001285,1.0,-0.8941788501254274,0.9,6.606000678971119,5.476354689157996,0.33346246295459814,0.6044573424614145]],[-171003032.7236079,-171003032.7236079,[3.884271440094486,0.26910125464789886,1.638820178993143,-1.3290964570681971,0.4218430711835539,0.7781025130489825,0.4577330741357895,0.4845944144811021,1.2689885058041683,0.7010414951322091,3.6197498056291315,3.818187119878219,0.43954756522393895,0.5151075667234799]],[-171020585.78938103,-171020569.36748564,[3.862956840244924,0.6777137924655644,1.9843595485348562,0.7082111477667341,0.6013304920536569,0.7120338076039507,0.7588366162455686,1.0,-0.6264799371896668,0.29381719182304994,1.8892095932095438,4.0394346169311035,0.582378194262883,0.5415281562267932]],[-181093330.21065518,-181093328.71754825,[7.625857926794158,1.0,3.141592653589793,-0.23799999598795885,0.5082992571105768,0.8972826049018946,0.5154911630720722,0.7060572046601881,-0.8527044322715394,0.2740600583228987,1.8638478454387668,5.89916353293061,0.299701108375483,0.3889151911154339]],[-182246251.24233222,-182246246.18149614,[0.6692060906316968,1.0,1.7585022193511248,0.7849518953891059,0.4805153692688777,0.3939244639776732,0.25143058503738785,0.28355235141835067,0.37676973939114694,0.814483091003888,2.036203404654598,5.177754344044031,0.5988538468083769,0.5064321550467709]],[-188466562.60461995,-188466504.84964597,[0.9783989941161595,0.35005188347460736,2.342211357857653,-0.5781375894833211,0.6558849208336403,0.5188165428313537,0.0,0.5013453555112845,1.9903356829921004,0.6801621923446308,7.508867175519468,6.8585518228813305,0.4218873893205689,0.5439102753297824]],[-190385265.94122824,-190385265.91520298,[8.748088388237896,0.49484043964973157,2.161685313629886,0.6244889393333194,0.4712183745097017,0.8369999689003071,0.5903814976088889,0.6316673939930815,2.217099828898822,0.9,2.3625065743357685,5.593302532937967,0.41339341522236356,0.4994611700828403]],[-194805331.9226905,-194805331.9195714,[3.5627620573381904,0.21169592022851286,0.39288238979606005,-0.4513626829885864,0.7238162748548989,0.8399457999127243,0.740310116833148,0.5941574558978717,-0.43899865094790236,0.6169560543491214,6.509746267959699,4.638505813341239,0.5690376732370599,0.47710863474628673]],[-197213888.05656266,-197213887.49832535,[7.3582347278962,1.0,2.7373553901846606,-0.6681574393239876,0.6845149193018423,0.8491356171879805,0.07193110584692519,0.9247266079923702,1.0610479074042058,0.45865733226268113,2.2497362767851983,5.067753741534049,0.31991206116267257,0.43649647840387534]],[-199299765.9364144,-199299762.77513695,[5.466729173307303,1.0,1.4497910085129075,-1.0820264270983375,0.0,0.7451697702582439,0.6253763557848038,0.28647943141155496,2.7426147803768646,0.9,0.29213187777044647,7.459068471695332,0.5245680937760125,0.6703738888814885]],[-211881006.5795195,-211881006.5764073,[3.1444007136335568,0.8250146437673637,1.6018215547764234,-0.04309800210728186,0.4915593607912596,0.9468688500648252,0.5308047187869332,0.35890314791987576,-0.4609212608648757,0.1,5.495648106127883,4.9784457441591545,0.6160274294372896,0.5126647768368718]],[-221250674.4639176,-221250609.73166263,[0.46143343320756625,1.0,2.846772553828115,1.0838195373636506,0.33691986718789724,0.8287232980550341,0.5480678201318905,0.41670892974251716,-2.426572485955215,0.1823893402044242,7.258096799276522,7.722523784346367,0.5980912620057446,0.5406036144246529]],[-239221770.0519668,-239221768.7548865,[0.9612792735766122,0.0,3.141592653589793,-0.3834063401912466,0.5287494162801105,0.8242753660394986,0.6464639946200297,0.3543301110157515,0.9718763681650033,0.6922424919572946,3.0053918604440515,1.7339007518937448,0.5713916777972644,0.3448241365894391]],[-251971554.61312604,-251971554.55154216,[4.038217196815939,0.13075548975173723,3.141592653589793,-0.9771969023271454,0.2193372684876344,0.998663862094488,0.8582603171566207,0.7097269301302656,0.6566040617968425,0.6894984767838266,2.776122754295125,4.160087704010639,0.5047772337391035,0.4320606377767277]],[-257945115.5539691,-257945079.8686161,[6.368831872396791,0.0,0.0,-0.036743605157914486,0.0,0.6310118478824218,0.6661166975278179,0.5125288925974719,1.835366016628905,0.7263156770743499,5.845284462522509,5.10304003531036,0.4922195523045113,0.7342444984904958]],[-281206858.13691545,-281206854.52182525,[0.0,0.0,0.8804339090920574,4.0,0.5609491550303225,0.5542363512691509,0.7764279838380003,0.3787970723122284,-0.1270708291944674,0.8826862938360172,4.394912675789405,4.590114506543404,0.39867359863653407,0.5298534028931086]],[-347347070.47961575,-347347070.13622624,[8.618078270555923,0.6372408820987778,0.7674163741006519,-3.044002095429821,0.9605944606245059,0.7331894604283219,0.3111950037944563,0.7780049430206188,2.0505115829426765,0.7259498542477502,2.530242502717289,0.5819658008911364,0.5955239883025436,0.4056796965358512]]],[5.890935924382559,0.4794531710915555,1.1345284186852305,0.6744575629494882,0.48841642261047075,0.34849487991268446,0.6100171587673863,0.5320697325297473,-0.1002373824887084,0.3205456320644658,4.196108328711712,3.112714314607131,0.5061030203129688,0.4641241522443051],[24.594343524668435,3.5818283820947694,9.416072476123881,9.042499517685776,0.2444872386894687,0.2591217375336697,0.24474303359764826,0.24315128035896016,9.443219420810916,0.2543406065282322,14.956570719122618,16.711564316538563,0.038328883882472374,0.038271441962129525],[[24.594343524668435,-0.02976438246445715,0.0036975970181007145,0.18545788429255913,-0.05031377702562259,-0.01715254422482857,0.04394241370829587,0.14192578199238387,0.13265060129592063,-0.09660084451190623,-0.03967237950941782,0.22821080931412677,-0.007434507778455142,-0.03414297319088784],[-0.02976438246445715,3.5818283820947694,-0.027965608755364607,-0.0983644761602502,0.006875655342872974,-0.001073263264036637,0.01013786907425182,0.009089655212621258,-0.06056841365148001,0.004183875965269541,-0.009621422248377361,0.029014000704084553,-0.0016307122035891378,0.001173875778130861],[0.0036975970181007145,-0.027965608755364607,9.416072476123881,-0.2578863423786288,-0.03196634373914234,0.06787280131222019,-0.03637866036132693,-0.00834269384938111,0.14158035768036725,0.008533380797475414,0.10930278018517985,0.27384298271511576,-0.006465513571462028,0.0007743995150014317],[0.18545788429255913,-0.0983644761602502,-0.2578863423786288,9.042499517685776,0.034672088809200016,0.023743205918097324,0.030361123368990012,-0.009146940462395765,0.006660866383013353,-0.09456070354016294,0.17392988656837088,-0.468522842618152,0.0025175053108914144,-0.017527020607537764],[-0.05031377702562259,0.006875655342872974,-0.03196634373914234,0.034672088809200016,0.2444872386894687,-0.0009279332275971846,0.0011025684934086299,-0.004538969239362147,0.05266961707963011,-0.006536206447111279,0.023964869797107397,-0.09566237549899535,0.0022147984880988452,0.0034410354195768085],[-0.01715254422482857,-0.001073263264036637,0.06787280131222019,0.023743205918097324,-0.0009279332275971846,0.2591217375336697,-0.011263705961223154,-0.002985480813005174,0.05748520191360895,0.009155288836037568,-0.03914526486095961,0.043191880863869436,-0.0002634758593864943,-0.0006002681344581152],[0.04394241370829587,0.01013786907425182,-0.03637866036132693,0.030361123368990012,0.0011025684934086299,-0.011263705961223154,0.24474303359764826,0.004436109573003103,-0.06110177841915102,-0.011926506371889106,0.027624298375573064,-0.06075942441817986,-6.229098586427142e-05,-0.002585864097100995],[0.14192578199238387,0.009089655212621258,-0.00834269384938111,-0.009146940462395765,-0.004538969239362147,-0.002985480813005174,0.004436109573003103,0.24315128035896016,-0.046583625838758816,-0.003552099671061144,0.008658104669355172,0.10111283899206791,-0.003309959180281348,-0.003574705202448125],[0.13265060129592063,-0.06056841365148001,0.14158035768036725,0.006660866383013353,0.05266961707963011,0.05748520191360895,-0.06110177841915102,-0.046583625838758816,9.443219420810916,0.038265182666053894,-0.2666236954089148,-0.7836189554961827,0.02857006900716407,0.005492619097960308],[-0.09660084451190623,0.004183875965269541,0.008533380797475414,-0.09456070354016294,-0.006536206447111279,0.009155288836037568,-0.011926506371889106,-0.003552099671061144,0.038265182666053894,0.2543406065282322,-0.07368439134093757,0.12668865879107774,0.0005155744991976362,0.0010232732853682068],[-0.03967237950941782,-0.009621422248377361,0.10930278018517985,0.17392988656837088,0.023964869797107397,-0.03914526486095961,0.027624298375573064,0.008658104669355172,-0.2666236954089148,-0.07368439134093757,14.956570719122618,-0.3930965816610479,0.0021134400582460346,0.004850957316491381],[0.22821080931412677,0.029014000704084553,0.27384298271511576,-0.468522842618152,-0.09566237549899535,0.043191880863869436,-0.06075942441817986,0.10111283899206791,-0.7836189554961827,0.12668865879107774,-0.3930965816610479,16.711564316538563,-0.06263566590565377,-0.01013398949918882],[-0.007434507778455142,-0.0016307122035891378,-0.006465513571462028,0.0025175053108914144,0.0022147984880988452,-0.0002634758593864943,-6.229098586427142e-05,-0.003309959180281348,0.02857006900716407,0.0005155744991976362,0.0021134400582460346,-0.06263566590565377,0.038328883882472374,0.0005620520289753137],[-0.03414297319088784,0.001173875778130861,0.0007743995150014317,-0.017527020607537764,0.0034410354195768085,-0.0006002681344581152,-0.002585864097100995,-0.003574705202448125,0.005492619097960308,0.0010232732853682068,0.004850957316491381,-0.01013398949918882,0.0005620520289753137,0.038271441962129525]],0.5687948906648637,[[0.0],[0.0],[0.0],[0.0],[0.0],[0.0],[0.0],[0.0],[0.0],[0.0],[0.0],[0.0],[0.0],[0.0]],[[1.349679702733651],[-0.07781602799462595],[-1.0518592849559594],[1.7028940356531814],[-0.17547972710301132],[-2.2951525451595907],[1.6666510135807158],[0.485824691573574],[-0.25308284785634744],[-2.7185559740151026],[0.3713558735756574],[-1.680187440150094],[0.23113678594490078],[-1.358708920840206]],1,100,-36098252.81109574,-36098252.73400426,[8.21937789206924,0.13446964648362636,3.141592653589793,-0.4044267157484747,0.32733907570085397,0.2887347161753596,0.6054998622754334,0.6188501149247362,0.7870916977068139,0.14760133620405658,4.650964628723158,3.2138341282847542,0.47960931172475485,0.42526162363199715]]
