["generation","mean","variance","covariance","_sigma","_p_c","_p_sigma","iteration","num_evaluations","best_score","best_evaluation","best_solution"]
[[[-62115947.90928237,-62115923.819631875,[2.530084845007706,0.0,2.73879592156938,-1.2248877957308073,0.427902307829314,0.1658544252502927,0.02251176783977077,0.9552260304614961,-2.0175397309595553,0.5227957926958162,3.694898446107895,3.956597557155441,0.47063433459030046,0.3273430655506989]],[-66442989.58728364,-66442974.415447116,[7.00750866559287,0.0,0.006802870644065928,-1.8799053020636118,0.6460292502533942,0.11447526192697599,0.5146529491640903,0.509095945462312,-0.09286893906380418,0.34577934825517453,2.729024434054473,4.893301650449231,0.37327024769948935,0.3737019827994186]],[-67903986.4352052,-67903955.898927,[2.2307161945002836,0.0,2.741849782871154,-1.0168220565441035,0.48325698963732344,0.36467021215821827,0.7138292527489952,0.36067464292137774,2.9470444144963435,0.21072227680516936,3.117526856997101,2.716747586968101,0.6177718785622021,0.3524596497531596]],[-68283058.73049396,-68283011.50258255,[6.038245963166138,0.6367997463553058,0.1354355705078938,0.7048795026979016,0.4221686183289261,0.7616535254691887,0.5002114653797851,0.7640070333060323,0.4383595850653855,0.5322065476699143,6.621981565666756,3.924980504803403,0.4578250548188898,0.28512558044912656]],[-70216229.51239434,-70216212.73226094,[0.4948604082768524,1.0,3.0182816687854253,-0.9981173770690728,0.25515663535706556,0.0,0.296188999453326,0.34849685137386255,-0.33230623023094935,0.5196289986475202,2.5710490696897486,5.6141119241004285,0.5542835406964302,0.4259362294093152]],[-80217423.01212299,-80217397.58158123,[9.732134795617327,0.49338695814696043,1.447482780035795,-0.6714094638239542,0.6396770897345483,0.12607699309930953,0.2454245968297895,0.8972068106041995,1.1545344900692234,0.2918422191492881,4.6569183283073565,0.9556571147943131,0.5281110610061643,0.46278181647905553]],[-81547216.01820073,-81547205.69426605,[5.233427915086746,1.0,2.3961096319660147,0.35479240292446407,0.07138812628906827,0.44099654448614223,0.4339850732423822,0.799411015038763,-0.46815084823551334,0.6023964894758103,5.807521274498322,3.2548429015278124,0.43033199075331496,0.35357384567654976]],[-81617985.26896222,-81617955.34223062,[9.121354478579153,0.0,1.8144412797069882,1.2719131443089764,0.4547225981665496,0.36980449036796625,0.41535640289239184,0.5261381323802804,-0.43623013918947257,0.435676380430971,3.548858241643078,4.142242074533418,0.5693634776750871,0.4205484363076897]],[-83410128.87415445,-83410114.7703926,[3.5779909392589824,0.242496582117114,0.0,0.42949758569213436,0.6386996775007031,0.3027600111866401,0.4096834187246139,0.6118207945157049,0.21987948606148672,0.25898393407983633,1.3841512333747126,3.0437377662336935,0.45060298827612744,0.44099933570346606]],[-83413644.89109392,-83413616.34103692,[9.31979547945328,0.1393313191566689,2.4204472580249057,1.3354341809883659,0.83581612783583,0.5585136946560944,0.36203477666302875,0.5068378567252728,2.1933839955527774,0.6347458781558531,4.757006426608029,2.5917632412652516,0.6413622396489946,0.3524419007230074]],[-83470639.03093433,-83470619.11100882,[1.9944648656348187,0.0,0.0,-1.8435520963788177,0.7219577104685863,0.0,0.8215577375037187,0.596265698601638,0.39198649119010226,0.4159509846674021,4.1153027160438365,2.4912228366640625,0.4686678845611974,0.5004059640447462]],[-83514036.43655904,-83514013.49874634,[6.690786294277526,0.0,0.0,-1.307625300474605,0.650740166410014,0.4740304921556211,0.49062720404447435,0.6502815065690029,1.5793643306482656,0.4989482529658632,3.3530926328693456,4.1465218936017,0.47834968024046715,0.3875112803148167]],[-85088907.67633729,-85088894.85499239,[3.1288889454404383,0.5013509076214205,0.06889225272010924,-1.4734023494507829,0.0,0.15934401661275577,0.4503521590275995,0.977336393171925,0.9303875549833303,0.2581404440955076,1.8029882058630822,2.7157564745666676,0.48554435274927626,0.4746874156347797]],[-86544318.70375231,-86544294.65776622,[9.180624941562101,0.6095658648581571,3.141592653589793,-0.522921318667666,0.5477883254012098,0.08790817665166989,0.261857552691096,0.10894952129507735,-0.2600163061391697,0.3884866659538786,3.1962809311636944,3.7037874890147524,0.5006653824648881,0.5182751390188143]],[-87225879.54026113,-87225846.24022883,[8.237748060686684,0.0,2.4484722020733476,-0.21182184420230873,0.6560116165004618,0.4873290913594222,0.3828161933357763,0.7323093854839573,-1.1394740848036862,0.3802698594591081,4.770730875794152,3.7222892108182397,0.4953249207827766,0.42889177593127925]],[-88892424.4115975,-88892392.15596712,[0.0,1.0,0.19236090091989833,0.20102277241046518,0.4832751100243673,0.26280045764860427,0.4478802315358595,0.009236586822652715,-0.24088414080975157,0.38945810707889195,3.361249002146807,4.271508705014768,0.43479943913599295,0.4459085872040519]],[-89710857.43166612,-89710837.35622412,[5.542180207880859,0.98106139910431,0.0,-0.07307433698598975,0.5396232782634051,0.484914518461916,0.7973146857945381,0.10310656897479836,-0.0026324739772267984,0.5865470200631614,4.415150408822191,3.571460089579063,0.4188485742263427,0.40065385372020357]],[-90001864.16955334,-90001829.61147904,[6.150005630369601,1.0,0.0,-0.48840999568881494,0.6083684497977927,0.9593293479383239,0.6736806765907575,0.6460588143900856,-1.5119367121943479,0.3319648162979346,3.4057146413763273,4.6591826733270985,0.4972558590137329,0.4089897168731913]],[-91281852.33172208,-91281802.01131862,[4.797278052887233,0.865186999631373,3.141592653589793,-1.0619481110593276,0.7925975805703749,0.8153231978687023,0.45110303944553864,0.31856820164556404,-1.5747879740998147,0.6517677459936608,3.7129353548433714,5.911429686253285,0.7102376664795582,0.36078547677848605]],[-91551961.82773644,-91551910.25912392,[0.515946244601218,0.0,3.141592653589793,-0.3524526706510972,0.826088235904405,0.33450304831047467,0.5624519311544115,0.0,4.0,0.41175791358995484,3.2460043066367614,3.8814788484646168,0.5985411247285358,0.47400018526457266]],[-92102687.38314581,-92102567.12923563,[9.908132304082827,1.0,2.159719835524398,-0.5435348196113173,0.3974306274031837,0.016415074710002364,0.4001651154043928,0.5551232231096986,-2.1043885926904515,0.20193347726878985,8.992189631684802,6.049247095415721,0.39439114452336144,0.5329294457823727]],[-92519595.50896697,-92519563.22574109,[8.405431782278765,0.4309707802915007,1.3124427331840067,-0.3582492511939005,0.40248974675435634,0.08130037781969335,0.5425628954618881,0.36081402274858165,2.0830699027423427,0.16213949922680876,3.099987036045092,3.9846108046989244,0.409181271758594,0.4968786436822082]],[-93372939.81409201,-93372921.15077186,[4.337406087327499,0.0,0.7663836682517355,2.677314353224806,0.016954343832949248,0.1701951161888181,0.5148771574485361,0.3455301083878869,-2.3861026080836107,0.44832465175848946,2.2492854670876987,2.78118241903746,0.5840679035711087,0.5132374000118527]],[-94497937.0341426,-94497891.05724823,[4.408654254420464,0.11014521992971382,2.212135472833531,1.5018942248777152,0.3355394661145429,0.2772333710313697,0.5330528150277888,0.033036966825213565,-0.09809248987699457,0.5044922779977382,4.930170921929352,4.576790868018184,0.511521746202603,0.5109047567563096]],[-94553177.87384772,-94553158.34532857,[9.007047293375827,0.5598316529266869,0.35987530015244107,0.48131734067816734,0.9125869310625414,0.5087547650062563,1.0,0.43886057625422537,0.6852201403403471,0.7688687601332869,2.8825185975961203,5.131511032003793,0.5816342652133709,0.3635006709746668]],[-94852956.0891472,-94852941.26394379,[4.2353265874673705,1.0,2.4181550745279012,-0.5392305677823971,0.0,0.4217781220468672,0.5890847619155923,0.42372521513173705,-2.074654449567067,0.31227434470646015,2.0075485755701843,2.860039262047806,0.42873308647485836,0.5037457754635403]],[-95414098.17307284,-95414057.44286841,[8.890488961521257,0.5404224213992187,0.0,-1.4823474446399783,0.2863507708668512,0.17729828406919312,0.6387640450539056,1.0,-2.380750442741408,0.9,1.9987608779692443,6.241813511390033,0.5458855594579407,0.39471576364299915]],[-96061684.7889879,-96061665.24836418,[5.264985515645907,0.7280217839806298,1.9012457690486992,0.3006687221726653,0.6741325869987673,0.670977731927189,0.3887208676105829,0.33196663472342514,4.0,0.5056447024357933,2.1498651478220028,4.940547498891509,0.43198760985054524,0.41571271403305055]],[-98871210.15719762,-98871163.13177127,[1.1438785016715283,0.7129756806262999,0.4986548307128025,2.1522571650608127,0.6456830462161156,0.27071001222296587,0.7160229431914036,0.3726363977132701,-2.26190497006645,0.46647035790284797,3.742871662909986,5.45512021034474,0.6359452925349073,0.5134883511410788]],[-99137431.78580621,-99137415.76551136,[8.163265544140678,0.0,0.8188725780868554,1.3822854745988733,0.25236676889797127,0.5101482541898708,0.0,0.40634419212397416,-0.893042884016934,0.48635880781985497,3.650018211175481,2.198973233019622,0.28910184951082507,0.45522459277816674]],[-99875545.27010953,-99875501.53519207,[0.9209342857246554,0.0,0.0,-2.411160511384579,0.47016580599310565,0.6630239442393417,0.177995387652159,0.5706942829935046,-2.9368278448906877,0.5013722930775651,4.7545388739973475,5.086498333402357,0.4760653640872915,0.4683657159509972]],[-100328449.22996256,-100328434.91493344,[1.1544155686460589,1.0,1.847309207496476,-2.615242890182385,0.44650079711543644,0.917938775645897,0.297617779544351,0.5202220618156728,-0.0314452918854212,0.7180609732808092,3.495732589334068,6.829288001500821,0.6020874588037551,0.3719112076780672]],[-100733513.54080065,-100733502.32042378,[3.0328308374222512,0.0701770774439851,3.028904914714774,2.4853166057724847,0.7057734471043119,0.610299877634995,0.16160671144862643,0.388535700628946,-0.37097946336753657,0.455703722763825,1.6774978390946975,4.258887390865995,0.5603119920645028,0.473093825729528]],[-100786310.87408625,-100786256.43061066,[6.950637320742334,0.0,2.9588744671958582,-1.665206327331075,0.19808559907311446,0.48394855585971275,0.5179395882221863,0.32363484463624226,0.03463387186092466,0.4379883711074024,7.322822748686617,0.0,0.48230748121637035,0.4896656905028757]],[-101266544.5694658,-101266535.15328121,[3.911571816268457,0.0,2.616090224796752,0.5578834169763099,0.3858322601413733,0.5158110317475021,0.5272412452677501,1.0,-0.8626074809595972,0.9,4.049144291844974,2.9294982011685375,0.35446911007312626,0.39072870404289556]],[-102389154.27338015,-102389111.0328458,[0.89108094378778,1.0,0.3838133934127874,-1.3584044448952863,0.568855997306643,0.43993671528178363,0.45216028745913645,0.22188021963809668,-0.9190330916198793,0.7926281571627922,3.9131273670943956,4.318913686167718,0.5275887011234965,0.4367493078998308]],[-102567468.69360712,-102567441.66069102,[2.281606260588957,0.0,0.059927435920678285,-0.8526916204664613,0.38882470679783204,0.470447204044085,0.3591721595252261,0.541176179257446,1.7890922389697104,0.6060021675341722,3.187205267111691,3.4176499257195414,0.6579186265561402,0.46430655931593945]],[-103112904.3854153,-103112874.56097019,[1.7188435157533624,0.0,1.9688662361757627,1.2033716421464058,0.5989110501795908,0.6649636522970046,0.5971171265446846,0.734784430768022,2.1223431788726757,0.36435680981769536,4.698903020994135,2.29794814148564,0.4361034065255408,0.4692880864356264]],[-103302675.99383996,-103302640.09883785,[4.234584500060928,0.0,1.2987849430267282,0.5783623794906431,0.66719631405491,0.35373932711999484,0.5993217183197058,0.5208882542125481,-1.3729911866655065,0.2895356566617385,3.8237399352801766,4.528378120904861,0.45517242476140735,0.5248328867696469]],[-104649471.38640426,-104649441.8579976,[3.4790952630090577,0.0,0.0,-0.34011220179036833,1.0,0.3508453164071648,0.5153264535277318,0.5622451334790058,0.8458091018353144,0.44483469857656777,1.3977480604435013,4.866527659935101,0.5894434814411191,0.5295674888885403]],[-104768556.40504922,-104768490.3605153,[2.1225828451742217,0.0,0.3663668404929701,0.644196790404126,0.4377775282506925,0.6311111831866744,0.1867961190063156,0.02014294559994617,-0.9391385627705131,0.7336694018826885,4.461106182751162,6.6123639438824515,0.5563956165552214,0.4669173750959783]],[-105663948.6872963,-105663884.97563607,[3.818474739280841,1.0,1.8105062518411978,-0.22537783241129994,0.5701613197223835,0.33188084182705446,0.4888119408888438,0.9424587206598818,1.40692159977581,0.5847437557067696,3.8975519216761847,6.556921339640435,0.7353085370274561,0.5061788737545708]],[-106212042.4930175,-106212020.485748,[5.986036692765432,0.0,0.32289810771969685,-1.464022229322851,0.6176405759028792,0.1832060420020683,0.9544991043835878,0.5872417662464486,0.13113052726534802,0.6003641088578126,3.158996303790911,5.990811414112783,0.48292402864655565,0.5149347689188118]],[-106389772.00015621,-106389758.53671598,[2.395870564387012,0.3198304007272138,3.141592653589793,2.5375082419101727,0.62801794456783,0.6520092746528039,0.7032270903048701,0.2825886976756924,2.4666423652584717,0.42342044642167564,1.268048772740919,2.817977199552438,0.4760742953813771,0.48407110922461083]],[-107169611.75029518,-107169561.45480192,[7.757115424985146,0.13366282622994385,3.141592653589793,1.1928595778701214,0.5176088432874506,0.06521777529061779,0.27186740006438037,0.018394121700815003,-1.5538692298465762,0.7232880579546208,5.124805345183862,4.732727186382259,0.4719965945997769,0.5738136133708883]],[-107451701.41715512,-107451678.85435161,[9.915787797411765,0.49712959035312965,3.141592653589793,-0.4645775445451247,0.6560964266478246,0.16635361989156194,0.49550393058752895,0.5873049562449167,1.2736327738186801,0.1,3.6942903627528736,2.2532749570690145,0.5147664806392467,0.49872128991488424]],[-108503935.18221997,-108503900.34696576,[6.0439421512314,0.06714159929949509,1.8740397609083312,0.32194492091818766,0.49050610843358966,0.47117417676211865,0.6527836093729522,0.12805079147135795,1.7713734809209807,0.7556007495412758,5.631914339362374,4.406410064261666,0.3137405040048362,0.4343992799625257]],[-109614991.85087724,-109614975.83789247,[0.4830998818703387,0.0,0.0,0.7265105415131106,0.3930181191767026,0.4711691680550326,0.21748554017811328,0.09994353800289008,-1.0002834564868062,0.7242823865408228,2.7341022519998885,2.6443279025872912,0.49331665282567605,0.48512296819106115]],[-110332378.25799367,-110332290.18102193,[4.326323373246205,0.3240930978467046,2.7793484495741847,1.9329249205921768,0.23299400187422853,0.8327919478544545,0.47012683839407005,0.5467079730168745,2.222984587174499,0.2992415424184824,7.22413473401265,5.324187776916295,0.5530678861559297,0.502217350511126]],[-112323293.42864677,-112323261.36201513,[5.386066369382442,1.0,1.3068234240893697,1.9593665498079416,0.1435188639765847,0.4331559991760392,0.7076068870508212,0.16659126944267316,1.0574924749621857,0.6699036327854807,5.455243023172546,5.810170168331441,0.36221978048524306,0.46350362940290546]],[-112472212.23725423,-112472171.15111053,[2.333037958501098,0.0,2.781574757263533,2.042351483089849,0.7920088471813234,0.3622893804347699,0.5542754635280802,0.49702830547004817,-1.2788833650520957,0.4803527612952519,2.9486313261791954,5.654634285782215,0.49256896008915296,0.598898223230546]],[-113215182.45267883,-113215124.31815654,[4.549568273964215,0.0,2.011154741790548,2.4734898375906096,0.7246121793713265,0.7569780505992785,0.4966135815568266,0.0,-2.497550455150628,0.7562354332582,4.097470175370593,5.941930709163,0.5775788843389683,0.46306539595814555]],[-114264658.26261802,-114264645.05498803,[0.6928318236977704,0.0,3.141592653589793,1.0387690392806714,0.7569273692768471,0.6069807653805129,0.7919093762242452,0.5152235253686188,-0.39430415803319674,0.5838311668086341,3.0479515622742395,2.9878432403149358,0.5119792517745656,0.4937361792614014]],[-114436739.71800324,-114436681.70591754,[4.68935846463731,0.0,0.5832675123830613,3.7206181633639765,0.6365091413957837,0.821743208286655,0.5826811807681003,0.0072738844687808,-1.1261038607404408,0.777736627480847,5.411994393243109,5.274154425572543,0.46628145624052697,0.45752960386245023]],[-114581713.63261284,-114581710.37587667,[3.585860318370986,0.0,3.141592653589793,-1.057317766187689,0.7056702111099168,0.7509095776137122,0.5276759474066754,0.39088139034367236,1.4941489317865888,0.9,1.141421888733885,3.9769870172962545,0.4295451413820129,0.4117923558333246]],[-114601124.12890717,-114601069.55187857,[6.311586640740641,0.6513444100034107,3.141592653589793,-0.2925899511158092,0.2093984037366874,0.5485203610625682,0.48187219436250833,0.49244880712092093,0.35122135025644863,0.5758160065023183,5.478400249708102,6.647356560974579,0.5246873622278384,0.5043950105404749]],[-115153537.1213889,-115153506.6224972,[8.065227308817992,1.0,3.141592653589793,1.4210840619482898,0.34976675494355125,0.4229401078724425,0.3150400266972807,0.0,-2.005843774742607,0.5875194761753985,4.560207126050413,2.0418379816031464,0.3290537098214823,0.5366749002917903]],[-115431959.92402615,-115431918.47481954,[5.2399616225756125,0.0,0.6075361757637683,0.012612492737401972,0.6320501969769744,0.4928051822992566,0.7113722358040402,0.7047169690175293,1.96078947776315,0.10607298611060789,5.619151104498494,1.6600983808217333,0.5276948030158726,0.4966177507926412]],[-115813207.62557171,-115813179.01014799,[3.0839032477971546,0.0,0.0,2.8048506017333454,0.13477514322659362,0.699093123301739,0.044202045066650375,0.7022581480974572,0.20484313009917704,0.5541053575232817,4.123364964544095,3.43544239511466,0.38041681007678935,0.5017859509692891]],[-117430082.94453657,-117430062.65378368,[1.9541256653979215,0.6272361902579442,0.5944597322744556,0.7202852687805192,0.7019037985889074,0.2639226990664332,0.7702764070416753,0.8010038772981658,0.5781384620605452,0.8453788597682186,4.4387815740030545,0.8860908738687439,0.47025782034437763,0.5221211384523602]],[-117462009.05639721,-117461978.66840243,[5.589265173763343,0.7198244393208315,3.141592653589793,-0.05767456283989891,0.5965834193326323,0.4669561603589134,0.018184699490438105,0.49324018568802414,-1.472471128202237,0.18975173419147795,2.76985750489316,4.623535574677412,0.4672823060030646,0.544896448128212]],[-119819708.36482237,-119819631.21139032,[5.600163708685351,0.0,2.377879843682754,1.3334822835413693,0.36642858011124946,0.14709421740048828,0.1587345376972807,0.044363576628434764,2.321811016107663,0.6564208755744526,8.496393609046091,4.904710657533394,0.443613367223452,0.5611089513164944]],[-119950058.7208947,-119950013.94548535,[3.6896616366515285,1.0,3.141592653589793,-0.0832508943588918,0.2633975184128613,0.6243680588481162,0.5297160773600886,0.31851973056991445,1.6666824186911953,0.38928256509251496,5.058883781912174,3.7584820301497173,0.49692023291617066,0.5552467535628608]],[-120911867.82601744,-120911853.45875299,[5.585990911029326,0.3854119041260164,3.141592653589793,0.3636503739047542,0.0,0.11241149773088621,0.39139237903340285,0.8370051551875383,0.09320484970899735,0.4104607027495964,0.2823573125467731,6.5885432644494735,0.4975480341415697,0.648211722727208]],[-121008741.08419739,-121008652.38799685,[5.656649730332204,0.9087570536960998,3.141592653589793,-0.9317483245710407,0.28418386903454834,0.4550579635617005,0.553683349393339,0.5301658178783222,2.0033354904633702,0.6627498244233351,8.293733566935012,5.772365752891827,0.5328465609994636,0.5218495666332145]],[-124237190.02235606,-124237186.17547101,[6.770060557715301,1.0,0.0,1.0239697605558502,0.5537098496283549,0.6858327131655195,0.36821105533110243,0.7173736233432012,-0.39059305521231147,0.6981593960415412,2.505777792432307,1.586945585033626,0.46137233523337473,0.49325376739427745]],[-127035921.34080024,-127035905.41243616,[4.250364203719924,0.146290659301628,0.5984759489786272,0.49137207152535634,0.34652003404978216,0.8248549447868729,0.6967618082941183,0.6283697769912375,1.2793199880499768,0.6073138225572121,3.089759429069522,6.312136951759065,0.393761274350493,0.5032039855207325]],[-130022592.35464303,-130022577.86350042,[5.395984982785496,0.0,0.04172366179549014,-1.0435824666485352,0.5148307191554568,0.45376546535724327,0.5288781425373998,0.46594929679754743,2.038382848840273,0.822003834789535,0.5756322296061018,6.502291983993877,0.49503180712810674,0.5117356953316169]],[-130679355.83393756,-130679347.02399313,[4.071867649107163,0.8558332419021475,0.9103552196380089,-1.735458848786867,0.4398737775420301,0.48608669606683363,0.4758139795306894,0.6156488181347252,-0.5944641044112162,0.8181469950376326,1.4429709661185646,4.594540102259273,0.4872249707562908,0.5363582478388113]],[-131789245.17475308,-131789207.88094747,[4.231081244598365,0.20025047025825948,0.23485998970194544,-0.5588687913797151,0.09387451391691165,0.3579115643564197,0.7567970864498763,0.48947127819573005,2.0348996732123044,0.3521841204635914,1.612482929444294,5.307551861722975,0.5539448206273421,0.6470329305616914]],[-132162447.62203208,-132162414.32567418,[0.0,1.0,3.1394971351727854,-1.9741765811857794,0.7485873608752822,0.6193374568606156,0.255069975649801,0.12891402866336305,-0.08414364015869023,0.8575588993884535,4.872254045005498,3.2971702007062715,0.3936889679292688,0.4411531553633687]],[-133048825.68533216,-133048796.82236117,[8.280217260734316,1.0,2.5070077151468606,1.1028466901208285,0.4504797512406101,0.3284047036033449,0.6722268868594716,0.5188160039519262,-0.8675505957579954,0.4867917239524287,4.164926276313439,4.327207737083211,0.40691285468653066,0.639664030145444]],[-134380374.56288564,-134380369.1284032,[2.5876895130024717,0.5059442070509547,0.6754640199706008,0.9092472876671848,0.05085078442589358,0.6466232572613074,0.7676878411740478,0.4725886938707869,1.2228946397806995,0.6463722481209291,1.7738391105776103,1.9835822101828193,0.45610675760423314,0.5698600743229914]],[-135062997.94949993,-135062977.82241696,[4.887555086092019,0.0,0.951659245896773,1.3818197195216162,0.0,0.9271048743102344,0.8185830673208766,0.30214263890436455,-0.25174758587024976,0.2738277997344073,3.0853876577494086,3.14445724807645,0.43724720230179925,0.5894832225537974]],[-135210722.56999692,-135210696.2153759,[7.791604430445419,0.0,0.6907240292584772,-0.6730932817479557,0.5895943581497857,0.9329672796792835,0.8273276576785829,0.16283480853531868,-0.5354390406285839,0.6973857839928903,4.191331520787721,1.1753137197153283,0.5610634587884851,0.5521364304493541]],[-135458334.10036963,-135458282.0596506,[5.081504176968742,1.0,1.2747780566148106,-2.8139738163578216,0.35493457525593974,0.6588713073794692,0.3278735743735146,0.3182676476929388,-1.463206082565143,0.33445231604029707,6.998999649111454,0.0,0.5296101663336628,0.6225761678849768]],[-138274098.76824635,-138274056.3802246,[4.346753034032446,1.0,3.141592653589793,0.9999610795774279,0.0,0.6839629096291473,0.55442766691077,0.43519783670012785,-0.21374540638883022,0.2400784793896601,3.2056180522788456,6.278526312506745,0.36457733937367776,0.598388657724121]],[-138999609.7890942,-138999598.05262953,[5.360749094582592,0.0,0.7792603454870688,4.0,0.21430658226270943,0.1312314114312751,0.6611639461788454,0.6253328638497329,-0.6308094619034008,0.4778006492800456,0.41764680419026856,3.3804251772347422,0.5866606955692777,0.7285757246898494]],[-139188140.5087724,-139188127.98008865,[10.088029048493896,0.0,1.3671958795600063,-1.1977500773678837,0.8307244960301811,0.5726935280475232,0.46604395554986394,0.6760865010682694,-3.0585588582822973,0.9,6.434593831699689,0.8035423809333295,0.4764982647979976,0.5288177275217125]],[-139494637.12404817,-139494594.17708582,[5.750081934647257,0.0,2.0846445553473383,-0.3869745637456923,0.7991416580166022,0.9088283702169438,1.0,0.17064047037519642,0.10275049506495175,0.5267820585903437,4.3177717023103535,7.08403541169889,0.4692873098882705,0.5767537670324536]],[-140575419.09104562,-140575318.70110482,[3.00962125778855,0.015035661910426545,0.14677158637277388,1.1727992666418627,0.6076579903872783,0.842408017853103,0.612767812614825,0.16464069886511096,-0.4291222398982013,0.33252135833046603,4.053421387983678,9.0,0.4805495338465899,0.6706093008980702]],[-141306912.20964107,-141306865.6268432,[4.641726615147109,1.0,0.13457034241102117,-1.811491131537554,0.609539878835524,0.25225261825894246,0.0,0.5364969914156799,0.49547480361212426,0.31913763287565394,5.010917756926638,4.490421360847991,0.6070697940819916,0.6997468640806161]],[-142924968.0004771,-142924959.76294148,[8.17575155989059,0.0,1.427257002655316,1.3269641305360542,0.45291017003520373,0.24547337076139797,0.29488672627010215,0.14156252352681625,0.19563392996485934,0.1,2.0026075126490728,1.82094997869015,0.302747473486641,0.6280207485580849]],[-144801748.03070804,-144801708.45182627,[7.430124305426321,1.0,3.141592653589793,0.24251852031091473,0.49615341107430727,0.5469058561287844,0.3120186201383601,0.3414457229409028,-0.016841832102900745,0.5680261565427008,1.671502599670844,8.290838466424583,0.433758737220341,0.6910552568602424]],[-145533237.47134623,-145533201.8426171,[8.420338270333286,0.5092229836282768,3.141592653589793,-0.5302644424978685,0.18979019676112752,0.2201223909162084,0.24454627753174024,0.3658034591740833,1.1996155774833814,0.9,5.436591305566132,8.570016249600803,0.4981732348566834,0.5954578604191141]],[-146914987.2075611,-146914956.90473056,[4.735739402757627,1.0,1.1354767488745048,-0.26156626263079796,0.40876208855428414,0.9942382933067979,0.6134062047938301,0.30291738471406693,-1.6833367274227475,0.9,3.9759993613662385,3.5575253478619273,0.5219594648559643,0.5450372655003665]],[-148096214.4140757,-148096201.06118292,[4.736843823302911,0.11883568686837137,0.0,0.6209498088943781,0.39760676754377194,0.49596083332528973,0.6439830612285422,0.4495853606642936,1.1559935515348778,0.6955382078306229,0.03688852163649381,4.9668979759837715,0.5706871393029599,0.6286532762838084]],[-148867717.67421785,-148867697.38736898,[0.21965018893490118,1.0,1.1250687693980927,0.2210962316029468,0.3150343320638287,0.9420860086286902,0.560461167725779,0.6053274360332049,1.655016603435313,0.4454176237654257,3.3392942901815585,2.665878002698526,0.5071770330474893,0.6363092105808891]],[-152988258.96036604,-152988225.92719728,[4.298453001228262,0.3718045668796856,1.3336730684145703,1.8462991461610117,0.2087278484759556,0.5936926839937526,0.4368328239606573,0.5155706427038292,0.2686978340296923,0.13629064016299913,5.3338449111061434,1.9770384104341048,0.5956167977211541,0.6396314925310633]],[-153904570.14071903,-153904537.1228472,[6.335037765429101,0.8419865594196556,0.7420368718851157,1.5114063810820955,0.3913411414292622,0.5959314393750509,0.1845551174504358,0.356211186736768,0.0581180009114491,0.1,2.791237058879197,4.963769633071114,0.638711297754184,0.6198615100550384]],[-155558881.80285844,-155558840.46123463,[9.714937023182921,1.0,0.4331672000138671,2.9049058036816087,0.3692402978431789,0.5552150910695878,0.6629790273656515,0.35550774810883096,0.12160585811422735,0.5128784516838597,6.328338802046455,4.519220346819155,0.3969709883492339,0.654618929832772]],[-161220323.09981743,-161220300.61756802,[2.9774267438553284,1.0,3.141592653589793,1.5149397341999462,0.04503532690185991,0.6684522217975397,0.33794489679486184,0.2056764628290722,1.1417978241312552,0.2187223491175534,2.3254559669415875,1.5783876870835205,0.4071177154830722,0.7002797840097055]],[-163944044.41736,-163944025.22606057,[0.0,0.2526452709282557,0.0,-0.383986203563006,0.27666307838034776,0.9758373599960927,0.4906486858021658,0.4620306953348009,-1.565859683755059,0.9,2.6197755028388707,3.43505946760609,0.5314392672279075,0.5461241201413478]],[-167390663.75947845,-167390633.46209025,[6.066194464304614,1.0,0.9790223773577226,-1.6009160263749838,0.5022404816981183,0.4109431317361178,0.4970650883636906,0.5527921125147105,1.8160457200726174,0.33574251443578385,2.3038468747030354,6.576387385876064,0.3677765042560087,0.7319304678332244]],[-170119444.7697847,-170119433.53828388,[8.027740911888309,0.2787292740242122,3.141592653589793,2.5028225317638184,0.6470372659368769,0.44370329992584673,0.4711041874844653,1.0,0.2956454110133245,0.6401248030039836,0.0,5.125713038538037,0.44740808089456385,0.7322349834320968]],[-173226841.3271577,-173226791.5294826,[3.8873200046228096,0.6404119576911336,0.2858738013048301,0.9819286780065966,1.0,0.5191862893200586,0.31316278143681386,0.5714187040248868,0.8990475473080067,0.1,2.652314060334624,6.3836643574329255,0.49642232584128276,0.6935584570532971]],[-186182008.47461444,-186181964.65257365,[5.098198689534566,0.0,2.1570776383824866,-0.593144877217048,1.0,0.876119913897875,0.3861552694112104,0.5068038511122216,-2.1617037028516934,0.9,2.143030499386151,6.344628355480414,0.41901205626454335,0.6476106112571944]],[-230105583.77601507,-230105565.93948495,[3.260520496201525,1.0,1.8947131977775615,-1.1227563955310105,0.5901546650532081,0.5295903664304719,0.36369886105511606,0.3115113212885863,-0.6113121820855514,0.8112681087251206,1.2021041901811587,3.910660512117443,0.3594239105718879,0.4723592798349928]],[-238986008.55011606,-238985970.94829512,[6.407370723564459,0.0,0.5144393239563874,-0.9728366292256561,0.33074934733721806,0.5739600410602623,0.23479673995112382,0.40832949823398995,-1.0100179622494996,0.8315575636349039,5.068691158331415,3.2662305146536927,0.45262688332221823,0.4757323801717154]],[-347492693.0094106,-347492641.8242476,[7.830425647107573,0.060155812431579636,1.5639287688253867,-2.0167303748294323,0.09686500898640005,0.6491778133692155,0.11297538150525005,0.14277322355470035,-0.7376717162481402,0.7250300123238413,3.1793209911374607,6.377125766685333,0.5745085349751067,0.47740400848035197]]],[5.127797965738343,0.36262901219442634,1.5020430882407132,-0.4678535728189839,0.4914657430042094,0.3109034609877837,0.43265344042696136,0.5756566344141582,0.1188013751886781,0.4295369367606737,3.7725238815971087,3.764649430529452,0.4975595736675285,0.4000510784709989],[26.229874108570524,3.5948650326659815,9.400860073525289,8.527654757740555,0.24059744831319074,0.2633675311546175,0.24310529533005626,0.256534570773666,9.02121760402103,0.2310267495418177,15.02900407545242,14.71568635635395,0.038132418550556796,0.041856291337997495],[[26.229874108570524,-0.03985030361809009,-0.34620753421014966,0.4026523793687946,0.09324638058995569,0.057488409657183916,-0.002158754594699528,0.05958996820478889,0.08372230742480008,-0.0017036628096492464,0.6830832405371087,-0.28485011339635297,-0.011286770204015688,0.0026160801846702325],[-0.03985030361809009,3.5948650326659815,0.008989081799963798,0.06994981586417798,-0.015310349450267482,0.02117657449685393,0.006951475621576014,-0.01353803111944155,-0.05803013306605079,0.011018526019946918,0.08939366662243656,0.06648707154873712,-0.0008504570842450041,0.008237233781112066],[-0.34620753421014966,0.008989081799963798,9.400860073525289,0.03378729907492607,-0.021272208211773513,-0.01431178886772267,-0.05386317544624487,-0.01732003227496318,-0.03255145326547245,0.014008227900013704,0.06326794218130727,0.02305038512067234,0.02531910862524413,0.00048361608527083453],[0.4026523793687946,0.06994981586417798,0.03378729907492607,8.527654757740555,-0.007885258627980838,0.09831992320220262,0.01966353405805555,-0.03984964873520726,0.0010000166903954548,0.033905041123258,0.27991536865931105,-0.039617870932796756,0.010751536990901272,0.02266638313005804],[0.09324638058995569,-0.015310349450267482,-0.021272208211773513,-0.007885258627980838,0.24059744831319074,0.004251635653986545,0.004371716325611238,-0.006256645631172255,0.04697158865277732,-0.0003824692445494878,-0.004978540431315115,-0.005945240302830904,0.0013929487363560276,0.0003845454919981435],[0.057488409657183916,0.02117657449685393,-0.01431178886772267,0.09831992320220262,0.004251635653986545,0.2633675311546175,0.012487057193797446,-0.006485070866800754,0.013140878226713427,0.011180698367988464,0.08076411933986713,0.022879000843698115,0.00217636096753278,0.005437881908487097],[-0.002158754594699528,0.006951475621576014,-0.05386317544624487,0.01966353405805555,0.004371716325611238,0.012487057193797446,0.24310529533005626,-0.01515797946399635,0.07009441543279336,-0.000647864426051075,0.001925039471579773,0.004117271936071457,0.0008866439292518624,0.004175091159138519],[0.05958996820478889,-0.01353803111944155,-0.01732003227496318,-0.03984964873520726,-0.006256645631172255,-0.006485070866800754,-0.01515797946399635,0.256534570773666,-0.06051384012696163,-0.0003925510728240949,0.034357871552010956,-0.049190444922619626,-0.0024504001089467736,-0.006637186808751666],[0.08372230742480008,-0.05803013306605079,-0.03255145326547245,0.0010000166903954548,0.04697158865277732,0.013140878226713427,0.07009441543279336,-0.06051384012696163,9.02121760402103,-0.039433002958488755,-0.10239483801499924,-0.3794077755099009,0.0201349600496332,-0.004978123128976061],[-0.0017036628096492464,0.011018526019946918,0.014008227900013704,0.033905041123258,-0.0003824692445494878,0.011180698367988464,-0.000647864426051075,-0.0003925510728240949,-0.039433002958488755,0.2310267495418177,0.03469288544559696,0.034307998009911876,0.0006464980696388999,0.0015473084027878376],[0.6830832405371087,0.08939366662243656,0.06326794218130727,0.27991536865931105,-0.004978540431315115,0.08076411933986713,0.001925039471579773,0.034357871552010956,-0.10239483801499924,0.03469288544559696,15.02900407545242,-0.03854467023810481,-0.005211002705093571,-0.0008469814789777126],[-0.28485011339635297,0.06648707154873712,0.02305038512067234,-0.039617870932796756,-0.005945240302830904,0.022879000843698115,0.004117271936071457,-0.049190444922619626,-0.3794077755099009,0.034307998009911876,-0.03854467023810481,14.71568635635395,-0.006650672003262992,0.006305422594066227],[-0.011286770204015688,-0.0008504570842450041,0.02531910862524413,0.010751536990901272,0.0013929487363560276,0.00217636096753278,0.0008866439292518624,-0.0024504001089467736,0.0201349600496332,0.0006464980696388999,-0.005211002705093571,-0.006650672003262992,0.038132418550556796,0.00011143719479803612],[0.0026160801846702325,0.008237233781112066,0.00048361608527083453,0.02266638313005804,0.0003845454919981435,0.005437881908487097,0.004175091159138519,-0.006637186808751666,-0.004978123128976061,0.0015473084027878376,-0.0008469814789777126,0.006305422594066227,0.00011143719479803612,0.041856291337997495]],0.5774428281256928,[[0.0],[0.0],[0.0],[0.0],[0.0],[0.0],[0.0],[0.0],[0.0],[0.0],[0.0],[0.0],[0.0],[0.0]],[[0.1936012632190464],[-0.5202586092657177],[-0.16576679375149073],[-1.181253057980975],[-0.12928554265127498],[-2.8646253179076164],[-1.0202336892820476],[1.146123094280838],[0.2999538656687095],[-1.0674456337863434],[-0.4307547426569874],[-0.4456660096815371],[-0.09242510591421084],[-3.7853179730994553]],1,100,-62115947.90928237,-62115923.819631875,[2.530084845007706,0.0,2.73879592156938,-1.2248877957308073,0.427902307829314,0.1658544252502927,0.02251176783977077,0.9552260304614961,-2.0175397309595553,0.5227957926958162,3.694898446107895,3.956597557155441,0.47063433459030046,0.3273430655506989]]
