["generation","mean","variance","covariance","_sigma","_p_c","_p_sigma","iteration","num_evaluations","best_score","best_evaluation","best_solution"]
[[[-2964393.8010142874,-2964393.614202559,[5.879213229081261,0.0,1.8584168648474138,-1.4356331473558976,0.6307421594706117,0.3339223378025826,0.37514252297342304,0.7225783590447246,-2.1889542541441154,0.3054773575244837,5.689236049668926,0.8189817417039538,0.29609372267677125,0.35595253307785324]],[-13363052.89575379,-13363052.498689055,[4.749701048078065,1.0,2.2127514120596086,-1.9118139956578948,0.27368834348675053,0.3339174333992276,0.6856483622182681,0.7612097646894194,1.1089448883549267,0.2683649378232012,0.0,3.119395321184804,0.5437625729994955,0.45156730896766745]],[-14201522.949824661,-14201522.420341969,[8.134267334868547,0.0,0.789363977081729,-0.4791194686109737,0.15053594672171977,0.3950971513449886,0.2773072332713751,0.31134664672565127,-1.0030296682638646,0.6888837962581931,5.849314206120992,9.0,0.45709269835404476,0.3409792934913426]],[-16429636.688608026,-16429635.768304348,[4.883346012851862,0.0,3.141592653589793,0.8334374514269498,0.7525734255053723,0.5689087357663578,0.45922525534245656,0.3224198281017664,1.450032570169006,0.33161280098693946,4.915301572885348,4.420033354084381,0.40536326274485346,0.43929198223079957]],[-17967813.143871784,-17967813.143871784,[9.800745803552951,0.04731208167624945,1.342223090513944,9.263992649496207e-05,0.22324751182826863,0.3304679860132885,0.5316707467617415,0.5259781581630818,1.1901147602074924,0.7201587138737152,4.861800676867524,4.6971652664091526,0.5048724435427457,0.3560086261998171]],[-18365048.464341715,-18365048.457481265,[4.717946205626645,1.0,0.6804765247757869,-1.1013376638187085,0.6008671206282417,0.4291193897339067,0.693578465838451,0.48986131840961983,-0.3125382732002361,0.5157143242029341,5.04330175910862,2.6242662960878715,0.5796125706533721,0.4445977529075909]],[-19789512.965470053,-19789487.728103638,[5.060137861428298,1.0,1.169434824755893,-3.3666763767402097,0.07426215737140396,0.5592050497802336,0.0,0.2449513492146686,-2.389115489930059,0.520801430990495,5.861320016084108,4.753854223552123,0.36527558396647086,0.3773370281846231]],[-24561986.964972995,-24561982.699347496,[5.9757856410419565,0.0,0.0,0.6110522051654123,0.04492912321337306,0.4765495028243778,0.30987279491265785,0.6418655160610189,-0.7912063764789613,0.4347750033186368,4.60385627362381,7.981185043460038,0.43180086965744524,0.4498372939445192]],[-24865192.839593846,-24865192.49528587,[4.84066247929856,0.4898036542147363,3.141592653589793,-2.033350093623909,0.6069715347326929,0.3957382473343258,0.4155036113888946,0.5011895509822855,-0.862090698783555,0.6653094761606719,6.76828311087975,5.173892567646122,0.4289703789332389,0.43082181464223857]],[-25617749.462785333,-25617748.486570477,[6.59281948439698,0.4740974174164525,1.8381972960990263,-0.5220140550607173,0.6943763688483043,0.3345511333095632,0.611858324122599,0.7932986775711798,0.4217172558119541,0.7141908461124384,0.0,0.49943433891502886,0.6307764436237638,0.3857488125178138]],[-26715931.45466044,-26715931.1480788,[7.407306994897752,1.0,2.4961692230791535,-0.9073095674199426,0.6121644847403663,0.4914998155506031,0.08909660662886504,0.38167400756544667,-0.7929313895858912,0.6324368866515273,5.204550841186965,4.747687206189744,0.5539913507567147,0.38578765473889376]],[-27143053.62229748,-27143052.97238207,[10.082102940911419,0.0,0.9939354977008283,-1.5824328414877502,0.36938994585750173,0.42170025863227917,0.5363147165323909,0.7258149151540187,-0.956830253784047,0.5853842709011707,1.7518171471728166,4.211521952675929,0.41649822316942686,0.43303812956457327]],[-27596441.2375159,-27596439.833217025,[5.391249795173108,1.0,0.7635433615389059,0.5294647213262507,0.605826942711979,0.42005943925755473,0.34830692746611414,0.5116640018585343,-0.9192690834256403,0.3856133556894767,1.8491135883522043,2.9707794420585296,0.47999675070151426,0.5132309769616745]],[-28133565.63126421,-28133565.63126421,[3.48785920464494,0.4077303834646549,2.841191806542531,0.5300302464841044,0.7758531888388067,0.3619440032508527,0.5072460752728291,0.7912424294841673,-0.3097633215735409,0.12374725734740011,6.38399197607181,4.948303962093566,0.5400411195867297,0.5139893861922795]],[-29134449.673379704,-29134447.778280735,[3.3499934493251105,0.0,2.824146795648205,0.49253067604246115,0.384059386879136,0.37101206451262553,1.0,0.3739933704814524,0.4590648592213762,0.4285044904936384,6.224370309697971,1.5232740905717126,0.6469235239659252,0.5118022442301167]],[-29642552.656310342,-29642552.345058978,[2.2313498393282805,0.0,2.189197264177643,-1.0491466653306327,0.3714860409777498,0.325599538917135,0.6241502017479961,0.20942287294866418,0.08180136096553513,0.47089892939323097,4.491521702863272,2.3343235159716587,0.3978741722953496,0.42581195371367675]],[-30992681.739654467,-30992677.486539066,[3.849583587770816,0.0,0.7808471901658274,-0.2981794881485342,0.299949967035094,0.20155555539715447,0.21881288411260125,0.41240409346147255,-4.0,0.30705124972639164,1.9297083016171253,0.327362965021198,0.5567606338023346,0.4510730060584359]],[-34568663.84219439,-34568663.49647105,[5.9391932895822945,1.0,0.0,0.18408969994471183,0.5843670886924439,0.43593312434898124,0.3223051560136604,0.5511824126179063,-1.6620759032257686,0.5077017637910843,5.927532681185818,3.8085112020954046,0.5333591718441788,0.5023575334766908]],[-36408618.10730372,-36408590.48643303,[6.488520988511311,1.0,3.141592653589793,0.5723950200861052,0.27767147690579835,0.3449781338721579,0.3695522456341346,0.1860199780854535,-1.1398269438018138,0.11870859452394783,3.2817018211579816,5.19178337806016,0.4256418235072572,0.5782796964968215]],[-36525140.61972678,-36525140.358257055,[7.330556441885655,0.07775673627033913,0.46370519982398095,-1.3084517805057623,0.28883301582690957,0.5869650421588302,0.9161328057088463,0.42618945012852766,1.4270425517449028,0.5568492543291083,3.5298775495853687,2.773734231023011,0.6884085087911425,0.45559969802389555]],[-36626422.33787439,-36626394.807023525,[6.662411097650531,0.022315119390191263,0.4844210647307807,-1.18183655209204,0.17842039786832725,0.10739580383982772,0.0,0.40804585295340434,-0.08001889494272402,0.36179950780362613,5.223210282656292,4.205870216031593,0.4415153683767118,0.35121317132957397]],[-37094094.13958227,-37094092.24473989,[3.8256737036788064,0.0,3.141592653589793,4.0,0.8303198303741745,0.39308165675477313,0.5812278885950228,0.8673284098266139,0.7442821951182981,0.4882672214595681,4.059315411665671,4.014032978815448,0.5025733819565996,0.4526059776795522]],[-37660474.00848809,-37660472.66983247,[7.820614032857698,0.0,1.4444768148405362,-2.0321536781730827,0.2348354566627392,0.5026824687268905,0.29299121461363614,0.6399603324016794,-1.4026017888353586,0.1,3.7978545327584077,3.7907852643841733,0.5372658037824375,0.5832461181526066]],[-39716366.42259624,-39716364.83483732,[7.721243915706239,0.0,0.0,-0.42157818043184714,0.4362959807418927,0.3965343710011084,0.33801678939480473,0.3969722147942813,0.11587698481542447,0.6528621045648213,6.841636315133075,2.9335496473298055,0.28308064462765836,0.5234740530279726]],[-39850135.564760976,-39850098.20202893,[7.731121999727652,0.0,1.9273435384002557,1.200619956733859,0.3624221684402326,0.8713039163473143,0.31202258319356474,0.07107487897363646,-3.3053085580997252,0.2800206439778262,4.142140849773174,3.12208579210795,0.5452911120710445,0.40462328951499743]],[-40115738.328445025,-40115735.958832264,[5.173314227371488,1.0,0.0,1.0670437394337577,0.29330410524639805,0.5069406620608365,0.6408597965272185,0.49056166415616004,1.494866920790612,0.3573779262600224,5.202476872689067,8.496842624990613,0.4668580774324772,0.5418080852128715]],[-40822574.015660614,-40822574.01474941,[6.625486984559825,0.01177161530512022,2.922440798755895,-0.615208734321159,0.7952136451704507,0.5948550991847652,0.6733422771967266,0.5064055496935216,-0.4598786326156098,0.12226168442272056,3.3411826890135217,3.395941247286504,0.33030425686736675,0.5472834606207917]],[-41449046.48663555,-41449046.475569606,[8.820832183507576,0.0,0.0,-0.17317432733301424,0.6952219606600816,0.5257591514628414,0.32722217709226536,0.49852486544913915,0.5325867979105094,0.15761739566160482,1.827625721383808,5.503602033397826,0.3746853969031757,0.5083416669550266]],[-42448424.668537244,-42448404.35671896,[5.121346950969327,0.0,2.4559538700877708,1.6984735808581308,0.5683015598463739,0.9869247439166722,0.3908054565792084,0.3114060765861366,2.445861239393878,0.5713135818271958,4.4657385790542365,4.548776957040477,0.4842523146214529,0.3904684572168807]],[-43183969.423263766,-43183954.2831651,[4.119615710164667,1.0,2.50745181221545,2.3369927506085664,0.10542053824277647,0.6820883357832349,0.46465963057752496,0.2925221216513003,-1.5387508734880777,0.1,1.1487192843549683,3.8197640490083247,0.6225243725864288,0.5434949440345317]],[-44475313.294993244,-44475313.099081516,[9.60024772158913,0.0,1.8246507738592879,-0.2181129479167528,0.3962694933279229,0.4296654207785297,0.43781097816091463,0.632980861517078,1.2098643487318772,0.3170428470442084,3.940276742374713,4.32719792089939,0.5215355614030162,0.6127896873839022]],[-45019328.56559862,-45019327.17001212,[11.029462433504884,0.0,1.9126623338473372,-1.4354964952595488,0.5021455098765517,0.413115309125028,0.6846087337049106,0.7743136736576308,2.8533806628329277,0.34761277428111875,3.511598996572181,3.185730402811632,0.41989057445182176,0.5854050722966971]],[-45049977.09135326,-45049976.15869862,[5.427255108047721,0.0,0.0,-1.2905923923731348,0.542520851577235,0.3341624911300175,0.883886089731829,0.8174087907973154,1.7042361401624566,0.8240953422249426,4.761696435639963,9.0,0.42260197884454154,0.4505042628124185]],[-45938072.22028741,-45938071.07133913,[5.779306519454377,0.0,1.4855978311051348,-3.6262839547761834,0.6454578985876984,0.6059838947737188,0.7760994680310459,0.6748263010510858,0.9017757273604807,0.25317877327291727,5.572271811932817,7.913076190518773,0.6739718687897747,0.5751662419827039]],[-46481485.074964255,-46481484.64718425,[4.245220098758362,0.0,2.503659479973516,-0.31318718421451375,1.0,0.6350830004024515,0.6440465801168402,0.1985714482963934,0.0003295802822083168,0.7240859098340773,6.816019467304734,4.494187603511037,0.5318879516125269,0.4131452745428699]],[-46626792.19764979,-46626792.08331567,[8.315519744241632,1.0,2.9557670316305265,1.550427087148461,0.27906939801546776,0.2421298295752493,0.5928434668085782,0.9272759571148705,-0.44074053085723136,0.38257048113577813,2.2032455874465935,7.359404312946681,0.4162653743195486,0.4765672812255909]],[-46854066.30120971,-46854065.53447676,[4.8639710268181116,0.18852035284944318,0.9927893445010766,0.4885574245097215,0.20294683304230604,0.6275575117495935,0.38427275996222077,0.3013329864520674,-1.3521131085875246,0.5950552428188188,8.107424639751564,6.562565141423309,0.5376175672653616,0.5022825504779436]],[-47693572.016577594,-47693571.411509514,[2.3928758360993863,1.0,0.8749407943515838,-2.4089747411254914,1.0,0.6083898734893334,0.33254330483804473,0.7728727603099723,2.180566772411206,0.42151452521746036,7.2699069109575065,3.623696973711145,0.4998013997885831,0.4418141594031359]],[-52592259.83173999,-52592259.83124876,[6.581540363885417,0.42144831374968844,0.10513351515270064,1.9164921371237136,0.3448925913739244,0.22916361001934943,0.6704253045007013,0.6964425686682747,-0.6623645615916928,0.7430539081178926,1.2123552932266959,5.379454777122658,0.5894318051807959,0.47033055950506336]],[-54189593.30281419,-54189592.97545576,[5.36359614275584,0.6967979752942887,3.141592653589793,-3.4562935912949477,0.28369337348358603,0.44230226052092236,0.8089015500920728,0.3783513000867293,0.4904118061900786,0.8743524721799347,1.084969357009288,6.454777001313483,0.3594174164042193,0.5462927705004675]],[-54328741.3198651,-54328741.10020828,[9.948968837690987,0.22788831139308147,0.010293761387973,-1.8640063334142636,0.21421317009914115,0.5000537887640578,0.7867332063335014,0.6186793758536188,-2.187613391006781,0.6808813978080217,4.980168172065838,1.0465344702910064,0.5137395628958663,0.5747370581430368]],[-54678269.33527821,-54678269.11726534,[6.839403692864445,1.0,2.226885817020583,-2.476080474743662,0.541310495659328,0.21928739617084642,0.705315213582434,0.47320550798558786,1.159365850729246,0.4821839491010593,4.835062168948605,4.923227173261907,0.44743775225149535,0.552639922895331]],[-54857754.15533913,-54857754.13083446,[3.683917969933596,0.6617069187726288,0.4755504453157451,-1.1071877340240714,0.47706544570529297,0.5899861239506909,0.6995885967650158,0.42376205081273266,-0.17899183956766526,0.9,7.8690294315203,1.022515821470929,0.45446169846462475,0.43184655921762827]],[-57869734.38272389,-57869733.658941984,[1.794420788595823,0.3567659541337329,3.141592653589793,0.3094824567301739,0.4005566348109043,0.24070749535281244,0.48940798814186426,0.42209093182925433,-0.922482239589518,0.4465268519129977,2.3594567114963514,5.367682670929914,0.5164294469447486,0.46841033728634734]],[-61531041.870587006,-61531041.581860304,[6.469918584535092,1.0,1.4334652759045674,-0.22788438716686096,0.3621902587060811,0.5826318287990744,0.28963759410089385,0.6561679059744105,1.53700872830848,0.41365510372717684,0.5742231829069664,4.881806141002281,0.37011349146170835,0.5964478642525832]],[-61871648.44698335,-61871646.95944166,[2.9159158649945196,1.0,3.0847406272616356,0.39970825521904674,1.0,0.6722765458726946,0.2780006659668897,0.403926227912425,-0.5351157540775007,0.7831249695251944,6.733004317881638,0.9702130377655322,0.7086876908474974,0.37919867562954374]],[-62441645.4365249,-62441644.72638965,[2.9940063568399657,0.0,3.1022858085578173,-0.9705687888214277,0.503866731511191,0.5579602942788701,0.7982820343691008,0.38295578146272014,0.1485029769517502,0.1,4.315684315139278,2.907562792213572,0.43625129436230153,0.7369805014055949]],[-63534738.54443176,-63534738.43369424,[2.745329968181441,0.0,0.9506023849656172,-0.20185882150182222,0.7069774668296237,0.563051087385113,0.618098832815696,0.6138408675284597,0.38654091411536684,0.7335714651782427,3.2346475024510086,1.621480866666476,0.6288202503574248,0.548201023314516]],[-64037947.85511502,-64037938.20708346,[4.222299316720198,1.0,0.0,-0.46193627824496386,0.6816305776272688,0.6180208540358267,0.0,0.42832792320603974,-0.5105396570476657,0.4419380523308118,1.933659318603242,4.317902504933775,0.48787760165783733,0.5337754231871394]],[-65486185.15285013,-65486163.98316264,[1.9359366592066252,0.0,0.7025647046694058,1.2588922869547385,0.2761373027552576,1.0,0.7536901443232034,0.25478367847366556,1.250645929529485,0.10702459261273933,6.609720710826732,4.336071083374464,0.3681709748735572,0.5852713300625869]],[-66157145.30209136,-66157143.58122504,[7.096698477636137,0.0,0.09617394526622625,-0.20216816907158547,0.6265440474714086,0.742996637810541,0.014865845942696576,0.9256706445773344,-0.34208314488177594,0.29047345203111297,7.592860099315979,4.664990232855846,0.3288704172765693,0.43272530709692597]],[-66256462.86353037,-66256450.875740826,[7.317937694365606,0.0,1.3108231105910932,0.28690569957254647,0.7689481796994626,0.266537538793988,0.4804098806510666,0.3558353974407462,2.5860947934865988,0.8585658957940507,3.4558318677946187,4.586588555713795,0.5019376175867519,0.5127654481459408]],[-66483682.77238397,-66483655.544751406,[2.29106404772182,1.0,0.13030434818275327,0.48667575786107475,0.6262406988059769,0.5101678959550995,0.6723799138713391,0.960918766828677,-2.984732006557603,0.19763425974827664,5.86960890510883,4.8841702277959484,0.23925551132268136,0.6244923244811591]],[-68155229.30205482,-68155220.02258217,[2.4169419648155306,0.806960213263029,3.141592653589793,0.7932956274874609,0.46278696198474395,0.5855717743426397,1.0,0.4435391266202486,1.6016565827590439,0.6763013186981875,2.50749552390611,2.621893002809121,0.5539364941589381,0.5510070367464124]],[-68313780.28839362,-68313780.17961985,[5.879207384783729,0.49208007342405136,3.141592653589793,2.4274244215342256,0.4540530743901008,0.1745644022008478,0.8385605312356342,0.5481447189925277,2.1462609796280097,0.8735666564012887,2.63378983605078,4.224965956861223,0.6157878802775547,0.4414605734736531]],[-69128646.10690685,-69128643.48030579,[7.695654624903048,0.0,0.0,-2.210968569196215,0.30201137847068416,0.7855123918892487,0.42221196699232966,0.5998124843855754,-1.566362634404986,0.24204931856441175,3.767099823631999,5.286684363454619,0.5357550597013743,0.5168843117857821]],[-69818027.91207637,-69818024.94128072,[5.145328344531893,1.0,2.9007669024857754,-2.3665257756102798,0.2832884523210998,0.6828665097329901,0.7544733796988236,0.7772751310855766,0.28862862794832617,0.6019412656018075,1.5521370164644153,4.288390096921462,0.4295718241031585,0.5521149368589942]],[-70378795.61490838,-70378795.23439413,[4.140098122566789,0.10141854331967343,3.141592653589793,4.0,0.12997488561909581,0.7627311636436369,0.7621204801816596,0.4891097957966436,1.1995903288464296,0.15638160524970973,3.9341641908910345,6.332102587955907,0.4295327912632071,0.6028164863583482]],[-72675610.77865927,-72675609.83298838,[4.3681204149097175,0.0,1.964582373112968,-2.149432505644712,0.5731822249612595,0.826546623573893,0.7886296598677928,0.7537543251879611,2.301013528932268,0.38178718210750595,0.0,0.6010184590701515,0.2392003464333597,0.4784718389327328]],[-73906316.71830766,-73906314.50120682,[3.782701896761023,1.0,3.141592653589793,-0.18692689826578607,0.15395209805870436,0.25918891355725426,0.7136380902374476,0.24288314330950322,-2.416855875088237,0.6998680833581991,2.167252169246368,1.255274195469529,0.3974097514689879,0.6322425700407401]],[-75051533.84122859,-75051533.80572438,[3.9125331457213015,0.6130111151476222,0.1066140618863991,-2.319721986915412,0.48994932825124243,0.6040133036902087,0.4803578737988117,0.8231723902580181,1.882462563958142,0.2521405020204386,2.9270749731122905,4.240045325548085,0.2640389362461065,0.45306615857700655]],[-75465110.67798832,-75465109.669783,[6.053802829447125,1.0,3.112926184044062,0.5163237332949613,0.48066735191509913,0.7720796660090137,0.9764310696710139,0.7688751941058598,-1.9876022608147381,0.5200844875975,0.4302427675583407,6.65091631804728,0.4886862222177149,0.5480182357937547]],[-75516486.21757357,-75516455.9754076,[3.6866538184064197,0.5751404292241523,1.4256757806113731,1.6236345355246438,0.6596531405067151,0.8311502611708963,0.3775476856254078,0.146991445956683,0.25074250568236983,0.606786286228445,5.49006096887928,6.028384955102054,0.4688744387723613,0.5628848905745825]],[-76190063.75831415,-76190063.75501943,[5.162479350489674,0.0,2.070422011549062,0.3448755443890232,0.5719545878191504,0.8831244828139122,0.5228056016383492,0.5921742828017738,-1.7442735571038468,0.308261055630099,5.214201018215788,6.277736751908437,0.5125783090896513,0.32950459658691933]],[-77219293.28537916,-77219291.79383028,[5.137016925735467,0.0,2.7420726628648877,1.0617641359164416,0.5054578437374941,0.8100280262960831,0.8001704920801755,0.4185172975245293,2.23602286935824,0.5998380434253281,6.344003511539567,9.0,0.37040643280255986,0.6361374071531145]],[-79161057.8718124,-79161017.71052432,[4.054389408304087,0.0,2.771584514852184,-0.17183465105268422,0.03155710895329522,0.3466723678103173,0.6408812057367758,0.0,-0.4060059268419849,0.5862548682487876,0.45162706827454,5.99647437768654,0.5500476825707993,0.7291003130172965]],[-81803738.27240385,-81803738.23230195,[2.7127654063902424,0.0,1.5091896033898191,-0.8042984120850829,0.4292922049191979,0.6695132388668095,0.7814831802847899,0.6236530315715048,-0.5833079492095611,0.9,5.554520253956251,1.4142632919944447,0.4581827543024044,0.5786977142087653]],[-81849137.99711806,-81849133.50004888,[8.143164238572004,1.0,2.546280201756057,-0.8713031815062473,1.0,0.7956420437008485,0.33739796071668604,0.4604421345379434,1.6395099616602629,0.4465059891500184,5.835426901877719,0.8223030642626212,0.4704065375939004,0.4898586031526838]],[-83181868.87161839,-83181868.87161839,[4.262474194760933,0.43000004221817845,1.3269843257176894,0.668301232999599,0.14847188337951878,0.694062708301671,0.48369385108781177,0.6781595300414038,0.07417083889584801,0.46146294974969304,6.556932553902351,3.8027093074923677,0.35830168852502875,0.6095357263355319]],[-85028199.69638212,-85028195.72697604,[6.205118428870483,0.038581060147155066,0.0,-0.40989207669276106,0.14359499695588257,0.46879806856205203,0.40304891176517277,0.5159217360105565,-2.261989789525379,0.8591352748295001,1.8137587865733238,0.0,0.48141530151142903,0.6412600496877557]],[-86199536.9396113,-86199536.93680942,[7.343888724775326,0.4689787577347536,1.8368962954577166,-1.5404379197010314,0.632284086425003,0.0,0.443615974174229,0.5088169310986365,0.08452641030489999,0.7340750769244795,4.9653362671638135,7.203412788241433,0.5671263110426514,0.3949225950477861]],[-88636914.15526342,-88636914.15526342,[5.799650160927569,0.003737681047579211,1.0996230747982758,0.7550881711304386,0.038123675560137016,0.7428872786933114,0.4476448506262878,0.33249295034563997,-0.2477911979968874,0.45914658953514753,5.087821084409564,5.485175806808556,0.5294320681599952,0.610879354913229]],[-89538892.53364491,-89538892.53364491,[4.1436763683601825,0.23920767241427093,2.7163637123118862,-0.6531538266729724,0.8037894768026194,0.8298891061599909,0.37146110071282357,0.6409330701980438,0.723001175039638,0.4391033505830533,6.36066974512825,6.645012596851238,0.5854297299297538,0.46762734017226953]],[-89637300.79818796,-89637217.90029848,[5.439699727924299,0.0,0.9273382397670887,-0.4947805542412592,0.5026300604910999,0.7815710883105754,0.5086430981372753,0.08718376016912172,1.0481215511937216,0.6135399462820429,9.0,4.991412029391766,0.45524596646531035,0.40647898371330726]],[-90775595.6781701,-90775569.38193703,[5.816456468034257,0.6501791738795976,1.45429848363826,-0.18514604331769735,0.5770811545088977,0.6766286812765272,0.20798691851879425,0.39231379485578366,2.407704446969514,0.5541561128471437,5.074954687612857,5.334077131158823,0.529471022308082,0.45213280101158027]],[-91945104.03176063,-91945104.02757543,[9.595921371766055,0.7417894524213473,1.9495386452853878,1.202018736858608,0.66751044218025,0.07130762268453883,0.5095327601140386,0.8006696441285144,-1.2372238990017792,0.4961932100795616,3.630053910266979,1.557042705303501,0.5049390300310478,0.5859437231068529]],[-92169900.28933671,-92169888.39696461,[1.637963184543096,0.6722915687449043,3.141592653589793,-1.5706907935677783,0.7035661433855436,0.04846939259693123,0.1913260074594227,0.29644101877417983,2.3509398556449073,0.7144130683913312,2.8805333910274626,0.8275864380006883,0.512377895347425,0.4870222767152962]],[-92345177.43746278,-92345137.55578858,[9.975217574335247,0.0,1.4306341600219266,1.5214936477060346,0.5460710253493875,0.4853508099678822,0.0,0.0,-0.8640332031059281,0.6043517429146905,3.4252349850725734,5.023587838768402,0.4706981188116686,0.5985326384253304]],[-94085404.19198394,-94085404.19198394,[9.405885208653599,0.16150293906201185,1.760839302276385,-3.1153475390509353,0.19262869844904923,0.7858502559817383,0.29035905986455446,0.42262203643269186,1.7213124802240096,0.6613348450591727,2.0147782108878456,8.676431385308199,0.2976618724972855,0.36587122330111715]],[-96450026.46810468,-96450025.82052219,[5.876216912384459,1.0,3.141592653589793,-0.5720796740044568,0.14585722239494192,0.5486946407847214,0.5789494350946487,0.3355642992975515,-1.7286901285339784,0.9,5.647856284730512,4.533760308844116,0.43946616156433405,0.576267898835943]],[-97919609.9215239,-97919606.24726462,[4.577962197853105,0.0,0.5735199474174362,1.1265210752396968,0.8039176456591963,0.4327076362416761,0.5673478280021944,0.6675610427934114,-1.3070668507479677,0.6698624818975989,4.030439881006308,1.010197600483881,0.595600259732423,0.6700788019077861]],[-98740220.09876966,-98740220.09876966,[3.8048233836403442,0.9226953447588373,1.14354989091187,-1.9709891669645767,0.8318485119968999,0.14563527096307027,0.4051810302756229,0.5544613033768094,-1.568712761612578,0.6035547080652061,5.091198484341656,6.126707281333375,0.3774302465268768,0.6295373380090794]],[-101726814.66913533,-101726814.66913533,[6.01069335379008,0.5326572954098523,2.3874064282066287,-1.0682776635360192,0.7486369701097796,0.8712496147789472,0.31354557208523204,0.6044180236078252,-0.6609113643841646,0.5112182905757973,2.269212478180618,1.6109620256979538,0.4216559258453163,0.4609719811832979]],[-101884622.74540854,-101884622.27149951,[6.828459699464617,0.0,0.0,-1.62964832379475,0.49353681501501323,0.6363602399368458,0.23243345077232697,0.7131340222825746,2.4289351788818636,0.6700398004813842,2.2102085497876924,5.426724208518521,0.4973970998085368,0.4560465230210658]],[-102639231.7161264,-102639177.2322576,[3.95031052826906,0.0,3.141592653589793,-0.3213426454458381,0.23257829264707047,0.7981464560938781,0.0,0.1166487368228441,1.0808119335855886,0.2923625328072502,6.7465983603361845,0.0,0.5954698230416308,0.4541516166746514]],[-105559791.10511523,-105559753.51611876,[1.5300180202193414,0.0,0.5931053768069089,4.0,0.5301133060656815,0.3812333679278931,0.3512782328892623,0.20917812735794505,2.23984431913416,0.6352675425051316,5.814762674518511,5.608465222548573,0.6140678023758156,0.5227147573106584]],[-106557238.9325642,-106557238.9325642,[7.891467979856182,0.20376362265526454,2.283462124088861,1.4805727294425162,0.91146956475497,0.8574036538786531,0.6010444575164451,0.649286236421125,-1.122161942667376,0.6342936267500074,3.3584501807334433,1.8091480571662384,0.49300437068325514,0.643786712666392]],[-107660858.08947945,-107660858.08947945,[1.1577197580800798,0.8375047270353481,1.6495592790024867,-0.7732571105681028,0.28038551748672835,0.6850547074934908,0.5939821403382042,0.5992284811725676,0.6853767233936138,0.5961249231548067,2.108824209188903,3.5404826363419386,0.5835626374335665,0.5548932146480722]],[-108389648.51771028,-108389648.5040679,[4.08847170521031,0.987570793847598,2.4125200529454913,-1.0660109578384307,0.7618128249578273,0.9526014421887371,0.6353626691699976,0.39693555137243297,-0.2790374530585816,0.1,8.101003125941613,5.661557348834155,0.4916113203958872,0.4880809984628579]],[-112958072.57734475,-112958060.38862371,[8.151932833226248,0.0,2.0748879822633812,-0.15008082609277848,0.3692098930541966,1.0,0.4172347272589232,0.0,-3.4712440223790004,0.3296086502075577,8.27147123229046,3.7387375880006672,0.28011242023969474,0.39703665137795524]],[-123236080.01610512,-123236078.94275653,[6.637211687494226,0.5805341716636412,0.0,0.4354375819221601,0.13953420925361049,0.6953129938156842,0.3010476158633495,0.3807420511944747,1.0969924357840855,0.9,1.0475356460317928,4.645486495211551,0.5919851380600915,0.6508710680149798]],[-130065369.93650413,-130065369.93650413,[3.858726737595564,0.3867351833799877,1.6900167445384053,0.3135221596516219,0.5370595326034495,0.7589443700809162,0.3658611123021722,0.5226370228366917,0.16299184531814312,0.7453609158345054,6.0608711621880875,4.282968431732677,0.5669024116182041,0.6047845850070129]],[-140337342.34701872,-140337341.95790738,[0.25735954866180855,0.0,2.195050453057242,-3.9059317869277947,0.5261664063376044,0.44221901469399366,0.8330409518743778,0.3049092193481019,0.6784122512105761,0.5670921734156092,1.9263074923478203,3.19508390796586,0.5002977913971287,0.2765128798124932]],[-144242213.20275673,-144242182.59698623,[3.648149849088118,1.0,2.1178374093106975,-0.8772936062400909,0.2692694204721465,0.0,0.34868494142774353,0.7319680018576198,-3.1022788202553193,0.846765835395086,5.213986874066753,5.433739293183303,0.5298210843522555,0.6309768064506666]],[-144423990.8866735,-144423990.20655274,[0.0,0.3359833891926837,3.141592653589793,-0.08949028333268723,1.0,0.41931287018786806,0.6048507120180399,0.7026713466855079,-0.5551175498205788,0.1,4.986832541798831,2.4743008825135595,0.47503952985316267,0.35227184698157965]],[-152795765.8293058,-152795765.81970906,[1.161790665441587,0.0,2.299660852167873,-1.6320619695022747,0.5959790340891556,0.9886831780982202,0.5254667803641038,0.7312661639906544,0.014053230781678312,0.31552426414887136,4.234075850857144,5.392209879582419,0.5079005395872968,0.46539953450106186]],[-168462543.11265782,-168462519.25470865,[4.709846336075557,0.13429019901455447,1.2146431579753283,-2.5922251278640243,0.41336231223522185,0.9673518115968573,0.0,1.0,-2.5138088445260345,0.35775029376084516,4.88497455961995,4.495405009072856,0.5832682007771923,0.4634854439657586]],[-214680211.06315354,-214680210.9591983,[0.0,0.18529778082746667,1.7962064156065747,-0.28011758871020137,0.12265752403141578,0.6445075533322094,0.7374531407862828,0.2752205659178607,-0.3364756371521036,0.3284902635849549,5.480998801370044,3.9803233744185653,0.4453078559717944,0.3476006251046703]],[-300958697.5120219,-300958693.81304616,[0.0,1.0,3.141592653589793,-1.445373754521446,0.47678475109700097,0.4401896803962002,0.4364873140754805,0.5337903735004739,0.07402460924521712,0.6339663212257652,4.195110624098539,5.666566597214613,0.7114184768214391,0.6292322623703474]],[-361470593.53621805,-361470590.69362104,[0.0,1.0,3.141592653589793,-0.6901053667272943,0.008825966236815252,0.6835100632745205,0.30205988755418417,0.4453950874993999,0.17002256541189503,0.5041541156113198,1.2110742568369308,9.0,0.4260734689815072,0.5988349288860515]]],[6.027290454015031,0.3708450976163708,1.6490233416111355,-0.6751553593590749,0.43113907505215193,0.41137665011903324,0.4430392138762883,0.5215129107112965,-0.4630773734708666,0.453523932248439,4.274803759613925,3.9476230355482436,0.4682585024644706,0.42542377165628703],[24.260870094634665,3.603082980718244,9.083115122318128,8.945432095598527,0.24784590650972635,0.23024239523028422,0.2435746873446328,0.2366835502701959,8.911329664227548,0.23543757980574148,16.07778879063502,16.585440785620968,0.040423180043328705,0.040883407177378234],[[24.260870094634665,-0.21341337595402488,-0.2670677794282476,-0.5209864053983442,-0.1132871429966682,-0.0645778029596114,-0.08298781638211646,0.016287624216474724,-0.31418860729930304,0.04340395302890174,0.20980809524998567,0.658900841052862,-0.028909014671840212,-0.07544562829042084],[-0.21341337595402488,3.603082980718244,-0.004534166464179622,-0.026193839121122147,0.005795958961002792,0.009868446758166134,0.005341664668189804,-0.001230561360929389,0.053777297618345016,0.0013276007660175965,-0.16722436237055788,-0.03236443497603834,0.010470842872730788,0.010933982826968718],[-0.2670677794282476,-0.004534166464179622,9.083115122318128,0.015010890191320925,0.05146132405753386,-0.002085596250774441,0.02027348073026862,0.0036959598339786175,0.1465325687312245,-0.02760704709946364,0.0020749803755591885,-0.27865856948000545,-0.0031585765625403665,-0.000676546994665699],[-0.5209864053983442,-0.026193839121122147,0.015010890191320925,8.945432095598527,0.07060938623362997,0.054765882014798394,0.050772848179442324,-0.018936211154826056,0.48048771735694223,0.015970729547189026,-0.06047563830672149,0.3035963814690154,0.027842214043382097,0.047913594058247175],[-0.1132871429966682,0.005795958961002792,0.05146132405753386,0.07060938623362997,0.24784590650972635,0.005152460834102781,0.008180221298343875,0.004767217714167565,0.038171664303664476,-0.001710318171165667,0.004449476087667481,-0.12721794412360532,0.0009257960165316817,0.004781400506323954],[-0.0645778029596114,0.009868446758166134,-0.002085596250774441,0.054765882014798394,0.005152460834102781,0.23024239523028422,0.002158940012805502,-0.005854152124181604,0.03544688248864309,0.0030781155319433975,0.0014038465715982473,0.03820154025292963,0.001971127306697514,0.005364770212550107],[-0.08298781638211646,0.005341664668189804,0.02027348073026862,0.050772848179442324,0.008180221298343875,0.002158940012805502,0.2435746873446328,0.006094044020465046,0.10632156084304173,0.0002152205489779503,-0.08921362870556813,-0.07993211623461148,0.006467194815495528,0.0053592866708723],[0.016287624216474724,-0.001230561360929389,0.0036959598339786175,-0.018936211154826056,0.004767217714167565,-0.005854152124181604,0.006094044020465046,0.2366835502701959,0.00601963675803586,-0.004444886978780464,-0.07581832311140646,-0.08131538237432481,-1.6302313115769716e-05,-0.0009300312662706052],[-0.31418860729930304,0.053777297618345016,0.1465325687312245,0.48048771735694223,0.038171664303664476,0.03544688248864309,0.10632156084304173,0.00601963675803586,8.911329664227548,0.027411016280371264,-0.5027119245987495,0.20729350579858055,0.03732593592465111,0.033717705061462516],[0.04340395302890174,0.0013276007660175965,-0.02760704709946364,0.015970729547189026,-0.001710318171165667,0.0030781155319433975,0.0002152205489779503,-0.004444886978780464,0.027411016280371264,0.23543757980574148,0.02760641069562531,0.066246370131336,0.002659171871728502,-0.00022237202049749712],[0.20980809524998567,-0.16722436237055788,0.0020749803755591885,-0.06047563830672149,0.004449476087667481,0.0014038465715982473,-0.08921362870556813,-0.07581832311140646,-0.5027119245987495,0.02760641069562531,16.07778879063502,0.6727987810430349,-0.04712511380432939,-0.030113894168779236],[0.658900841052862,-0.03236443497603834,-0.27865856948000545,0.3035963814690154,-0.12721794412360532,0.03820154025292963,-0.07993211623461148,-0.08131538237432481,0.20729350579858055,0.066246370131336,0.6727987810430349,16.585440785620968,-0.0030420687480265567,-0.0016403485105827428],[-0.028909014671840212,0.010470842872730788,-0.0031585765625403665,0.027842214043382097,0.0009257960165316817,0.001971127306697514,0.006467194815495528,-1.6302313115769716e-05,0.03732593592465111,0.002659171871728502,-0.04712511380432939,-0.0030420687480265567,0.040423180043328705,0.0026571249004172792],[-0.07544562829042084,0.010933982826968718,-0.000676546994665699,0.047913594058247175,0.004781400506323954,0.005364770212550107,0.0053592866708723,-0.0009300312662706052,0.033717705061462516,-0.00022237202049749712,-0.030113894168779236,-0.0016403485105827428,0.0026571249004172792,0.040883407177378234]],0.5409670214159573,[[5.859201553294863],[-0.7366413283645034],[0.4461716206254364],[-3.850781748054827],[-0.3927516671052877],[-0.5054676282168161],[-0.3248786409223892],[0.12269994271131351],[-2.6411845406834704],[-0.26507853479674026],[1.5673567381923903],[-0.2987345889112226],[-0.1810391899751443],[-0.4253491806942867]],[[1.5562433129599242],[-0.48914221967347726],[0.18860844526791176],[-1.704655856424808],[-1.0431748251478983],[-1.3425559936366744],[-0.8628995057776483],[0.3258992946533271],[-1.1691939428790088],[-0.7040664046702086],[0.5203756050734706],[-0.09918239330781518],[-1.2021306410942008],[-2.8243900303968337]],1,100,-2964393.8010142874,-2964393.614202559,[5.879213229081261,0.0,1.8584168648474138,-1.4356331473558976,0.6307421594706117,0.3339223378025826,0.37514252297342304,0.7225783590447246,-2.1889542541441154,0.3054773575244837,5.689236049668926,0.8189817417039538,0.29609372267677125,0.35595253307785324]]
