["generation","mean","variance","covariance","_sigma","_p_c","_p_sigma","iteration","num_evaluations","best_score","best_evaluation","best_solution"]
[[[-24866677.965505626,-24866677.767267823,[4.249270512580417,1.0,1.469116073840473,-0.9967691964573205,0.9706887010806766,0.32457557814058907,0.8473840889058094,0.7304067673297227,-0.37090779458897094,0.1,3.022996880500714,3.5978022948109882,0.7482856573217449,0.3903915773055587]],[-34054923.980177246,-34054923.95697808,[6.7028169204584245,1.0,0.9052356038819832,-2.2688107208199453,0.7067059275798377,0.37097351317864224,0.5097370979660599,0.45739828756629364,-0.6925962390296921,0.20718298998511792,1.4342612361157148,5.738854987213726,0.5737003845699471,0.36619368692782067]],[-43361572.95448819,-43361550.586885154,[8.635047982440286,0.42068634734933635,2.2007830626400917,-1.1744019404016581,0.23927990477158556,0.25268616843824343,0.39663627515700906,0.15882502737567472,-1.439993253941463,0.1,5.971318863155897,1.5459139647390088,0.3854711068232901,0.4375632582805507]],[-44871412.22434452,-44871394.99274206,[3.448811857616728,0.37019451758077004,0.01594234989947907,-1.2712767786961958,0.26452963710056654,0.3960935438466536,0.7990206323015115,0.11417757091470149,1.455119165577413,0.4858059190463075,4.147893697567772,4.006704386187746,0.4357760163243835,0.2927011523849573]],[-45110315.84405225,-45110303.6910274,[7.854785376314889,0.5800613558012155,0.24664155021175316,2.894909851278385,0.6042978308534968,0.19622022278946755,0.7837105535104241,0.9875179741838885,-1.049352036614704,0.5039170459301264,0.0,3.419729196505332,0.5039343362074383,0.41591270878564984]],[-49227836.17148637,-49227835.63896656,[3.7356020914749606,1.0,3.141592653589793,0.9987747751631191,0.02297599527008848,0.24504545632545532,0.28535578835338415,0.690465960761186,-1.4338689521233743,0.22513041772735143,6.396152321285204,5.3402986298668695,0.5906176566062975,0.5229808320396785]],[-49822359.9805694,-49822358.59081161,[0.0,1.0,1.4608761357974707,1.2439886717793844,0.5106893468026679,0.05466945803292472,0.46206761334940766,0.12072109683147253,1.2298948082961572,0.41478999293931934,0.0,2.9237705369372358,0.40882067003101474,0.42379831929812395]],[-50071614.13871894,-50071607.33492839,[7.259067554644609,0.429105322359969,0.3695516738882665,3.9221493106038494,0.5937171990193143,0.7775896777675273,0.6756274095349593,0.13473123603250475,0.4989233016882203,0.33160466706937775,2.606625308109212,5.792501959338367,0.6146590045709643,0.3903921515186914]],[-51865624.26310324,-51865623.550658464,[6.875164851812929,0.0,3.141592653589793,-1.3614350808005535,0.3679398574748215,0.3446662277170554,0.6371923605532204,0.5707112097501456,-1.517018035041652,0.8009291068689173,5.954019565959858,5.910301376141071,0.34467666538159103,0.30296831758751974]],[-52025419.68482734,-52025419.63031262,[9.30524646020198,0.0,1.0143115833720744,-0.31078194499991935,0.7237525665504538,0.09771775983069453,0.37009888953256787,0.5687781542715352,1.593748296949645,0.7054049823190109,4.427962632425179,2.333195620250077,0.7128543581418539,0.3706324782055801]],[-53170960.30920443,-53170958.987696946,[9.531254171730442,0.0,3.141592653589793,1.885744001316312,0.6487722649081676,0.37267710964482403,0.280364146969592,0.5537294213197392,0.30657226040601193,0.1,3.279106598800042,5.252339327141959,0.46339411507648454,0.4923725432804114]],[-54093535.53045196,-54093534.97385943,[4.51310556233352,1.0,1.4892475208022709,1.3730711542649776,0.4521786431488375,0.5056551848901214,0.5416739829940018,0.4826036959151559,1.099705385476689,0.28880726679475277,3.431359596315829,3.990280205832597,0.6681356317797296,0.4879377780212345]],[-56543320.58625842,-56543319.1371336,[5.899780132609592,0.0,0.0,1.3351770397064309,0.12565201075290983,0.017772855988450242,0.4012001375789784,0.28313330105798973,0.3516646221599416,0.5253618810624883,4.369314145171285,4.1154055216578955,0.36526840403975636,0.461807425395609]],[-56950280.42072606,-56950260.98066181,[4.064005547020892,0.8731958189796128,2.1677383168069,-0.39156585283443457,0.594937317229848,0.21239627026013647,0.8046986159181684,0.04858770864949624,-1.349353580884176,0.23321871364786062,3.5718271217367143,2.242893069254249,0.431540877283916,0.5570750704984173]],[-58465567.525874645,-58465564.0660764,[6.173828644437763,0.0,0.5290921623352052,0.455184633267333,0.30649278068073627,0.3236530167727084,0.6222437195405439,0.3048188969482918,1.0545155035086924,0.29282843106133427,4.959858166962674,3.986636969179912,0.4947386459186797,0.50234147367031]],[-58651551.5849397,-58651551.47008765,[9.371228707344052,0.0,0.0,-0.14776667497740442,0.6504070385224913,0.40803625335343296,0.3218417410096649,0.4852710375758172,0.005556942152973076,0.749505969962288,5.395446696915925,3.0564034970058227,0.48619293931661683,0.3020192085150949]],[-58891075.38075489,-58891075.2935096,[7.344469967293909,0.0,0.8047165875670276,0.3891257658832499,0.08440235750072173,0.17410960576879353,0.2374783809241129,0.47879675004584743,-2.373132339107832,0.9,2.216268554095569,3.4037185654932487,0.5087482893916976,0.3473746175071433]],[-59807126.91035238,-59807126.42844242,[5.13697042691799,0.9313685386254783,0.746455723494682,0.9442846614864582,0.3582307040136703,0.2233796001112377,0.27445769880511595,0.6552623171624068,2.6532621598226216,0.3682822882915773,5.019954747456882,6.671760839795994,0.4342396480651076,0.5113967278448425]],[-60644327.53449224,-60644326.828920305,[6.476102715724565,1.0,0.09611741045208566,1.8009218723256457,0.2918129585185385,0.7705936715676064,0.6062778973826415,0.6858685783668779,0.8649137177127257,0.4237456019865064,5.057625738951447,0.6201790368655793,0.4656007670295189,0.42208051937266555]],[-61169990.33472755,-61169990.28947568,[6.399003153967496,1.0,1.0393092501687318,0.10726790409852356,0.5625808670237229,0.2983270859923138,0.11775070773506413,0.6423284495801813,0.12143421084917505,0.497506991605923,8.007607093822635,6.125502787085493,0.5656624963380595,0.4975411074074867]],[-62457571.1678647,-62457571.12283921,[5.450612617003629,0.196777169172985,0.048942496856118956,0.6689488874501586,0.047276775911657076,0.3892773165629649,0.4173617254287298,0.32392133800462075,-1.8133975931114428,0.45518861618671547,3.53426440351007,2.0204546589062797,0.4604695614148562,0.4481401222629675]],[-65141557.55229214,-65141521.64997828,[4.811800595118641,1.0,0.0,-0.9679901209531772,0.6407624069692387,0.48304219673640597,0.1337563135084327,1.0,-2.015241577677863,0.4322432821650044,5.06554772996559,5.765349550423436,0.4423486618655116,0.3790604977183864]],[-65189722.59623454,-65189722.31953323,[5.161939989877775,1.0,3.121409181154879,-0.19192751478029096,0.41352723466401137,0.16711275652882096,0.39330554653482747,0.3630185471787538,0.8885251740046218,0.5991145394649953,4.786017679357435,4.135710486815842,0.6363617048181404,0.5401625448340784]],[-65395141.1328115,-65395139.56287122,[6.871604731925903,0.8769665675473368,0.0,-0.18411530304284246,0.3810774302426325,0.5229776392544889,1.0,0.7455971062816661,-1.0812804264871818,0.31132993340728166,3.3720892147959747,1.8193124447920126,0.7258100492293105,0.3911396028581222]],[-65883844.290675044,-65883844.290675044,[3.0014210648952186,0.42348511132680433,2.4363647424470454,0.4938960825631341,0.9215079711597899,0.5337007298023076,0.49363596003673904,0.7732250360192072,-0.035753172167087496,0.330488764692515,1.771148302224204,4.145591392821173,0.5995296997466089,0.40201313912122816]],[-66629354.58982576,-66629354.57822645,[2.7890092987618047,0.0,1.8967062037544857,0.9617828313854178,0.4563125555021903,0.3285674223530539,0.6066695338151137,0.4252752554667313,0.851570277555684,0.1,4.768221416198868,5.720514342690535,0.43266381625745565,0.579499383884983]],[-66640734.45970946,-66640733.89215541,[2.6914459332143936,1.0,1.871950354651418,1.62245851833723,0.3830611630784933,0.5141472511244506,0.893752967875614,0.7992952279923826,-2.1200672265025,0.45369930234237604,1.4426642486735801,6.775585678756297,0.4118121844237082,0.39771034807141586]],[-68015136.97376089,-68015135.36966252,[5.6053425086884765,1.0,1.0335615318586022,0.9997297762783899,0.6342962598697273,0.30592813374512456,0.6876269490834488,0.29841581426026187,0.038523005662827,0.5490583590072468,7.487224612097479,4.936344905383779,0.7714215830837892,0.58063560517554]],[-68468269.01011567,-68468267.18747008,[5.626876912408096,1.0,3.141592653589793,0.8996340833278615,0.4094621410654139,0.40957052530229987,0.31669458129049777,0.6799964918742899,-0.4924326977352116,0.5178117889428313,2.404963579019772,0.0,0.6453638173738816,0.5119410993821689]],[-68652622.29762548,-68652617.47838104,[4.331180377518946,1.0,3.141592653589793,-0.31714739987287466,0.32481066606304276,0.16396670714667855,0.9780690609739975,0.5469745651929927,-0.32954253781214493,0.4082375189286892,4.245311253322609,7.0701080226558135,0.2579793012185556,0.5139853178904679]],[-69014254.57434915,-69014253.0194577,[2.855674251249492,0.0,2.076471492821127,3.2798450236665166,0.5202339244461901,0.4252640383869136,0.9881277015437524,0.8261605578823004,0.22050753927899203,0.1,1.681528313517569,4.253744435900048,0.3541741774432517,0.5227256477513023]],[-69098587.17696415,-69098564.83649814,[8.794105256194854,0.03032703169441514,0.0,1.3454460780273807,0.7347377396951309,0.43672952046607577,0.970484524242164,0.6742658939304841,2.0597775673084193,0.6128494675000098,4.6962378744031,0.0,0.6531244932552237,0.49015247855272825]],[-69136016.2974895,-69136004.8978728,[1.0572743067325465,0.0,1.5872712665020456,0.0005703639566360147,0.5419442698435561,0.28992473331710367,0.7144722155887974,0.1899989567275947,1.5229091351779012,0.3256680592016864,3.09096846177943,7.9528074563237166,0.6407541965366955,0.42362039848831545]],[-69280450.1179493,-69280442.17757058,[6.217591781177154,0.0,3.141592653589793,2.6393720596392525,0.7627633563760321,0.1944542250603435,0.9260088654850251,0.2144728499105814,-0.28014885810771406,0.32530407924372307,6.664761899285066,5.977544244329802,0.4042347361025401,0.6096109974335778]],[-69527643.02244511,-69527638.19119549,[3.9329917170484183,1.0,1.7937476971826214,0.3606608556239348,0.40462201292870936,0.4645032215920009,0.22244483652006436,0.8422030726840722,-1.9120542905561977,0.27422701300103736,4.099678412542762,3.9187219138940312,0.6156095253547788,0.49471600841197294]],[-73353668.09074737,-73353665.86917937,[4.066781646840468,1.0,1.398901789077849,-0.08511064493630474,0.8266399738948798,0.40574053937058685,0.27772455696509196,0.5265342736611849,0.03967596580196797,0.5089902299114742,4.1472592117474045,9.0,0.46486979952085133,0.4859523541814475]],[-73414196.20137715,-73414195.97754759,[10.02769455328038,0.24031605190685462,3.141592653589793,-1.7751284978627084,0.46859053470948864,0.11436604347927293,0.42122996891289793,0.5957197407610968,-2.5055981055911634,0.5395127910215691,5.257441484252599,0.4015048235882266,0.3279621331826391,0.5638468187003722]],[-74606098.86888719,-74606088.04157382,[3.09270974170976,0.137625063255584,1.056683758506117,2.3314065649946434,0.7126436079417402,0.8743410776493614,0.4606036823490356,0.06290702713373425,0.25111503566946974,0.6219952051044574,3.2648349603825184,4.100512669442674,0.44126284572236024,0.40797317736424893]],[-75839649.18217227,-75839648.24167955,[5.009902274624867,1.0,0.42376127376315686,-1.8602744619260028,0.542696393185472,0.4720411505163401,0.6134144876612107,0.8497868780266973,1.7905834624392933,0.4691867107065701,3.8183100912651087,5.4455541073408265,0.5365373827435359,0.46327647165469227]],[-76198600.14549907,-76198600.13133764,[6.034700834101857,0.0,0.03187942262593202,-1.8228603605320641,0.6563630807637477,0.4763983915126162,0.326156436233869,0.41425240504724015,-0.8587682053650129,0.1,4.333044610853196,6.281938229273608,0.5289360238675284,0.5443452361376703]],[-76775476.07120845,-76775475.38078171,[7.101207072791034,0.0,2.6364299757774132,2.0615667348816147,0.9411912807446032,0.3272825488018871,0.5083765812682565,0.446613294880464,0.6995250050850363,0.7264471513423447,0.8137811928610019,4.934426887682576,0.44601423254302575,0.5179662876501113]],[-77048252.97321232,-77048251.50525701,[4.825827722487646,1.0,3.141592653589793,-1.8711576076188732,0.6204669988360376,0.5003374303951595,0.3241050563511445,0.6684046097884254,-1.7480043563802419,0.5285711365325393,3.7792469644628914,7.105912921177613,0.6947632066116999,0.4772388668423066]],[-77474873.60421455,-77474819.51559031,[7.8818622427368785,0.9625494553034895,0.0,-1.7433454593937638,0.7637910225691015,0.39479873534807897,0.387829444153149,0.11742998560164153,1.1805117381203964,0.3831731682766302,7.234052469286131,0.9693286324388981,0.43525549993935353,0.5799314781970756]],[-78371925.26789968,-78371924.39561433,[8.05370318657869,0.11700174667149515,1.0411031198900655,2.732178006964593,0.3801642688482478,0.4978455565693564,0.9575241116931096,0.41542946526802244,0.6515611655905604,0.1,3.3973232484768943,3.362629200467324,0.3244737033198314,0.5598551843341939]],[-79868992.34362735,-79868988.55633187,[6.082823511025655,0.23393998633371493,1.5411670626061242,1.3204191809969597,0.40421975058695997,0.2447705205304277,0.34805715967456874,0.24952147559273524,0.651777247548786,0.6991615090347497,1.9116168521471995,5.193860389952535,0.5701464052120353,0.5813058325309629]],[-79909450.77620026,-79909450.73050249,[7.194054580628684,0.25137880683528074,2.080528118414771,2.7516920231037867,0.456490239186437,0.41311209812564353,0.2786055688684504,0.7821944206517901,0.5062711118313012,0.7780361740966959,3.2876578689765497,3.9218154224066257,0.564783832889662,0.48882484801846776]],[-79916155.0715909,-79916155.05973327,[5.1738300293048365,1.0,1.669578003660868,-0.533006929366413,0.4031137813949892,0.31286888882453523,0.6741448065371198,0.364217234540828,0.012263425893842135,0.5610488233440237,6.393918768058803,3.502556548463223,0.47123945578790405,0.5951238278495301]],[-80610464.31092921,-80610424.08488512,[5.857796893074947,1.0,1.9117833402765219,0.28841156175668026,0.5006262476997877,0.37098375943157785,0.13459889521062873,0.2340974366794492,4.0,0.12650516567946563,5.366706058664738,5.316518815538256,0.40835638660312434,0.536365878253643]],[-81177490.83661352,-81177488.65517211,[7.507462590414756,0.0,1.575881940630187,-1.5755093310958577,0.39592711875254194,0.3581747805481767,0.5914349553058476,0.6059224323995007,-1.0737007738609006,0.6419877713930537,5.008315707524689,2.7613485701245306,0.41407508602371595,0.5192386867717106]],[-81284263.60132472,-81284232.07386476,[4.426299923943915,1.0,2.391529711435739,1.7946894593995188,0.8994944250258338,0.09909558047893818,0.25557708196472273,0.36477218545226014,1.263477754698181,0.6802246228061934,5.834844174974302,4.654166107611452,0.3704362453856148,0.5615039067649986]],[-81501052.35271965,-81501027.944044,[1.67152323384179,0.3907156218543156,3.141592653589793,-1.50911616576709,0.24836497775092387,0.46362272077017425,0.41753454589956757,0.622702940766277,-2.4766461332089174,0.5272889850077224,7.2575753414929665,5.111749252292745,0.5341942611613197,0.4117412558441878]],[-82108876.68615848,-82108872.38031775,[7.678087194282783,0.0,0.0,2.7726355441301083,0.6635939306731861,0.2715551158423708,0.6591650257810807,0.2886412820835551,0.40731380964794783,0.9,2.5300250070625934,2.501619041616803,0.476659788081638,0.4909715215995757]],[-82245027.73869489,-82245023.6790005,[3.1034935335987726,1.0,2.214790252404703,1.6173891319434328,0.7445967605967889,0.08446601376174617,0.6285386927270552,0.7097667628491982,1.28731165089491,0.7173739672982328,2.370021432210024,1.0655273749015377,0.5202965357671304,0.5760637318635062]],[-82536407.05816218,-82536380.34199786,[2.9878737816741063,0.0,0.8119086680635587,2.0372490711870497,0.0,0.5223148325608414,0.5121939574912405,0.0,-0.07235804988097302,0.5196407526237699,1.5540871709546091,4.916522872770618,0.5209694833934334,0.56935421798461]],[-85557027.04691066,-85557026.43211854,[1.864782475929729,0.0,2.004792413850359,-0.01010641201970371,0.5468482853295329,0.4544494186737638,0.5351450456493035,0.8801234653554432,-0.5929803841351425,0.6143139300495366,4.589788933636924,1.8960718214364394,0.6239630885430145,0.3864490770892222]],[-86054103.69429812,-86054103.68378985,[6.394378684122497,0.0,2.9114697544627797,0.6096526744327719,0.47300987906837194,0.31794883378588856,0.44307945106819735,0.38450801147515,-1.3666318963934283,0.842814566024114,0.15800260368710362,0.5835089969756639,0.5624992431640402,0.5213533067558984]],[-87826417.1255617,-87826417.08076167,[7.334207013890346,0.9450204537869744,0.0,-0.028697371543995667,0.8691646034212461,0.5300258787169732,0.5961009686839588,0.2859721832511888,-1.2689972564667522,0.8564773001191559,2.762431937682411,0.03939191293826649,0.5814405334884656,0.27579121283436636]],[-88612772.28000705,-88612771.58210778,[3.2513429770937723,0.0,2.0799362567505533,0.0426633098949711,0.7921378129679764,0.39786649102931027,0.8400472467653526,0.8568505964052209,-0.0743056533806048,0.28364051341575275,5.072483854608641,1.0412160624811988,0.4667913193009873,0.6759482027156072]],[-89128951.18789485,-89128949.8480488,[6.058712659780989,1.0,1.6319992602467874,-0.3967981983166812,0.3848459273214065,0.3872724791669432,0.2700872144419537,0.4809194634553976,1.1649104627618794,0.757931451921972,7.8592774454895675,6.171890840955591,0.5018448191726373,0.45396166218511946]],[-90625093.25122757,-90625080.85918784,[3.2848028176616872,1.0,1.1356404245538416,1.1116131011236043,0.35589628088617375,0.25204979665576155,0.04881852590479119,0.6275634583673066,1.6730501941615756,0.5086183077807184,3.3984314972938425,3.268821519022881,0.5549830457156375,0.699194325564063]],[-92360251.41729975,-92360237.82055527,[6.393873649262721,0.787058724680088,3.141592653589793,2.766380678121484,0.6179792997055309,0.5200851186451857,0.978381175312226,0.27677267031958064,0.03679942104134931,0.481861830851933,7.306884157822296,3.563167291052012,0.4338205378814369,0.6263548565279977]],[-98224319.30922113,-98224314.89899373,[2.745753863830307,1.0,3.1195563647274493,1.2279604008792142,0.5170212198500921,0.570341590788524,0.2682704393327958,0.3921837319629295,-2.371988591948485,0.7221618174305662,2.505930998650652,4.201177983532982,0.49712719872079675,0.4480991306076171]],[-98972139.18734042,-98972113.0596292,[3.355673902586691,0.8197676284437778,0.6027391624730357,1.017280095853384,0.5542671303860023,1.0,0.2350234603245544,0.6759342418207983,-3.162457941335262,0.3635463007378463,7.8185398504076495,4.960646442085189,0.5909268437560508,0.4558425103140962]],[-99490217.43349303,-99490213.39493334,[2.6069160572636703,0.0,3.141592653589793,-0.4275556397381183,0.4940660678944688,0.43311355000164653,0.9305581844207319,0.48674192205852107,-0.34621292487289557,0.7154772066856564,3.1589160180921203,1.232889997034242,0.5844082233758843,0.60958850920904]],[-99577481.58042185,-99577480.93425846,[4.413286096415286,0.5843418826760338,3.141592653589793,-0.7898866011510446,0.5639329857363006,0.6233502912537018,0.402713172843017,0.3466679885646743,-1.3523496445642949,0.4407685899954821,4.811994126855186,3.6697174695776615,0.5255136529900041,0.3723955101909937]],[-101534636.00872862,-101534636.00872862,[2.4616367581902048,0.32481783008780307,2.594975794091246,-1.3716282246520162,0.495381858181758,0.2758527776775439,0.5117516583447485,0.5491555004852877,-0.12006370794511226,0.6164390341300962,6.181809162371813,1.4964764378096356,0.49718095855473865,0.6457220620991118]],[-102454781.5328199,-102454781.46025074,[6.648268454656284,0.47305156529200676,0.07993007798197227,0.03321592995911929,0.6519891595325167,0.20323307824051423,0.15392901036501827,0.5025304211547053,-1.9035350833665432,0.8016251767716912,3.0745269556941195,5.183737392440837,0.3750951585109441,0.6631440244809901]],[-103000158.88030438,-103000158.87836456,[8.425916317112137,0.0923752146212013,2.8795952530476523,0.11405529401756255,0.11907040706330996,0.6028123267004257,0.8123371105355848,0.740858030701344,1.1517574985796606,0.18747444545507963,4.601774564860261,6.442310927865517,0.46747758949542434,0.45184771225265424]],[-103443530.04618844,-103443528.8167721,[7.648873812229091,0.7915415079640462,0.0,0.8465655848999398,0.42486430278719656,0.95238986968655,0.9745893288403757,0.5074474136795343,0.4281602633247717,0.5176844756095932,1.9677255817380805,2.4742614665220093,0.44148217066866796,0.44077562054159775]],[-103475429.367692,-103475428.9289447,[2.694199538146666,1.0,0.6457850450468513,1.3468475322029374,0.38268340925100097,0.11782081815051915,0.798732958797503,0.3947601921708164,0.5663192537762713,0.9,8.169543798483316,1.0332276727226564,0.5584381025310676,0.6314809534219881]],[-105947427.23224118,-105947420.01548135,[5.516124403727932,0.0,0.0,-2.561077242461026,0.33593568879330116,0.32168489366864916,0.32545681472270505,0.7193932590063783,-0.6332099503458044,0.579617972371363,5.823070281820801,2.937909892698991,0.5012887519465236,0.7397972203396992]],[-106429105.90275405,-106429099.31873357,[1.5575316513776993,0.0,1.5739550341013402,-0.5893169618811169,0.43811544563320065,0.5116735621294969,0.8681075238987666,0.2999121410538048,-1.7673957430111376,0.13080249974091646,3.945900624180475,5.776816337753083,0.4427938154567277,0.6164137137321024]],[-109677395.27119462,-109677395.08732176,[4.304618629871409,1.0,0.6450767512704735,1.1289318408195705,0.28814946216239945,0.5600505915897882,0.4118786983328339,0.5859177009470488,0.6175875294370581,0.7326746382482833,5.896261118730318,7.901471555712802,0.48731389681541404,0.5151254807496268]],[-110815600.23401067,-110815598.809883,[9.11588982507136,0.0,1.774495314503144,0.3173256875064139,0.14192640245505195,0.4177893268401646,0.45676736616950975,0.7697664155686943,-2.2522461755838146,0.8678045666674288,2.3992464979000143,2.4875113280890035,0.5786121182694338,0.5834087135498708]],[-113120652.2523443,-113120631.40350085,[4.459365275517149,1.0,1.4532230750988435,1.733294432665216,0.31317974422618344,0.6014803643302921,0.35633329737512953,0.32270929080431054,-3.575848712619698,0.3435180055045508,7.138225419625143,4.068366888003087,0.33913315742038597,0.6996886265504105]],[-113636737.0666362,-113636737.0666362,[3.3159789227624117,0.2854159340730448,1.8572155640302888,-0.2598342565171112,0.35367728584409175,0.5085296677940625,0.5427290479472806,0.38638185147861676,0.3077517818587614,0.6948347018402422,2.6451444189782416,4.498341483771121,0.5754592591613898,0.5803731546250165]],[-118718220.99450865,-118718220.82718968,[1.4082100000953663,1.0,1.5652777848202168,1.5438678775794357,0.5979719192474918,0.6560168472992122,0.5039725495089238,0.7664070502881637,0.1485588595229266,0.43933780996125205,3.8411864559481703,4.7069633587271635,0.3571042744468609,0.36627853222153633]],[-119132417.75191122,-119132417.20060027,[7.488301929964038,0.0,2.3273828280657827,0.28375032482741225,0.0,0.5957354050476301,0.031140176447550516,0.5224168918078574,-1.73087461957201,0.8184719945014023,5.265672933777926,2.6834050256416724,0.5464899694944738,0.4892173186778396]],[-121825849.37610811,-121825849.37404811,[4.859671165045964,0.0,1.5726527937558337,-0.2758900615691481,0.38977169661451955,0.6624956975914145,0.23658162241622105,0.47688238389570564,-0.665745924860972,0.4310559595752885,4.222355597350661,6.1052911909690994,0.45240510549295004,0.4466147297388994]],[-123832644.70286816,-123832642.11783433,[3.993965366525014,0.0,1.5691235939038055,-0.7562083151799242,0.7030592913642484,0.6654927481735431,0.3110307895564357,0.3917527867179713,-1.5649266345814334,0.5341638442746832,1.596377907996799,0.0,0.3833238431361804,0.4723121674935304]],[-124122657.29487161,-124122654.30199993,[4.642663769855198,1.0,0.0,0.9373886718512806,1.0,0.741445471696174,0.5677464315241558,0.2702101514982813,1.3619135756656848,0.7788586741579064,1.6332057097240202,1.5639123130324424,0.674434269068422,0.5631959668177808]],[-126450460.37551144,-126450453.66966581,[3.635581537156589,1.0,1.7659020704809452,0.8968129543774617,0.5595875372465914,0.450865590005824,0.6332692109322533,0.0,2.6356021100588354,0.7185655450767536,2.366855493073068,7.560605762645836,0.6431560459944219,0.6942523164870554]],[-126615919.65747178,-126615919.1952194,[9.0202164935714,0.604355180200282,3.141592653589793,-0.7701681979135984,0.4426067971654836,0.7486946244534716,0.5668225257050574,0.3743330206032816,0.009927328809495163,0.45572615115494347,3.8045080289233857,3.2770912495702893,0.6540327009575458,0.4375426665556872]],[-128523723.12260717,-128523722.46405876,[4.76477653598892,0.0,3.141592653589793,-0.30612882846733885,0.22170876613156826,0.6162105236573573,0.7158507163229576,0.3639879080273211,2.3112708436080496,0.37142406745163037,3.020305596675632,8.51228151311553,0.5366717433069402,0.5123873944878647]],[-133551811.62362501,-133551805.84719741,[2.243246303206634,1.0,1.688106743452915,-0.9801798327501375,0.45103102179179916,0.5869881367320697,0.22500886317743007,0.2714840995269043,3.630877116943603,0.74168137167771,1.4752906077238537,5.821181644630152,0.6222924336080093,0.3936509170192636]],[-139929547.63881373,-139929547.43657494,[3.0680499236111123,1.0,0.9289779902736184,-0.9235080981483099,0.6977783605932563,0.5758336398982321,0.7403106918655811,0.26369626031276294,-0.0037551048497635286,0.7464743977940584,3.55718566957803,4.31970473361569,0.5458585825383131,0.6323206552263758]],[-140491734.34839317,-140491732.73515463,[5.6883431832935845,1.0,3.141592653589793,-0.10117316910767105,0.6282928714648494,0.7073208172441063,0.5224018201810156,0.5798609366775634,0.9221088092799627,0.2204777980267364,3.271464990416424,5.3016031614478445,0.34510330295105995,0.5985468160683626]],[-145058736.47765905,-145058733.87217832,[1.5411563152942716,1.0,0.6101718998508998,-0.7262654258376446,0.34162377433395247,0.6029907551831445,0.9568313367998929,0.3528942258501069,0.5399388033222964,0.6467755870904577,4.6110930482485415,2.310604213300295,0.5658230697985583,0.6058185776204399]],[-150491793.94468114,-150491793.94465303,[6.682560041822454,0.22705923364809477,2.3862904109117906,-0.6197742652975731,0.6730354277240831,0.7236898352824432,0.5188016400260963,0.4458046169227591,-1.679088221481269,0.7117749758840353,2.2625416278643353,3.3213687716639404,0.506060339133692,0.4845214477091012]],[-155705772.07063448,-155705765.94402075,[2.617667101930692,1.0,1.237569441231037,0.09391250669916133,0.514251350879933,0.7185641749633813,0.43959259820410806,0.20841008620455947,-1.3833576078014942,0.48423187621613356,4.8229378291792715,2.226815449534981,0.5551794864513944,0.6684984471166869]],[-156030643.43806544,-156030620.62265038,[5.7904189093947,0.0026040717101182276,3.141592653589793,-1.8583723707060846,0.5226107012620648,0.702879825365025,0.4806728606349043,0.13257540853178662,0.7550269785814536,0.4850577841700698,4.571136887937561,6.160112528456361,0.5441244467280726,0.4048379679888604]],[-166762037.45344716,-166762035.99579775,[5.5674042325669575,0.725342924473031,3.141592653589793,0.6961265123843154,0.5189918581858608,0.8570711796489751,0.7556032607583486,0.3274266117751792,-1.6175974003344624,0.3964880553284239,4.3651286704398276,6.629082054531112,0.39008456515287976,0.5956267054958891]],[-181885652.1981369,-181885638.65165925,[5.1932540503436595,0.7102076176001988,3.141592653589793,-1.4716216840799412,0.4948259471422815,0.711532081980206,0.8569435321538252,0.19202674720611096,0.20173720169760817,0.7960468981842411,5.405513758620474,2.8853450069076625,0.5598387454304106,0.570988310304786]],[-183770140.32672673,-183770133.88934034,[0.0,1.0,0.6654534292900364,2.5548583534988007,0.29091991571866044,0.24703234828142623,0.4143494349599981,0.4885533619937538,0.6836625468963751,0.8954772509845166,0.2220173527928866,2.0824528587204862,0.4771544798700359,0.5509514384632357]],[-185043094.88291967,-185043094.0443009,[2.0793915004676644,1.0,0.34307749929665365,0.9257485474883956,0.351756669368135,0.7158999039948827,0.6469553299200169,0.4898669683317496,0.809594556636715,0.8866511817453797,1.1136725967212957,6.538510996890013,0.3957056617685417,0.6461619517687311]],[-196659592.13681948,-196659592.13681948,[5.5433828674762005,0.9518670770018114,2.6823340836770906,0.04095725612492813,0.5752023754204415,0.8291331143281049,0.6098051040079749,0.6867936438667305,2.120231700546114,0.193838198405536,7.404797378102902,5.981796233927938,0.4621177738760496,0.5803247708932455]],[-204028964.56776553,-204028964.5281843,[0.8984409956482047,1.0,0.0,-2.709007586022258,0.7050970863411752,0.6483960485603817,0.3980599142091805,0.40049075450879396,1.074021504481203,0.7215386933481291,5.2852432604704935,5.386132221558059,0.29154278682036056,0.5291070396116907]],[-211376522.03309083,-211376521.962255,[7.004945349718712,0.0,3.071287034782731,-0.24390734155551702,0.5817664899297854,0.9715661900518393,0.31487163987845235,0.9755316644015204,-0.012355035731319505,0.663493657942613,4.19054862386768,3.339353017262791,0.5559460364103225,0.352571013912066]],[-247812670.86144122,-247812636.05572808,[0.30128781465249244,0.0,0.5265221060973226,0.462945391666936,0.571999784897647,0.373908566270321,0.43615379592254233,0.04902397955062904,1.224689118835814,0.526722579154694,5.58368062736163,2.001676000969261,0.13186721898111442,0.6011208921692811]],[-309373810.50015503,-309373810.3969915,[0.17137261980142604,0.0,0.0,0.9716449139414407,0.05369660499286211,0.6929682057337725,0.5979784504480532,0.5194632776137338,0.03342614658004019,0.5309395943705857,5.039139586864552,2.51182369976122,0.5840058163311868,0.5223017523029199]]],[5.817638446954418,0.6014597040090023,1.2977997327259425,0.1592544806243482,0.498184627415793,0.32145572971166875,0.5541098416756988,0.4741612402029096,-0.17502641623420162,0.3575045655630177,3.6042246346977618,3.9965104812415975,0.530233219079163,0.4167006723938998],[24.86504642068084,3.5939717158683426,9.210285954264334,9.1628813200353,0.25365684161667756,0.24791360708010005,0.24319689050447219,0.25380932223403313,8.567502573586324,0.251786199787016,15.983150430203349,15.145481064601762,0.04306964365284037,0.04089439803919264],[[24.86504642068084,-0.20018344993142131,-0.15432111056240916,0.12320515993301139,0.007467062672866014,-0.04394314054814078,-0.042192399369094316,0.0349148999193639,-0.38589337779968985,-0.02182670421494196,0.30869350059449574,-0.16820475784387565,0.007086108625879084,-0.041311910933683214],[-0.20018344993142131,3.5939717158683426,0.004629763939059922,-0.03560858771596284,0.015446191289523747,-0.006107082855173373,0.009704596981214073,0.010726768900253113,-0.025020139611433637,-0.027249406826626205,-0.11341555985672873,0.03111514643679223,0.011614198625008109,-0.0006303067451835822],[-0.15432111056240916,0.004629763939059922,9.210285954264334,-0.12301796923933304,-0.011532609749422492,0.006999653724543257,-0.03371851746650529,0.010299114120320911,-0.17338080699485792,-0.011824471908863512,0.36822844547871564,0.08328501044106155,-0.007099435776598092,0.025280829902816784],[0.12320515993301139,-0.03560858771596284,-0.12301796923933304,9.1628813200353,-0.031089428367009342,0.008097133764034758,-0.0023884315691638258,0.025570135792284954,0.1549893589295321,0.013776087871801517,-0.3861708918683822,0.03997233480517674,-0.0008067930745811905,0.015719639485855526],[0.007467062672866014,0.015446191289523747,-0.011532609749422492,-0.031089428367009342,0.25365684161667756,0.003067757789473909,0.010960406661347217,0.012123882774468896,0.018408741558145758,-0.007499988392106325,-0.11423688087023012,0.014456252043215568,0.009760758356387253,-0.0019049555561516185],[-0.04394314054814078,-0.006107082855173373,0.006999653724543257,0.008097133764034758,0.003067757789473909,0.24791360708010005,-0.0002876203715263251,0.0019376537605322024,0.019303864335187035,0.009180175075557035,0.042025252095979876,0.027814637557299758,-0.0004562620695796402,0.005786667295722642],[-0.042192399369094316,0.009704596981214073,-0.03371851746650529,-0.0023884315691638258,0.010960406661347217,-0.0002876203715263251,0.24319689050447219,0.0012984275593319896,0.001969068622897079,-0.007148283447864928,-0.08504875397650116,-0.01707245807958359,0.004024845562466439,-0.004291468431461345],[0.0349148999193639,0.010726768900253113,0.010299114120320911,0.025570135792284954,0.012123882774468896,0.0019376537605322024,0.0012984275593319896,0.25380932223403313,-0.039107940599250275,0.0027956153815492132,-0.027729270476532206,0.03503393045925421,0.006296354150712942,0.0012860736142068661],[-0.38589337779968985,-0.025020139611433637,-0.17338080699485792,0.1549893589295321,0.018408741558145758,0.019303864335187035,0.001969068622897079,-0.039107940599250275,8.567502573586324,0.024990784252643023,-0.03760801812862157,0.03181272850228605,0.004401487128208176,0.006158865217901884],[-0.02182670421494196,-0.027249406826626205,-0.011824471908863512,0.013776087871801517,-0.007499988392106325,0.009180175075557035,-0.007148283447864928,0.0027956153815492132,0.024990784252643023,0.251786199787016,0.036948478027043145,0.0032605623155203024,-0.005484454755383198,0.0026474606020619766],[0.30869350059449574,-0.11341555985672873,0.36822844547871564,-0.3861708918683822,-0.11423688087023012,0.042025252095979876,-0.08504875397650116,-0.027729270476532206,-0.03760801812862157,0.036948478027043145,15.983150430203349,-0.0067010947913413105,-0.0228976919851974,0.02955681833871415],[-0.16820475784387565,0.03111514643679223,0.08328501044106155,0.03997233480517674,0.014456252043215568,0.027814637557299758,-0.01707245807958359,0.03503393045925421,0.03181272850228605,0.0032605623155203024,-0.0067010947913413105,15.145481064601762,0.003213481599082916,-0.0014493264377425617],[0.007086108625879084,0.011614198625008109,-0.007099435776598092,-0.0008067930745811905,0.009760758356387253,-0.0004562620695796402,0.004024845562466439,0.006296354150712942,0.004401487128208176,-0.005484454755383198,-0.0228976919851974,0.003213481599082916,0.04306964365284037,-0.0011420929118736922],[-0.041311910933683214,-0.0006303067451835822,0.025280829902816784,0.015719639485855526,-0.0019049555561516185,0.005786667295722642,-0.004291468431461345,0.0012860736142068661,0.006158865217901884,0.0026474606020619766,0.02955681833871415,-0.0014493264377425617,-0.0011420929118736922,0.04089439803919264]],0.5718795866882481,[[0.0],[0.0],[0.0],[0.0],[0.0],[0.0],[0.0],[0.0],[0.0],[0.0],[0.0],[0.0],[0.0],[0.0]],[[1.2386412825297533],[0.38425351194929136],[-0.6582056504614597],[0.4020912806141342],[-0.027501097023349748],[-2.704768895861452],[0.8197105204668256],[-0.3914316247390244],[-0.4419128150680917],[-2.1586647291733554],[-0.7494506097066105],[-0.0066078442226194575],[1.1450083283970534],[-3.154755820381506]],1,100,-24866677.965505626,-24866677.767267823,[4.249270512580417,1.0,1.469116073840473,-0.9967691964573205,0.9706887010806766,0.32457557814058907,0.8473840889058094,0.7304067673297227,-0.37090779458897094,0.1,3.022996880500714,3.5978022948109882,0.7482856573217449,0.3903915773055587]]
