["generation","mean","variance","covariance","_sigma","_p_c","_p_sigma","iteration","num_evaluations","best_score","best_evaluation","best_solution"]
[[[0,0,[3.9010539963309103,1.0,1.7233023309721853,1.4331552710186322,0.8365156998116472,0.5969583125658015,0.777904200911062,0.4137285055427493,0.34498288091018475,0.4670566394191367,3.5575774284659474,4.022478065393336,0.5312750770925463,0.5522073076188173]],[0,0,[6.795094231948349,0.4005404656309072,2.3552496373554574,-1.0897743885068056,0.6780612738848045,0.19988999967117488,0.30509267566726805,0.10438469855570648,-2.858801376378738,0.6182141964360881,6.274732446847904,0.5350462200517314,0.5298164357617448,0.5250695994006991]],[0,0,[6.952321399687539,0.0,3.141592653589793,1.246948332444677,0.47464411937165185,1.0,0.5849211721770007,0.3394098143462413,-3.380625779486084,0.3617075970930106,4.2765135712340765,2.424804031271642,0.549340560337819,0.6181402047011606]],[0,0,[6.550589388122974,0.0,0.0,-0.6793278768008784,0.40308330688079663,0.0,0.9123322007655494,0.2955351794535278,-2.2962924899307726,0.20732017077841308,2.8407511963424366,6.27428757160083,0.5062602538752828,0.552301672722119]],[0,0,[5.188045621759282,0.0,3.141592653589793,2.207980512424106,0.6569635827673854,0.0,0.6952820163153279,0.8357695965310723,0.03365664057573729,0.6452001040724367,5.960598504444272,1.9831364209506304,0.5980747754177906,0.4683920331912674]],[0,0,[3.9150417963140804,0.5882882245864225,0.3581743266253228,0.8650465859636289,0.7123224708310041,0.2715149893315192,0.0494014933108175,0.8204662291960396,-2.2815665773738623,0.4197539688189583,4.08137262167885,3.793483615365423,0.3140758226934321,0.6277832622587133]],[0,0,[10.638002208393829,0.0,0.5350399156609753,-0.07638421025832655,0.8529524238504609,0.6204662328204853,0.3931909961729604,0.3162178583238212,-1.5302171670289506,0.3425026565103574,3.241833314434476,7.31450896425084,0.4096510079965793,0.5498179318254783]],[0,0,[3.062432129621898,0.0,3.141592653589793,0.38318222216660114,0.8888753635945259,0.7496838056974005,0.0,0.5458145455984104,-0.811694418869737,0.10816670289529456,4.215441869427814,2.625400128621441,0.6686897503239131,0.48369407057055486]],[0,0,[6.4133273374488216,0.6467223593367218,3.141592653589793,-3.412145595262695,0.7142233575129837,0.5149780800183572,0.3176108338138287,0.4776887702207831,-0.03751957632320163,0.9,4.890768383219174,2.5047366422250237,0.3935317329041577,0.31664497970826744]],[0,0,[4.254745985561616,0.0,3.1101716896021268,-0.18833690018686192,0.668515299831755,0.14519943124527085,0.26985414106699523,0.5691918870282471,-0.08241158627007272,0.33373513262141463,5.312572161454542,5.867082496678018,0.5476958581155364,0.5301566164001048]],[0,0,[2.861324350664986,1.0,1.2211807835424802,1.4874345537382183,0.2956840564061807,0.38709069520027795,0.744446655391243,0.6255070498007773,-0.6509056193178937,0.8369670836804859,6.68452095454962,3.197379517866499,0.3907124346465084,0.41428619057974064]],[0,0,[5.352456574975871,0.8488530064585851,3.0689689248368746,-0.7761670825080599,0.4044021761849634,0.526333990729497,0.04422194515299743,0.04306348732642257,0.6658054405640892,0.9,2.5330032583425464,3.5139781291645,0.6044746067001494,0.5344539987786948]],[0,0,[5.702519078628382,0.7125005803543625,0.10258778838048133,-0.09292291787067966,0.11436482998771774,0.8378763986809692,0.22255154774740704,0.415157045861265,0.02505454797879566,0.3117496789042673,1.1776528598028602,5.705390075850239,0.3674244611841877,0.46954365794565445]],[0,0,[2.8806656898964595,0.0,0.0,0.7612489838891886,0.058375700886256876,0.26379354154993223,0.4478418449665434,0.8435602551455177,-0.7299168111063629,0.4572090481833322,0.0,2.0983618180070263,0.5203952637829052,0.5693127595719967]],[0,0,[1.9293950554840373,0.7888515562443296,2.744337102007001,-1.3235563345612051,0.4985313194671602,0.41986590143780017,1.0,0.33961569062746355,-0.9429783744587832,0.7823598957883495,0.2080794604137699,5.569058391182117,0.3138449971420739,0.536644121057437]],[0,0,[4.654688169688223,0.5459125001681367,2.2243328082666283,-1.9824633324230474,1.0,0.09778122715446502,0.6730557178067101,0.6533189224310125,-2.882345068575498,0.518932017245548,2.3570164379153944,3.5717770465991245,0.6990665783274548,0.5009298688397069]],[0,0,[8.68398643052397,0.0,2.107296746928678,-1.2840446179617495,0.1457277571166118,0.052661013814353286,0.5501612904287769,0.3152417710516384,-0.1271981165077059,0.1,0.29991769205287744,1.9550410464130885,0.5017030553964952,0.6816678630648837]],[0,0,[3.088181443385285,1.0,0.7595066191198292,-1.2212496289271884,0.2561046067249514,0.9758327530943429,0.5857043363335871,0.3422237074048966,1.6186980020505222,0.33680077905148426,5.044091824041189,6.327835934494688,0.4754604772718728,0.7162091682804067]],[0,0,[0.6899659185146989,1.0,2.0303248320047063,-0.8058635163382365,0.39648671589513784,0.2553721745192887,0.38380744939402645,0.3604892433353874,0.5035469755396575,0.8291574075646109,3.2285971336198624,2.760722137948561,0.5778182005451015,0.438647617772847]],[0,0,[4.381356635172168,0.0,0.0,0.45717691223436413,0.43740418682324306,0.619074645611591,0.4751553668217005,0.5742857297372481,-0.5456458715886883,0.22707850651020434,5.719569797363897,4.3169444204642256,0.45072774265080323,0.49918826918995024]],[0,0,[4.7201349640209,0.7030634887903839,2.151078982322468,-2.578378865949701,0.46144450445164065,0.29404298019554176,0.4094107352342453,0.5078730054187203,-1.3376598512521114,0.5531779152162061,4.556460511198109,4.332249780748038,0.27496298434484157,0.6269830364418145]],[0,0,[4.152952797699271,0.0,2.5088518183031403,-0.4759598120370855,0.30380329774464,0.0,0.8361583356079554,0.6359711301950355,1.038359290744698,0.5892720820305577,6.766196747779018,4.010489015528052,0.6867563156168152,0.5017412047457468]],[0,0,[3.39367997612666,0.3014474667834263,0.7288389167117976,-1.3995997053258147,0.0177093180182894,0.6211824446873511,0.6997319866735342,0.59129739619247,3.2285532499847847,0.46642669314082147,4.975533101788202,2.5007974986642565,0.6075896296740853,0.49335983368103026]],[0,0,[6.256743788982878,1.0,1.0518104032672588,-0.6303385360311818,0.7509219725075669,0.5268567471761947,0.07851620695364236,0.8536023524845712,-0.6102296583278872,0.31481546362750573,3.5681175544053176,9.0,0.5432263610804358,0.39839847376452153]],[0,0,[6.9512082650402895,0.5208644135621566,1.787773407091114,-1.8823426772546168,0.596959798723553,0.42199856157734217,0.3301703656143296,0.6747413523223136,0.2535625849038215,0.6732444828923507,4.78442538929791,5.663776863686252,0.5112577173753624,0.6053702850518955]],[0,0,[6.165320523124207,0.1645922915587118,0.49391141335637845,-1.4766313754185023,0.0,0.5062867656136533,0.09803221811923035,0.6274220345159607,1.5394515822168602,0.4854018641938518,2.5665371198641234,4.837563427423599,0.5366107709895741,0.36641583506245246]],[0,0,[4.88719600806421,0.0,0.6484228594519835,-0.999060537774479,0.3196179978060396,0.41357971624157874,0.22069580524061078,0.5639650063179407,0.0013877142120526402,0.16233783458946566,3.8764715557209306,3.216048319590887,0.5916147987419703,0.6180747166927392]],[0,0,[5.345818918325729,0.0,1.2350542977163617,0.28897218703503513,0.6463074538936638,0.6638392499279474,0.4089070188585465,0.3806788073113298,0.2520046633165566,0.36058278556661005,5.232324799520005,7.457969742981015,0.44502817128574534,0.5433286272614801]],[0,0,[2.861291563470901,0.38930178577141783,2.3611248330176613,1.4777896478540637,0.26124682153606077,0.43282910869303176,0.6496445426330082,0.3827276904481307,-0.2387270582355145,0.3410850692647718,3.8157442853164993,3.7384240253558803,0.520532597437414,0.6002824975938578]],[0,0,[1.275057453177244,1.0,0.6498872960092816,-0.38677410407635293,0.3361987181935304,0.7387637501945449,0.4780742971490598,0.9052204255517327,1.2819972822534607,0.8982149922555422,5.202525034782597,5.232522006560728,0.5014688001871519,0.5441319693708391]],[0,0,[7.037365407203176,0.0,0.48860615055232914,0.9454038351036893,0.6081208591097758,0.6729064893621668,0.7418303497355133,0.29117631510274056,0.6146400592627368,0.15552954486276666,3.6788832783735526,5.960634191483974,0.5540481181793804,0.5249442247081649]],[0,0,[4.489796714421519,1.0,0.6925985459788815,1.9301798820011582,0.27265302593620133,0.6791446247687036,0.3517527724065127,0.0,1.3518327836728137,0.3777962697037458,3.064711454214944,3.830821256992822,0.6191853515371264,0.38287598618304725]],[0,0,[8.008476886419519,0.0,0.0,-0.1605645050090509,0.4968264936261383,0.837577831200045,0.2948871211949794,0.40941198235783244,-2.3767045960105104,0.6648056501947347,2.816580846911224,2.087079930305024,0.5597779499899501,0.49422249248472466]],[0,0,[5.121514765847701,0.702048555330359,0.0,0.7685587415143443,0.7793930124430177,0.7260921312056615,0.4215799141955483,0.7092920337948124,0.1879965478750269,0.44495030906007266,4.666044531280972,1.2686808938120833,0.4523294250910227,0.5308659652872602]],[0,0,[0.0,1.0,2.544536429402665,-1.7198760065408862,0.09351971480684396,0.650940258505803,0.0,0.5478824902032802,1.9430670463508657,0.2860091736420639,6.637951246280134,6.207191815608544,0.40036848305628714,0.48459750209742164]],[0,0,[4.351640530290229,1.0,0.6674173441239212,-2.162569941082719,0.7440053505329158,0.30203749641987004,0.2360408061210701,0.6107431681823332,-1.7826929520915198,0.580213558115538,3.725855636041854,7.215492229842091,0.44375909334461244,0.40537701027286055]],[0,0,[7.0485270119525305,0.6062936201116467,0.9770827089103233,-2.6384531451446454,0.06883433320215626,0.6501000643813184,0.20153823954568256,0.4750463474763339,-2.381297534781361,0.20419361999605934,5.176297710287243,7.215338451236313,0.6118424434569008,0.5461766720679702]],[0,0,[10.770228805604523,0.0,2.935742523953074,-0.9823010909196487,0.5836318641613985,0.786230381386375,0.6296503989355505,0.5412717142053072,0.23874322100297318,0.7503047188182255,3.085371151408969,4.28794534308862,0.30661320863685165,0.4699761951771719]],[0,0,[5.649386464579979,0.0,0.0,-2.1109966785443426,0.4127719514835752,0.6699480785668888,0.799079659304083,0.235848768540717,-0.11972107092243428,0.4397885351143901,1.8255852423570529,2.0810501342269454,0.59159363157483,0.5787633958126757]],[0,0,[3.729970356485564,0.6085416451792299,3.141592653589793,-0.41768152101821954,0.9495853902044495,0.616384639216973,0.22083749768944289,0.0,-0.04491987699916035,0.5913203093296071,4.6853135572074525,0.6391260866021016,0.5978104730404512,0.5742696628325923]],[0,0,[5.851838742943445,0.0,3.141592653589793,2.3373120203665896,0.0719257420489327,0.5446040529392957,0.3327075822660682,0.49383602727807374,0.5936841175890258,0.22637577319481156,6.10994849932437,7.730421009714792,0.4697510779912967,0.355544478714101]],[0,0,[10.470190910131778,0.5701322057830179,0.9095589240413553,0.9270222406046821,0.058601239223638635,0.43345224852460945,0.4968548351500102,0.4595916567880953,0.9109772239314897,0.43969086935688956,3.897595995564792,3.8717678121928194,0.3998433420854225,0.4745055734354357]],[0,0,[3.273707462360446,0.03632410020072835,0.15760624110777455,-0.4511309556038544,0.8850007545507368,0.2818491059801199,0.5618090829122911,0.43692187902254187,3.197541798094991,0.7161151189652951,7.462477758624339,4.946154653063334,0.41433851657643955,0.5077185390485793]],[0,0,[6.760173470416957,1.0,1.1338857799501405,-1.2685450808926646,0.6511939784933224,0.3865684471438477,0.5580932836135656,0.7016015337950282,0.4697492641390206,0.18542776267635508,3.4580718742763272,6.065838630383693,0.5971603416816779,0.5064369216124289]],[0,0,[6.662675574053908,0.9850990927472254,2.256868244766695,0.936967555482984,0.8522948220904987,0.8852119406449075,0.46847460902194826,0.440241290652616,2.738701270911542,0.5426861005169268,6.156981920868468,3.5735443476499773,0.5863640097731508,0.49493170085399757]],[0,0,[3.3058333438783576,0.0,1.6662559302764357,0.6450002221975638,0.6326407499770936,0.26692499645287626,0.0,0.0,-0.12764813778856737,0.78974435255076,6.90405076707146,2.6824586561778463,0.5416947845926015,0.42214807840976837]],[0,0,[10.780234192468043,1.0,0.013125113393002819,-0.1476351345609011,0.5796399016098054,0.5958480585018409,0.2644084708790393,0.4871785330877188,0.21780248142234748,0.1,6.480200492094415,0.07343873126753575,0.2885470965947424,0.5431341287256505]],[0,0,[1.7199551201924268,0.49386522363145297,0.0,0.004184665286721852,0.4179685655494944,0.49053960243860073,0.5976287495782174,0.2552425180084772,0.031621543967748356,0.1,5.89826572423545,2.9406377846680476,0.483750889223951,0.49698168187778113]],[0,0,[6.949208648644278,1.0,0.0,-0.6984363294526091,0.11893784036766591,0.8335371084986263,0.38388216909692996,0.4849632663782817,0.3132443753940506,0.6203904632024385,3.9032052882875465,4.7667432366847695,0.43395488596124987,0.3842954327665004]],[0,0,[2.8299521603023985,0.5706612666284547,2.159537891709335,1.1786321055077125,0.25075841738726423,0.6601963215400624,0.7023301027920673,0.5221820125834888,4.0,0.5654545062226436,2.0604941278460296,4.379906436869718,0.5102600067069744,0.4988281159560441]],[0,0,[5.836039946971943,0.9996204118268865,1.8635107279252154,1.780243005945406,0.48720813983186423,0.48975966651918035,0.7671152227757375,0.7210786291842999,-0.3591598571846977,0.8757752504524274,3.3045967836417187,5.399643997294326,0.49774118661953975,0.36653264629294713]],[0,0,[7.4723215858727166,0.44067394573461155,0.5430901774177816,1.205521902748988,0.0,0.4595403032478287,0.10433474533176845,0.8402467823754008,0.34590071901716024,0.3643992825286512,2.2847917306595558,3.730941489338682,0.5536139840284069,0.429997093820109]],[0,0,[7.335716422718283,0.11878381417312428,0.0,-2.378463328115366,1.0,0.5247789387395625,0.616297950610012,0.3893757429994886,0.18400176606352814,0.5844518353040572,3.579398246894532,4.744177846035241,0.6031821799219933,0.4471326095523989]],[0,0,[6.689244307046801,0.8255517646838566,1.06012936482072,3.2618498974660133,0.27678874135133236,0.46038221269344215,0.0,0.6554596666930574,0.3540136394312255,0.7085864829213481,2.56741710956958,5.212669461235638,0.5098394306391555,0.5004845700898081]],[0,0,[3.1305917249931206,1.0,2.0889687823331897,-1.8653334893406144,0.06051325544737457,0.7521742159485503,0.8934205681975151,0.9688788886904578,1.5694588151193574,0.4415301566256272,4.6197711334050044,3.244300395511094,0.42064234558424984,0.39039707815092617]],[0,0,[3.6226538887474646,1.0,3.141592653589793,0.525436264701252,0.7894968316656418,0.6137477713916405,0.2220797363989046,0.34644395251768256,0.6471584669174842,0.40176132347059523,5.7352888562181334,3.3083221478835827,0.5317468633090676,0.4687288027814493]],[0,0,[5.9681922937107625,0.0,1.1114595612687264,-2.4470795446397444,0.41888062604265286,0.411750095939666,0.4827104148283161,0.8319118754063564,0.30016652634151847,0.45129831584805613,4.839790182752723,5.390634938208706,0.45431745906178045,0.3967127902013909]],[0,0,[1.8511489186161545,0.40692063381909177,2.2625420648291357,0.34903242168619575,0.48697331885504624,0.34595334503233643,0.1746033207919197,0.4178500016224336,0.32509316268874755,0.5017686118943955,6.323722873719234,5.636326239638534,0.44250673608585167,0.359333704158209]],[0,0,[5.0664944927863935,0.0,3.141592653589793,-1.0072524639748,0.46640309028970706,0.2962451290729977,0.2652471162395789,0.7024341926637931,-0.6841030003215537,0.22357676642247232,1.6656511400800604,3.2315939946186223,0.4462614172999413,0.588781448820936]],[0,0,[3.657834458799465,0.5350383644258566,0.5742840367566768,1.2367058258243386,0.2775762842085079,0.6718199180040396,0.7744378605922184,0.39434723127330423,-3.9445693075263994,0.1,7.891229266558325,6.348213356580052,0.45456787501009344,0.5000706199010367]],[0,0,[4.295174175071654,0.0,2.180282134106797,-0.785828729147751,0.5733753872559805,0.5825273055031145,0.6702129050575001,0.2381416255687176,1.9012298770128826,0.6552623681257431,3.938371566339075,4.805857859127082,0.44800294121716344,0.3240826187106127]],[0,0,[8.797912060977708,1.0,1.0034315630732027,-1.2405601802053678,0.6885545969818885,0.21015755761899757,0.668487387305439,0.5940577385650023,0.21747718591143111,0.5534745101828906,2.3117904276046213,3.4043423875222114,0.43168858859707604,0.5401038699062932]],[0,0,[7.428295366539713,0.0,2.677671041448093,0.010980310348122442,0.6237438726984564,0.43479161422641693,0.6050968492119436,0.3514801120402895,1.7106893709053428,0.4917483096942206,7.620109468716002,1.5125386297432089,0.6225469985374189,0.4708998727633434]],[0,0,[5.472143363995657,0.4943326498829697,0.022215851813160548,-1.0442769738667192,0.5899788534488289,0.5499634417147716,0.3883897232206596,0.7959161579432127,-1.3731918744637834,0.1,2.7477337130093202,4.902586695795224,0.685957600935863,0.6910827312833422]],[0,0,[6.206587320877212,0.0,1.9814370847602583,2.9001898109135937,0.6480025146756545,0.4761121143874539,0.1484402358863079,0.6516297291562374,-0.6040993135354189,0.5612980052959468,3.0255900070596615,2.151412795215931,0.624224750642176,0.47614423855116544]],[0,0,[2.40078951791277,1.0,3.141592653589793,-3.663911267755616,0.41097400036489595,0.22722999103175412,0.5668637768675655,0.5423999422307209,-1.1027114460917575,0.4937874602973191,3.542358252565257,2.905048497921583,0.4915481756329483,0.5805064624661115]],[0,0,[6.137414903573378,1.0,3.141592653589793,1.8171131866801016,0.9644646852334109,0.20466782515054832,0.7050282180293319,0.3461466952869784,4.0,0.6380472415634747,4.132632313060971,1.918229306270757,0.650601798928625,0.38567565664285014]],[0,0,[3.5402495073226623,1.0,3.141592653589793,-0.3643449200625594,0.4700057988597332,0.5231374235379281,0.5251521642779233,0.4710148328718955,0.11096026274783553,0.3259955178013587,4.06802497608121,6.976189753095927,0.340487174738616,0.2749612726746319]],[0,0,[3.626365073837589,1.0,3.141592653589793,0.7499664310263955,0.5611281973679654,0.5550043674144122,0.26304740325029113,0.5801789321860256,-1.8043283024372059,0.1,6.329235783033303,4.555303801027986,0.46801428050015215,0.6759034993277526]],[0,0,[0.09128547415771404,1.0,3.141592653589793,1.1691590042122029,0.6244954217397926,0.5113042452462973,0.6872328196931385,0.6897842592802088,0.3805189921187882,0.2582917464931582,7.794243490541116,0.6348920922016852,0.4555248760537909,0.5529989696200155]],[0,0,[5.143614339593149,0.5160549690969373,1.9698165698001247,-0.679833886712813,0.6780015909769159,0.35795529253311376,0.7848968139063379,0.5128183431051682,1.0857142367696628,0.2955628136622046,4.81418171498386,3.9790820790547947,0.37392581294741967,0.49639027364059485]],[0,0,[4.3828479023762,0.0,2.562067402637858,3.0443108311942026,0.5473719106792632,0.7825972825963192,0.6412069379796602,0.4386097702080706,-3.215715333276636,0.38783272569522415,4.687674597404919,5.917955989558081,0.3400989280773634,0.5112512034469195]],[0,0,[4.152868947563827,1.0,0.0,1.1229764635755113,0.6528218720821428,0.45490819601587884,0.2573197223086894,0.5622546954877753,-1.4752682416968783,0.38385875487030596,0.78509553307524,4.554698331033601,0.49397656626647557,0.5435150382253225]],[0,0,[9.359749618931446,1.0,0.08316797826694566,-0.23600792851625793,0.5923737245408864,0.4312623614005658,0.21382054055505256,0.5566624080960471,-1.0136674762003368,0.7101242579122118,1.8503589768510698,3.7501747440145046,0.5703708926346513,0.7271892315611655]],[0,0,[2.0193575273269393,0.5120896575170362,1.4597757177763575,0.001084793113979282,0.37567390279709834,0.5275732766764955,0.8070138814345301,0.0,0.08338788182089463,0.6411435730833648,5.241074624751009,3.415084166413692,0.6168124092070214,0.5191653145494103]],[0,0,[5.889598273461839,0.7832567559238554,1.1955928884679703,-0.868626527715717,0.26614417738417606,0.9482109360020174,0.06391474702221828,0.353824943777158,0.3614809420305815,0.2811012859886109,3.472558042981452,2.2050278963402388,0.5367670198586563,0.4266531121855529]],[0,0,[7.553867797579555,0.9424477702292867,3.141592653589793,1.688257858946884,0.6480030484206839,0.27932715311871914,0.7076690458761369,0.940767416078321,-2.1821254562981687,0.4928428076740124,6.696343596757947,3.956803184961526,0.5081096989942105,0.3229835891231351]],[0,0,[3.602793480925368,0.6333618385185732,0.6314040449951444,0.5175051892143323,0.3880279460261251,0.8334366551547336,0.7880683332519798,0.045440871244740944,1.0471370158719764,0.5888213632561332,3.947855564480466,2.387277459652499,0.5782362360393893,0.49625723013680734]],[0,0,[4.837700280975745,0.43603425687249353,2.1891895229373888,-0.524251090860786,0.18955826925025682,0.12111151398173842,0.4905003690076054,0.5681914975794776,-0.36003332056535176,0.17283155608791578,5.458238888107973,1.9548683813188181,0.5634328425698388,0.28576874223200033]],[0,0,[8.032748309871506,0.0,1.3123440215187543,-0.6601373921137244,0.7327304978653091,0.3245622658923601,0.28815254732246165,0.9039769290522246,-0.9818651817365371,0.9,1.9653784972749992,5.228901868242255,0.5470754783805268,0.479846948102607]],[0,0,[6.115058039674306,0.0,0.0,-0.8663097980913328,0.6468969774374362,0.6533528965691741,0.5274581344767759,0.20833934730107162,0.14557331485328226,0.5565903729333721,7.597612750103346,1.83834149256761,0.5182940623654653,0.4607311388250674]],[0,0,[6.757587173003283,1.0,1.1843594721576012,1.8403607612306518,0.7006702396315216,0.5423809667835133,0.560808015595448,0.40253728772327646,1.337663471987752,0.5559199030642802,2.6259818495563123,4.241231236532932,0.3350905524458525,0.470692413716031]],[0,0,[2.794243656973905,1.0,1.7895842205736014,-0.27191934261008194,0.4802586435816739,0.8260366214193964,0.29189121803457685,0.6302181435189884,0.44193762965179406,0.20386316716293357,3.597563622514849,8.958949691961834,0.4275099761868757,0.5814743368397166]],[0,0,[3.94573900817334,1.0,1.845848096492687,2.279873734340598,0.6461506034721985,0.5125477119565128,0.8601239122362176,0.7539526598327724,-1.1528226791912155,0.6860329870090561,3.0946811170289497,3.243757480806461,0.44101292586668683,0.5810530802702042]],[0,0,[9.737235267985428,0.37662209305062616,1.9830930691168653,-0.03235915318193407,0.6092161659192554,0.17618302573318279,0.27487908666149585,0.19651076833480507,-0.9214030950425124,0.5067381613748045,1.0508747602028334,5.264723421004805,0.43426655118444707,0.6358170254114325]],[0,0,[3.5750346156425232,0.4273007428512008,0.9870657120658334,-1.2309845436821998,0.44491249286124995,0.03396091090333614,0.5239126022219105,0.30647631257656605,-0.11683951994585226,0.3942103551385108,0.0,8.18109519644537,0.6184219794504938,0.4792893096928605]],[0,0,[3.5220193692240938,1.0,0.0,-0.5922519841054142,0.34271550851749555,0.7577797459690808,0.0,0.5093043248947068,-0.5453972327065121,0.7401573235922755,2.2719048735752247,3.3833294751671272,0.46184360609361497,0.45713436539174557]],[0,0,[7.170911359526667,0.041374379239350445,3.1046122825470874,-0.3307331486645911,0.3112171556683566,0.6347451108725417,0.34185555931556555,0.024966938261451577,-2.1798772177275114,0.12876704151112045,4.67502289181737,4.872465433876379,0.40210447490464996,0.6446744887975111]],[0,0,[5.462125878304754,0.17017261890564406,2.4807015561255756,-0.3751013638117913,0.48338968070525773,0.5477977240555632,0.30230782315198984,0.2716896548649072,-4.0,0.5534153605145337,6.357119423608466,5.089798743151976,0.48783852341063544,0.5523180778379017]],[0,0,[5.550434728622514,0.04548423463032053,3.141592653589793,-1.0946544870978103,0.56374128473245,0.27307211292109024,0.314976852769557,0.4724325642937496,-0.5454024035042515,0.6969385501834271,4.707244853073547,0.4071917642150038,0.5620199783684261,0.5427824008063866]],[0,0,[4.451035372911642,1.0,0.5666906280469484,1.3905357507940665,0.43713849554157036,0.2565981194062467,0.8989776720070866,0.28377638825364565,2.6307103172086306,0.5527247459909254,4.805068430376917,3.941114983767667,0.6238756026007085,0.3846401088888357]],[0,0,[8.77568234466577,0.648018041872134,0.4140747035878567,-1.3516864823400527,0.8036382421800191,0.3721592661958327,0.31581539541570824,0.4745011084990015,0.48505157445730307,0.7655405084903368,4.644221212893647,8.796082282536252,0.35705715239436175,0.5966598825321612]],[0,0,[5.388344388355584,0.0,1.2770505068217664,-0.9847370783725595,0.35443310256456273,0.5839544282797492,0.32124942713042637,0.5906590654953474,-2.6767958572013315,0.29389694510369757,6.560664719261469,7.187268441319019,0.6924282952393318,0.43257291344359183]],[0,0,[3.0799340704529587,0.12595952233848318,2.43148815823953,2.574210445776211,0.6426763797360453,0.6991658370384372,0.47451842211095446,0.6824148362523959,0.3924087746849837,0.6679926932399877,3.3545820122534096,5.536352152672243,0.4388440372064069,0.5410085302906699]],[0,0,[5.195620984786575,0.9748680160919563,0.7869159513360285,-3.31275962192308,0.598370852765089,0.38145800852081524,0.2985547205264616,0.6282639318821042,1.6800895473593358,0.5381861976831112,6.817688855576941,2.0493196414118544,0.48068514452028566,0.4328560628194246]],[0,0,[0.9566873461970138,0.0,3.141592653589793,-1.6259578207171537,0.733455953317133,0.7899799729561481,0.634296204799769,0.40708620693409564,-2.157553586937335,0.5670122219825535,2.7009808308363104,4.723999886710847,0.4957864368090729,0.39370288681546706]],[0,0,[6.40021588424589,0.7696742936290126,3.141592653589793,-0.9944498187769368,0.6110953005512096,0.9280154217582297,0.6807422643647936,0.47951213105732193,-1.8614659605710524,0.7084618029181471,6.4247710712574655,2.952175337030967,0.4144116042029323,0.493062574332444]],[0,0,[9.383777240558544,0.801601704216588,0.3639503530119108,1.6193658855682354,0.8216360517484975,0.7703114082244387,0.6155900135748578,0.3879785678863907,-0.011221299854921676,0.2472103989186406,1.466267766913476,3.8559984141786137,0.4450488357618715,0.6976163496489899]],[0,0,[10.826055478512759,0.0,0.0,0.9653534978851331,0.25553507082459315,0.5230210470413432,0.7629221529010211,0.33503238012420766,1.0836360226936814,0.34290454170892737,2.4854851372622164,6.459533881175004,0.5263439710478973,0.44590723934107046]],[0,0,[4.577483611071564,0.7231829404295533,0.0,2.144130275349724,0.0,0.48001669807246544,0.3624035474916519,0.6492103985779423,-2.050237339477367,0.2314102889896711,4.389995605684663,7.792180203445109,0.3814950584553325,0.5570309353962433]]],[5.2277713145594,0.4077305144426756,1.8092464764356453,-0.029606513026679163,0.5687894512792683,0.42800384186370244,0.48607944209005755,0.45681321168957745,-0.9263332663979044,0.478256672919964,4.00602503550667,3.750885560009806,0.5050391092262305,0.5309365758958355],[23.909707260434608,3.579828739253106,9.304411578432308,8.759370434482559,0.2509409207315729,0.26606787233309437,0.25620689903485533,0.2436143406853759,9.502406904107227,0.24198046189641376,15.39044585242244,15.759113786613018,0.03973953321147503,0.03863640032448886],[[23.909707260434608,-0.19896149224573062,-0.01692903958543713,-0.2804644376134188,0.0381970926901258,-0.0046657785139197746,-0.023787253742161164,-0.09715380409957752,-0.7541035937769525,-0.05017211369633241,0.0219066793393397,0.1785323181235199,-0.006947332608791869,0.013607170061509402],[-0.19896149224573062,3.579828739253106,-0.0308704617962734,-0.01675539813030527,8.787051585137321e-06,0.016067576287897668,0.003863592200867225,-0.0010146014016418718,0.1652841441971057,0.023329669796632743,-0.015447785669119982,0.035581265236352085,-0.005930652382764302,-0.004293155880384261],[-0.01692903958543713,-0.0308704617962734,9.304411578432308,-0.02334389533769573,0.05633939903047708,0.0020305404881607427,-0.017748993872436454,-0.02370568395564372,-0.17694145122182867,0.03953958868857141,0.32255085291153535,-0.5834536157143062,0.025094103031457832,-0.0034978271143061694],[-0.2804644376134188,-0.01675539813030527,-0.02334389533769573,8.759370434482559,0.015452011477773721,0.03321791826890089,0.041353989875312365,0.05096805380287083,0.0251577878134938,-0.02995531279566979,0.13417880547319444,-0.07747789926816802,0.010570146681034077,0.0107957909758163],[0.0381970926901258,8.787051585137321e-06,0.05633939903047708,0.015452011477773721,0.2509409207315729,-0.003472758563579149,-0.004682455830020342,-0.0018191016672312365,-0.08289925413109554,-0.001027711637060428,0.05652714309516929,-0.013682470908471515,0.0019895518116171958,0.000524711934901034],[-0.0046657785139197746,0.016067576287897668,0.0020305404881607427,0.03321791826890089,-0.003472758563579149,0.26606787233309437,-0.006190874876801188,-0.004088393047588285,0.061766342834941736,-0.0039186391794783166,-0.02552225482694399,0.04368839876518948,-0.0012284350046675642,-3.962482133155077e-05],[-0.023787253742161164,0.003863592200867225,-0.017748993872436454,0.041353989875312365,-0.004682455830020342,-0.006190874876801188,0.25620689903485533,-0.0008643251343530289,0.01953840566303775,0.001023658616761244,-0.021845259103465235,0.041691302054733544,0.0006944688092914348,0.0006538265565065643],[-0.09715380409957752,-0.0010146014016418718,-0.02370568395564372,0.05096805380287083,-0.0018191016672312365,-0.004088393047588285,-0.0008643251343530289,0.2436143406853759,0.06671801746099101,-0.00012244585419196968,0.010403516567485487,0.02011772686592277,-0.0007949168956393548,-0.002269359289647108],[-0.7541035937769525,0.1652841441971057,-0.17694145122182867,0.0251577878134938,-0.08289925413109554,0.061766342834941736,0.01953840566303775,0.06671801746099101,9.502406904107227,0.04494460590428082,-0.09134940600748805,0.4447319269274316,0.004133143863077288,-0.03608756952675653],[-0.05017211369633241,0.023329669796632743,0.03953958868857141,-0.02995531279566979,-0.001027711637060428,-0.0039186391794783166,0.001023658616761244,-0.00012244585419196968,0.04494460590428082,0.24198046189641376,0.04823801775841314,-0.06527860048296277,-0.0015660720696605906,-0.00455386574442983],[0.0219066793393397,-0.015447785669119982,0.32255085291153535,0.13417880547319444,0.05652714309516929,-0.02552225482694399,-0.021845259103465235,0.010403516567485487,-0.09134940600748805,0.04823801775841314,15.39044585242244,-0.5543960851992854,0.012205596975682966,-0.015875249031685783],[0.1785323181235199,0.035581265236352085,-0.5834536157143062,-0.07747789926816802,-0.013682470908471515,0.04368839876518948,0.041691302054733544,0.02011772686592277,0.4447319269274316,-0.06527860048296277,-0.5543960851992854,15.759113786613018,-0.02938003618505398,0.002516345656082063],[-0.006947332608791869,-0.005930652382764302,0.025094103031457832,0.010570146681034077,0.0019895518116171958,-0.0012284350046675642,0.0006944688092914348,-0.0007949168956393548,0.004133143863077288,-0.0015660720696605906,0.012205596975682966,-0.02938003618505398,0.03973953321147503,-0.00017204604816663756],[0.013607170061509402,-0.004293155880384261,-0.0034978271143061694,0.0107957909758163,0.000524711934901034,-3.962482133155077e-05,0.0006538265565065643,-0.002269359289647108,-0.03608756952675653,-0.00455386574442983,-0.015875249031685783,0.002516345656082063,-0.00017204604816663756,0.03863640032448886]],0.8120697919661043,[[1.2991048781252656],[-0.5262635421036266],[1.3600121384346329],[-0.16886220098276628],[0.3923440135265715],[-0.41063362356259553],[-0.07939658565879383],[-0.2463179679722222],[-5.2833872758520615],[-0.12401413378584891],[0.03436408589350043],[-1.4208364421513096],[0.028740806935523694],[0.17644827987455503]],[[0.3450509870716371],[-0.34944783465966417],[0.5749127983892672],[-0.0747515592072857],[1.0420920698439362],[-1.0906705033665058],[-0.21088266785064727],[-0.6542370782638215],[-2.338838617922445],[-0.32938987447567036],[0.011409165223132492],[-0.4717296358119645],[0.19084378731317408],[1.1716462266246879]],1,100,0,0,[3.9010539963309103,1.0,1.7233023309721853,1.4331552710186322,0.8365156998116472,0.5969583125658015,0.777904200911062,0.4137285055427493,0.34498288091018475,0.4670566394191367,3.5575774284659474,4.022478065393336,0.5312750770925463,0.5522073076188173]]
