["generation","mean","variance","covariance","_sigma","_p_c","_p_sigma","iteration","num_evaluations","best_score","best_evaluation","best_solution"]
[[[-39026130.77691586,-39026120.92103714,[4.958658735299255,1.0,2.7872934670308482,1.144595342978748,0.6238358068158322,0.24951812722703892,0.6393584704315435,0.2965227369054723,2.6359137231198266,0.1556491457457158,2.9263244626421168,5.6376624007482725,0.54868216219549,0.3182497717905078]],[-40492162.63998956,-40492159.32197434,[3.449364026520283,0.6048423596010535,0.0744743723123118,-1.94793382410863,0.4277945396263964,0.22304364373877833,0.4779122860015538,0.38350952220031614,-1.489303137474531,0.31542670261231337,0.7717364796156945,5.996029057752243,0.41452442156020447,0.30870399076205624]],[-45468938.74304448,-45468938.66174531,[8.64606002652405,1.0,1.9771768445608198,1.8279830727876993,0.35639270125582334,0.11251465744112732,0.7904770499899603,0.7964940858786159,1.531574297297223,0.4389560734726596,6.7140103845883345,5.16912707962091,0.4145181716700248,0.2761869599089909]],[-46430156.130145624,-46430155.042046785,[3.0508763796136957,1.0,0.0,1.2530247472834022,0.26424623994601104,0.392611837510821,0.6201984860360925,1.0,1.3509541935289635,0.5668538580038345,1.275209022365515,4.078044607923807,0.5818199705375109,0.22652362660094316]],[-61060907.39218537,-61060905.90445316,[2.4107002941247724,1.0,0.0,0.8874683647385024,0.15714644119469023,0.308883632661919,0.3834171953387615,0.39957445191085605,-0.49115987042823606,0.22948166659854347,0.0,4.559536887966998,0.45843021679499,0.34828200583763247]],[-62577824.51912135,-62577824.51559657,[4.243144700558621,0.5963881778760971,3.141592653589793,1.2195448864841254,0.7557346950893998,0.4379767532639395,0.6886360008240103,0.8893432761158839,-0.7426120329512756,0.1,3.8881020090886933,1.0317735014496487,0.5570880075754312,0.39762587485888556]],[-64998901.47268443,-64998900.962296605,[10.315617148780822,0.0,0.0,-1.1146529639637492,0.40833942434088333,0.28607751747895865,0.2048213951743812,0.9227297221153168,-0.6865170208968866,0.1421644088886299,1.651298720113647,6.126378383672357,0.5286022920453622,0.47423571975596074]],[-66395692.17968437,-66395659.652180195,[5.0425763556911765,0.8398671959711539,0.7277239819249912,0.0070485332257604425,0.4719118843281139,0.49107144694904564,0.9053466862877811,0.0,-2.339138627944872,0.4819499957614556,4.758675322759912,2.159358311344318,0.5413646528483398,0.35171864412178067]],[-67528473.3717476,-67528468.86263919,[5.904292390066752,1.0,2.670755914935669,-0.6639518584226531,0.60303365467241,0.2630917829525698,0.4146194870358233,0.5785999463583974,2.424646314601218,0.492260386258945,5.8097580036353085,0.0,0.5432644620597721,0.4335175180301169]],[-67663960.8350319,-67663958.80240822,[3.326109645193009,1.0,3.141592653589793,-1.2278620535806843,0.6476964919918287,0.3413870072738277,0.5522994591204783,0.6674200338839762,0.1074603886170144,0.11256066600904668,4.3108261837183965,0.0,0.5351563407194628,0.48941491604824927]],[-67761623.85991417,-67761564.02488303,[2.1486892064876146,1.0,0.22446282035782406,-1.7265650389321388,0.5984920081518168,0.5012630112741121,0.49054213661183005,0.062321660576595994,0.18008148412223832,0.16728921868862084,4.861386471261741,6.020718241428476,0.5486684480417059,0.39647675284589584]],[-67990185.4176666,-67990184.59681278,[4.795340948981098,0.0,3.141592653589793,0.3208061672960151,0.5686780541226705,0.229774466942128,0.9023569838940213,0.5630189335754853,0.3863794282058574,0.8610719528936461,4.147991686174925,3.357792826515949,0.4460869023849163,0.3525362814386238]],[-70378771.89416774,-70378769.69408447,[5.405838576116005,0.0,0.0,-0.0309472345824382,0.7068840902443876,0.09000735910425745,0.48940112680820025,1.0,0.04924390605105694,0.264998955122717,4.916932866437424,2.4741651669116247,0.524167826509512,0.41663769033131515]],[-70830316.8361825,-70830311.49193877,[11.733393876894445,0.0,0.0,1.073630309758869,0.0,0.21158309929638636,0.21741963913632179,0.7473861840575488,-1.088260287294684,0.16953469379887276,1.8486228500112065,2.759806477989371,0.5535256440943015,0.5012477037966199]],[-72100357.85130657,-72100273.7046647,[1.613199101062106,1.0,3.141592653589793,0.3964530648245123,0.25799428068601515,0.03546690568209876,0.14981813209105727,0.8997800115078272,-3.138583100333819,0.290832210536479,1.2832073848362997,8.62101691922677,0.5470990981849845,0.400386699605186]],[-77896622.03982311,-77896600.06575477,[6.5897734962193955,0.0,1.7916065914574835,-0.5844085231225316,0.3912151430373683,0.5414777334172669,0.19201914118361746,0.16312194672511215,-0.49629125579157973,0.4806062505466292,4.564582754066181,1.649930669538001,0.4273638720053292,0.42468941815592187]],[-78049239.16407016,-78049231.04661065,[7.02689199803966,0.0,0.3796043323676428,1.3934493000737007,0.20194508065603495,0.4740331490698395,0.16881878885001578,0.5573975078501036,1.2211799562404297,0.24691414594335542,2.660526404523778,1.2943919098351855,0.6522129050402653,0.4556743244750454]],[-80095096.7641908,-80095096.7641908,[8.18426324906562,0.8173075263851617,1.2861207749935701,1.2627135732146653,0.3205649562080245,0.4381691262278199,0.735730570172318,0.510171008125483,2.589897478331928,0.2923535717552448,0.2107882684859379,5.347128909094958,0.4668002267499847,0.47134557653540005]],[-80916364.65519038,-80916364.57864213,[4.139724793084901,1.0,2.126682227640411,-0.7526479042123317,0.655437542114522,0.36925742033817127,0.6434155988097627,0.4575117885620037,0.34234052103777796,0.3201236071278709,4.725058555771121,6.2897576615899915,0.4620591685746267,0.5525259340366877]],[-82223957.20277454,-82223956.88712978,[4.101197043246711,0.23796761653711657,3.141592653589793,1.9332905795577062,0.47350301440745535,0.541787146389846,0.5100828408296962,0.5499712964547043,1.1553841883807714,0.5606342608384651,5.320374557871439,3.4728613772731016,0.4367182225335681,0.4612663272203043]],[-82993721.43251441,-82993721.43242204,[8.910406954441967,0.9999413649117787,2.9272857848110334,3.6753170971070364,0.9529965461801626,0.3672427758089243,0.814214885316584,0.6086416088758271,2.188339800605375,0.5483523326172011,6.181414910536763,4.348416206177757,0.5235453556345091,0.4063666420073459]],[-83423653.3420595,-83423653.08666301,[7.558577809247938,1.0,1.9985443895468427,-1.2660830585643885,0.07834066204106632,0.34059635917055525,0.5260193097642649,0.3780788918322979,-0.034956360687492485,0.5704858570854967,3.7317880673381314,1.317799551070768,0.5560298137940524,0.5061218204761541]],[-85177471.83073288,-85177467.60563058,[6.953038421470761,0.5952187948654173,0.0,-0.7721710542365654,0.6951823030584755,0.052559786370837136,0.8200828444574074,0.7693278284723539,2.1180043567529268,0.1,3.593357228293295,3.781463099020416,0.483890485814275,0.514833929178718]],[-85272233.1696682,-85272232.63726705,[0.869252905876956,0.0,0.0,-2.2692134433961955,0.2354603810200842,0.11983490517203066,0.35271189027715916,0.4864461414747019,-0.3741686147855568,0.2499609973993957,6.239392985015341,3.852018789410392,0.5043147955220859,0.412034753119664]],[-85649608.95384024,-85649608.95383143,[5.641147772391664,0.707544033231822,1.2620901574753363,0.8983230335663015,0.5144744987803392,0.436234420170184,0.5102330285202863,0.3306769715044725,0.08502279939115429,0.1,1.5099860284294118,3.6763302414994694,0.36187677054636036,0.5159475138409888]],[-86202399.02781141,-86202398.69087279,[4.672648847290167,0.0,1.4344134089100393,-0.9924509358587807,0.5239567713216599,0.4003672927829876,0.6745872254983669,0.6976764790832387,-1.9276001975849155,0.6290631057482483,2.446198160507797,6.198153157721944,0.6766264485939268,0.47967872995898697]],[-86469696.1985753,-86469695.36153352,[5.485969699239034,0.0,3.141592653589793,-2.0587479660277443,0.7408524753181306,0.37923633244649174,0.6013427999274769,0.5113647810017243,-0.5105281413945438,0.5477392081864221,0.760118096933176,2.655577445270647,0.5408514577274807,0.5451480546872043]],[-87429972.43354733,-87429961.64227659,[4.917647855316167,1.0,2.4981326411181857,2.671448551836109,0.9516570087632515,0.3584527244480056,0.25490743355607265,0.4445271460092981,2.580526723248636,0.5623102323277426,3.1108420560744157,2.4049449183167124,0.4369726242903621,0.5107247568171668]],[-88641807.65563911,-88641798.7081716,[5.137741307261558,0.0,1.435660385081351,-0.412302375988844,0.3488179023881204,0.28702961387346,0.575283288209609,0.18722886708806413,-0.3928330682441409,0.7785967454378572,2.763637274087613,4.179507478120934,0.7018716279037431,0.41351800523601423]],[-91303659.05233501,-91303658.95884168,[8.75745131484133,0.23489398910454518,1.4971096402844255,-1.1805118285898017,0.9296724433788502,0.44659032536283244,0.25036376120803827,0.8935210170726305,0.5546288107998301,0.15837097597795152,4.94146133841721,6.909740281660167,0.6723461880527121,0.5481960007055455]],[-93044178.47096407,-93044141.95036793,[8.291928857603919,0.0,0.013981066138333942,-0.03155561130311489,0.43435882272143445,0.4252253302467759,0.8286204477962822,0.23642134736010484,0.9507415070032673,0.5230102524577109,6.656480482384544,1.6477950032016797,0.5451379893425432,0.5388942040191682]],[-93454832.90097806,-93454822.01180601,[5.742937416772454,0.0,2.9082846281032224,-1.1621260874285089,1.0,0.38014848969140064,0.40350663208538673,0.34852493198064183,2.758558320373723,0.2526397729128971,3.19418671100544,4.308692792316016,0.5034170557902424,0.5707791585862692]],[-93515580.00455704,-93515566.89017576,[10.159210484042429,1.0,0.9220738132113435,-1.4612175629980304,0.6045927064335923,0.3740144070526815,0.07525989228063062,0.7156474653175877,1.7052676334606836,0.7039123476400104,2.9654013539533697,2.764446511875077,0.39994298392071126,0.5167422712759512]],[-94285289.64038996,-94285287.94161022,[3.0823839482150817,1.0,3.141592653589793,-1.6470330684064023,0.5551715944574126,0.4391693317611377,0.45406946878638627,0.5063791001789861,-0.12089463622643126,0.6308477857953448,4.135664831972383,3.0516176738980025,0.6669891152521487,0.4651551026365001]],[-94372433.47560634,-94372431.55887014,[4.757995349215182,0.0,0.0,2.162022051827818,0.6630854222948439,0.6808385790236553,0.315374301351839,0.5381527909394034,0.6780515435283885,0.37788940689498995,5.528866495776544,4.3881546729272145,0.5820604080025839,0.5014647675409611]],[-95051507.08145615,-95051505.6921395,[6.785106336574887,0.878213070228083,3.141592653589793,-0.5263203731765393,0.08666773334224182,0.5030878053032493,0.1710157813438064,0.7965854003407866,-0.6879008167107075,0.19026412382849978,3.9313595240561225,5.510531981527794,0.5097292322671411,0.4348068226450798]],[-95549586.32811849,-95549586.08641088,[7.985248928040038,0.0,0.44543265653523734,-0.9543903507587064,0.36013689389869363,0.4918284834847271,0.28239209528793674,0.5518354295546113,2.7079735073919893,0.36659085660663693,0.0,4.779151432719847,0.3330266003483233,0.5188331311665626]],[-95732285.0101356,-95732283.97609842,[4.3737082160272145,1.0,0.0,1.6797612305289435,0.6119039767191683,0.4925317998618228,0.8494138704775258,0.6013440877767318,0.03831282760637001,0.1,5.011057143278638,3.6227191929094875,0.5693092065455604,0.6153047964727775]],[-96338704.06202076,-96338703.66978621,[4.908111536650023,0.0,1.4163660096629382,-0.5318118757868109,0.6130862765282039,0.3270074402646575,0.5458213540951793,0.5888118429959406,1.554409801390813,0.6498358723446085,5.253598976948549,4.902050422629602,0.5287422264997524,0.5382535931039831]],[-100365630.20401803,-100365628.60021353,[9.564480732352537,1.0,2.0920260421037833,-0.538969106054292,0.2899591577046713,0.3363486173551758,0.04306983500751865,0.6586539577104586,-1.2541731175504356,0.7712441227844171,5.23735190731606,7.370967722463602,0.5611521516849892,0.5392548829364432]],[-101387691.33059496,-101387691.0648346,[3.5630885857705086,1.0,0.0,2.0687688712022743,0.5466554745540042,0.3349901005359551,0.7220450964439873,0.4539638138079705,0.30335521389926945,0.5522526737476591,3.183017048566022,4.637635836411214,0.6281961624725573,0.6045626471258198]],[-101690348.78266318,-101690348.64109504,[7.213601860334423,0.1776372602646183,2.618181223651269,-1.324944612232328,0.7756139438405297,0.3086278330376545,0.36301632602951295,0.5992735192915559,-1.896003554362896,0.31686707762864647,0.0,3.6718409541567265,0.5548318779744876,0.6549768658990359]],[-101960802.91190666,-101960800.61161107,[8.358011419934837,0.0,1.960010062005181,-0.7422066426572216,0.8393057534772976,0.2542319008581096,0.48966402757186617,0.8078178076273708,-0.5196497809658172,0.6427071438142954,3.766414520287037,4.056858457382075,0.4833873148845654,0.6145442122177839]],[-102581787.70491,-102581777.29170263,[13.497973457979736,0.662658941913805,0.8472283986800628,-0.727289016702005,0.955200271033241,0.49664635689605274,0.21436629364241355,0.4235475796169731,-3.0332229498659,0.1,5.821907960439942,2.9198786982481293,0.47554671667572307,0.6208262906641443]],[-104332644.48623566,-104332642.93121111,[7.574648518816989,1.0,0.0,1.6301240910427541,0.33448128793500576,0.0,0.0,0.6906638639550051,-0.18567603915133138,0.556773648126483,2.1690711788698103,2.93534988539957,0.5150573819476632,0.514324597580913]],[-104477958.41848825,-104477946.32107294,[4.330880253399481,0.0,0.0,1.3769756728996918,0.2780711205188502,0.5410993583704757,0.9146830111072519,0.43108949402300656,-2.879381504694316,0.7255886841500695,6.685666126564505,2.170858914426887,0.5621849993988399,0.5023923674777264]],[-105030726.35721405,-105030726.35641587,[6.4081272628841095,0.029488225460342687,2.3946189473853203,-1.1820802906128582,0.48583168547910144,0.17942429076707506,0.3641537061800274,0.6563686790542287,-1.1381652571032668,0.2379053433579385,2.8154816076424445,4.044794924556827,0.3925610651373019,0.6956213800969062]],[-106400951.85805115,-106400951.64769173,[2.1467105301992575,0.0,3.141592653589793,0.7755095122474687,0.8924335583148608,0.5297534500479106,0.5931028392243649,0.85037186991599,1.4925408143494505,0.4103636059037404,2.0288521451175896,8.092010526889958,0.5725825525731483,0.46420022162010793]],[-108135925.98630463,-108135925.62937462,[7.148652245725749,0.8659089557429012,2.0425074197264306,-2.019185508938334,0.29751963446057184,0.47278078935091805,0.25706522867892867,0.8678694347032664,0.8791968918863584,0.2969985506360143,1.2440418491038079,7.1707655778251915,0.3974257414383898,0.586499398246622]],[-109219299.50619204,-109219298.85432255,[1.9114571531122855,0.28253259433405287,0.0,2.6714504229411307,0.14762522385909355,0.5090333383370061,0.37370056963047504,0.44185389494580984,-0.12941413563450616,0.5085282384097579,4.449457654229422,2.002576584719929,0.5745347520929863,0.4729654425217605]],[-109412064.86778307,-109412064.86778307,[5.151159414861355,0.09328008483035549,1.09645131825833,-0.03881474668998504,0.6839729343155074,0.4881661377021046,0.4421857684766811,0.7266549722506009,-0.5833615215459491,0.5032491984964432,2.4579391361692653,3.3545201374888336,0.634308992739392,0.5850781764292793]],[-109555962.14816292,-109555948.54082394,[4.644827246144402,0.5456546253940019,2.8448952490783896,-2.228314852345161,0.6787252011226902,0.4734345338391839,0.22382635416338825,0.2509237710927628,0.22198304827525095,0.674355145224898,3.677902707710149,4.658981694478029,0.6132635184171186,0.5281245789869381]],[-109851829.7300985,-109851828.5137353,[6.152013721782978,0.8856746909321591,0.0,0.20723701104357606,0.7763386639618995,0.465003886138648,0.8126283272537689,0.20681580695393714,-0.40746269197663054,0.49431705653059177,4.104940853546212,6.213416637345736,0.588978172622437,0.601497778030806]],[-109897343.68760246,-109897318.22651827,[2.8738674870037695,1.0,0.0,-2.2622667531073715,0.28566938551594484,0.7553260759892202,0.871863980039147,0.0,0.11679273875743512,0.1,4.969780890765989,6.647011388426616,0.47533316573841516,0.3896698787642551]],[-110665727.6118685,-110665727.6118685,[1.0839194337282132,0.4483956321878488,1.1784448602408746,0.17173126744337577,0.4702023767100597,0.4995698276654686,0.5434452033414479,0.7651229107267015,1.643710192387494,0.46939933385570054,7.412322480033767,7.5330203051433156,0.553916391079787,0.2840398023389268]],[-112607331.52776827,-112607331.2832666,[1.0849478645425457,1.0,1.2279127487798787,-0.6984308879104845,0.7627783578889991,0.26730006891712044,0.58496040493788,0.2084063875162978,-0.6584840990649706,0.30992355706017194,4.671605545919011,2.6497461560559725,0.3152351859061047,0.5372196971534567]],[-113049772.49366765,-113049769.69482052,[3.5768771131513164,1.0,0.35309077469827965,2.2854589961302363,0.8244179356875638,0.46269009509159853,0.35146001259639986,0.5082276932359815,-0.4502677331725366,0.5882724739896958,3.6081822767731886,2.949165306696907,0.4283303232472997,0.6443830989088272]],[-113422499.69818528,-113422498.37390673,[6.579324273941998,0.04503844204074331,2.4595677431698846,0.2892229025993234,0.45232485911636716,0.7008304872478545,0.9820015751109064,0.5133407174852923,-0.6803259044789127,0.6583569007928874,3.064793753388735,4.8641756859630725,0.40098318580395975,0.43426192352672277]],[-113810467.89468919,-113810443.51977336,[6.950764430169674,0.582771344539356,3.141592653589793,3.9289102882306137,0.3575896015091997,0.7715989814561962,0.4752647565522117,0.30187934186698995,-1.8537989162437905,0.5099051406262204,1.849807807245285,4.855556891796383,0.5111403532326557,0.5426053063457539]],[-115268312.18912712,-115268305.02583158,[4.323624919812769,0.0,1.1799601918032074,-2.508056865144347,0.7066698146543682,0.21182908021333902,0.5499337416662771,0.26154946757179176,1.4982716020015476,0.44761997427021516,3.5187546201023836,3.465659994649918,0.5859577665882684,0.6670995970386077]],[-116396388.31726196,-116396358.67172265,[6.587202745737648,1.0,2.712058104696941,1.639251581325385,0.6722700099988516,0.7653564541473068,0.38706944842082375,0.1303272609404954,-1.7962821793780086,0.1,3.8933965591914323,3.379213043938925,0.5591036224699708,0.629135230478902]],[-116426362.18392192,-116426345.00764602,[10.532028531370662,1.0,2.1910486115286694,1.0924985432397754,0.5004018528739246,0.0,0.07319946829529222,0.2541466790859462,1.9525773591143443,0.4853893870040087,3.9721530523409627,3.795462942685502,0.6274174659318793,0.5869756360718129]],[-117017161.3191172,-117017135.44217193,[7.288430093726388,0.0,2.5045778255625777,0.6907312294952359,0.239978431300016,0.6045997214024234,0.16650230113452918,0.0,-0.8402514559938269,0.8355739277166405,2.849677807837598,3.998585035734571,0.6915894345871053,0.43006596261563]],[-117432272.84687385,-117432250.13507533,[10.380239666030734,0.0,0.4481408703039045,2.912837692076139,0.39321870214017063,0.7388488956443717,0.7937355704527731,0.18926397801218925,3.1190755991414143,0.1,4.681972751592601,6.332691273872091,0.5924402436584177,0.5669419000502627]],[-118393359.79402705,-118393359.64739978,[1.8268005504400269,0.0,0.22702980941203954,1.638291064433382,0.7868379136797148,0.7472419050018834,0.2247351270075405,0.43001684089427716,0.3777594805751994,0.5434193726166701,6.185428612210492,7.85081585825648,0.6288110905712716,0.42562782886044515]],[-118873127.6184749,-118873126.60815269,[2.8480916223918484,0.4932602398390549,3.141592653589793,1.1072723506525546,0.3452345821621571,0.015388247443696712,0.32276766552147473,0.8494969986639478,0.6529573027376792,0.7974834457247413,1.4303683801286242,4.602283120058492,0.38145569967409243,0.5717154275542957]],[-121500953.92919682,-121500953.89557624,[8.076676382717558,1.0,2.4126365738178053,1.1937277225422585,0.15213681242008414,0.6550932907112224,0.589878524543076,0.6123670081640622,2.2172100726039217,0.7974159798853222,7.84421635396504,4.043174122689566,0.4205961973584813,0.5571084942282245]],[-121570887.59272136,-121570878.95773149,[1.094672642049534,1.0,0.3454498364052361,0.3230714849764162,0.4915905586642596,0.42379985708336654,0.4717585557716338,0.5745538208454382,-2.078736670231809,0.6371613271938019,2.6146096691001013,8.483039182558002,0.5116701782294927,0.5984843149031545]],[-122107768.8420805,-122107759.02284122,[2.8182914366798046,1.0,3.141592653589793,0.23244019157153323,0.04398905824982069,0.5667455329608343,0.27678912767304664,0.07530445387559676,-0.2487236143636705,0.3100938267355684,2.9384891861669145,2.6604710791071318,0.6026011508268744,0.651834985278546]],[-122673325.5914263,-122673320.91663909,[8.906265708729025,0.3466938946826721,1.6978976242717774,0.9737505754237192,1.0,0.3152149946008568,0.0025933447277048383,0.48646875399067235,0.7972723499372549,0.9,2.154051409371041,5.580982480265978,0.485434085165651,0.4944502548732901]],[-124983407.81537063,-124983407.79899907,[3.757517990567446,0.07873743056405885,2.219720939968378,-1.0953228647015862,0.43395981257713034,0.3704741270366847,0.5457474427582554,0.35560267911756405,0.4736180570372086,0.9,7.579499306096929,1.4678442726076422,0.638394313317256,0.5891337273243981]],[-125736857.92062895,-125736857.76825702,[9.384797992428261,0.8860758329829144,3.141592653589793,2.275538548921314,0.5361017463076477,0.41439603629612387,0.7980327937012678,0.7558390582939789,0.5871209200045915,0.6046105742549661,3.9705241258184354,5.648150302305197,0.5160545268551499,0.64562436707957]],[-128727719.67443763,-128727719.50467288,[4.22045972206875,1.0,0.0,1.6276298418356572,1.0,0.4844314913942116,0.5161954628430885,0.6027513065765563,-0.48623292606624724,0.8035084802796963,3.3297588074348017,5.354213393250408,0.5483753091234588,0.6322314962232765]],[-128764794.2693739,-128764791.0685761,[7.365870533832613,1.0,0.38097614406747904,0.6373240850962942,0.5394584579521556,0.8347274984847646,0.4867897089826141,0.5828433328911045,-1.5363106857329438,0.1,1.180466665824977,3.271299058112474,0.5385781157414218,0.4262931116847371]],[-129009823.90865235,-129009823.85495329,[8.406630761216185,0.0,1.3053408220779847,-1.176621180440659,0.7221095773654727,0.451795343364903,0.9560206110758317,0.8067576617129508,1.4564821328684452,0.16918767564427928,3.5723547848250563,3.3187017202254925,0.47839501055915273,0.7644064902752619]],[-130531155.52959228,-130531155.52959228,[4.37002413382964,0.18678680652125196,1.8605505485280494,-2.026885762947813,0.43985764788997017,0.48173605984915957,0.6720418281263313,0.6576000892470236,0.7638233147841338,0.7170982934045048,6.124108785996336,3.5121718073616357,0.5149962370504305,0.6669975027055773]],[-132136228.78001215,-132136221.07651997,[4.00847743204114,0.0,2.3197591236514183,0.027489752400098294,0.380398927516797,0.6440947216027291,0.904575615551312,0.15064306385242004,0.65609851534308,0.7061707211533537,2.6287446149220965,4.387253149683922,0.6161759465518941,0.4718504781737666]],[-134455656.94666696,-134455656.94666696,[6.196079412134406,0.6492875395593087,0.7385282860931851,0.38076037711547683,0.23128433022008005,0.5494034578886479,0.7603311482941714,0.6072949334340297,0.6562332734623754,0.6361835629321337,2.0051272022435507,1.050441356501568,0.6046416860769989,0.6509582723858308]],[-136651942.79087692,-136651924.25659138,[0.5039615661600942,0.5046478790544563,1.4696594312496767,-1.7348159802721494,0.0,0.4514624073810474,0.08738153465500215,0.06757156355346583,-2.6661027857290938,0.6449381569103033,3.056268224669208,1.5175990477952395,0.37264264093667454,0.3305987761937324]],[-138694296.04212037,-138694296.0333377,[8.487670246088436,0.0,2.9503935119728784,-1.9262871665052126,0.8239633501174313,0.8158910820858578,0.6644474932822069,0.5859581419862295,-0.32304257635233913,0.45620744139385505,2.991065556020999,2.24414864157208,0.6664321870712019,0.4891840909996351]],[-147148571.17129555,-147148570.87106752,[4.158829212224534,0.0,1.86628142172063,-0.9074801737071022,0.3826676387466832,0.8320937732780207,0.27816488067524225,0.7816164506785594,1.120451316559472,0.5699604154295955,3.175107818525999,2.368629424488139,0.48163314032936244,0.3877543261097408]],[-147734108.26630798,-147734047.32037878,[6.79352928162564,1.0,0.8543720360164337,-2.0015293031509382,0.6957422221065288,0.7876095275288304,0.1908990361490437,0.29981908929017664,1.4070453705536639,0.45478501394271065,7.562715295257956,1.9094297136383278,0.24983937849995502,0.4907521977721137]],[-149557875.57764268,-149557870.02992105,[5.98041404498281,1.0,2.78594189749304,-1.6863343193948732,0.41423662895612656,0.7816440896189869,0.43519670825240475,0.49980958124173097,-1.944671702834011,0.6194135889569932,4.846492734989954,6.511561347774201,0.5901587252158431,0.5102774786482389]],[-174449014.95934045,-174449009.1585641,[7.492771473967361,0.6017299833863451,1.4384891838394953,0.393128185773075,0.422418072756314,0.6825491648233546,0.1716995297362755,0.4031110862328723,1.2337531280955893,0.26392068083083625,2.3811092518270964,4.092366980413722,0.40826956161427047,0.6115851619589956]],[-175062965.03041905,-175062965.02233577,[9.847993293790497,0.7666163437371454,1.1616928423191037,0.23975156924539132,0.0940308323306348,0.781654031244178,0.3461181520180223,0.3564498166861729,-1.2161920420087657,0.6771952402229878,4.873757159756937,5.167471476770535,0.5206259488279562,0.5228367809875468]],[-178525218.42340806,-178525200.6640612,[5.453973992326029,0.0,2.1595813166299243,-0.3840347887055089,0.9879581671332558,0.8839138183273229,0.2513409542688565,0.5770605475257051,3.469170701564174,0.7383926444370849,4.093878075709527,3.1269672148745267,0.35779752276673793,0.46257561851948603]],[-188137004.82680708,-188137002.55409312,[2.633148164575221,0.0,1.4941411042681192,-0.644115705688024,0.5723298304891841,0.8600433523163397,0.5924554679823423,0.6432468950468334,-0.7121891648882316,0.8057528112215709,3.094471629604902,8.066169198547756,0.3654332217064604,0.5698316682827284]],[-196705720.7832686,-196705718.30717516,[6.7300741378591065,1.0,0.0,-0.5052050135332701,0.8836853389681998,0.8321477298105694,0.6579391051280085,0.768362162709694,0.029314176617496038,0.23439472486320378,1.551116055124821,4.4789093045930395,0.31246727059349494,0.6039857437897957]],[-198998882.65959385,-198998881.33746243,[0.0,0.9153566388303737,2.1113294386871466,0.8042108888610312,0.20872103322941793,0.28889063217977967,0.12398176604978633,0.591343633999201,-0.5004707873998587,0.7808689696606839,3.5647988273436786,4.0450052206597285,0.5106562392278768,0.3943667875715187]],[-222134445.74833488,-222134444.9155389,[1.1759904369021497,0.4582524880141584,3.141592653589793,0.9266380820589197,0.5165709442026905,0.8821321179969521,0.06549559864357662,0.380929344809985,-1.0367041513504005,0.4562573674548368,5.3860679367388595,7.985812850330657,0.458778098518993,0.5995490971653388]],[-225800864.9680563,-225800862.72844917,[0.0,0.0,0.0,-0.601139467942615,0.9236951723326539,0.267053041746959,0.8953123963067423,0.5098088302459348,-0.086734183079764,0.9,5.324084719441739,3.617230216586471,0.5197613720004652,0.6924047351815933]],[-229967444.884174,-229967432.54912388,[2.069745098858534,0.0,3.141592653589793,0.5190244525367566,0.7590250517088456,0.8978831424313338,0.4942730726982242,0.5138300981304966,-2.8528866056623206,0.7284786224613136,4.3963393912441795,3.446241383498412,0.5718103837405907,0.6759247969170389]],[-231568410.7515767,-231568410.28715432,[4.465322278845773,0.12167110679080001,0.0,-1.8195131963645046,0.6396837021984776,0.9961917209390048,0.6820479331657303,0.5293750193731682,-0.763563624727658,0.5741163701674796,1.2381286123644202,5.395017813941304,0.3609646508683857,0.6284078073900379]],[-232439229.96832055,-232439229.92190027,[8.766048263086113,1.0,0.7373496589415266,-1.5389140758397626,0.45241199605561083,0.9599914275263572,0.809908959411202,0.7033249360950506,0.917588935703022,0.1,2.5723350377655834,3.4873759338082015,0.4726804046099457,0.5628069608582545]],[-246495628.8212802,-246495628.81001186,[5.3373925826821145,0.9361049207561754,2.2753404887803392,-1.4168127690228678,0.5810609018730105,0.915711178308005,0.13671350902234153,0.5826518513652017,0.710534436366052,0.45671562486069167,7.072722235434744,4.193755154056275,0.5927389559095136,0.5955612178523403]],[-246987548.16344035,-246987544.4297108,[0.0,0.8019585056185563,0.0,-0.29232238146271894,0.23535261129452784,0.6022613173845315,0.8058193063823962,0.33846098166485244,-1.565060262232933,0.1,0.0,0.0,0.3962045526039811,0.5058828237422994]],[-254231748.44736266,-254231748.44711328,[8.966074042849424,0.48723113465404294,1.6539519763734836,-2.25764263435802,0.3360919210169127,1.0,0.5523628501044772,0.5350905107822296,1.6711003657191017,0.8563059457353086,5.216164352977615,2.777791805073667,0.545509251571044,0.580041946256197]],[-370617519.19152176,-370617519.1399805,[0.0,0.6941732090788413,0.6398259202526712,1.8415666762882346,0.3266065102449124,0.5409677211236753,0.13494672833907795,0.5819385900736871,-0.10131129069244779,0.7425540638240791,4.387489082519771,0.0,0.576763670770357,0.4894107617732901]],[-372680699.02286404,-372680685.75116706,[0.0,1.0,0.0,0.08061419988198709,0.07747700047627781,0.6642044929809495,0.39566279171854324,0.46835708613037746,-0.11649391714845622,0.6382886340751852,4.011310509316835,3.662239679143301,0.296623954453254,0.5084219286450906]],[-461164354.9036599,-461164334.0817385,[0.0,0.08237558890669239,1.7322909498241397,0.22190489805108365,0.6342012609703029,1.0,0.3138137041874536,0.0,1.1580057782520001,0.3939445425806735,3.874707351534106,4.54160615219986,0.5414231605089186,0.35347222720994476]]],[5.2739463561986675,0.6832308401697531,1.4375501520434681,0.21776387483820261,0.4654577611598107,0.30274865622105535,0.5471311130479737,0.562100890325752,0.328848884376169,0.32759622791933135,3.2219772015368173,4.030549159407047,0.5091904949946346,0.38033789418376973],[24.991369341933357,3.6028524740204886,9.468877172558434,8.760994895285204,0.23998209008922725,0.24590768677479746,0.24133572718672083,0.26087898417549943,9.121473844556446,0.2503732325806538,16.250768238007492,16.148845423188156,0.03719408586423899,0.0453032851180533],[[24.991369341933357,-0.1546809190662006,-0.03594966610902488,0.4105870101308686,-0.030253365782376553,-0.05105192400262091,-0.005838166212988033,0.0962964212617215,0.42987626946772045,-0.02303352733847847,0.5302792164016937,-0.159883852399153,-0.0013071593308387798,0.01574537620586362],[-0.1546809190662006,3.6028524740204886,0.046767399200671834,0.08399262216551101,-0.0004501933763816572,-0.017771731297796595,0.018046951460799116,-0.005066740841447269,0.1281059996648378,-0.017637734775161975,-0.046088061951933455,0.060618515347315036,0.00030246078845406,-0.017316693789667742],[-0.03594966610902488,0.046767399200671834,9.468877172558434,0.2495457142854223,0.0709588336303221,0.010555481450772532,0.0388436606945486,-0.005883789172321662,0.31014702684798473,0.018448572278212706,0.6108970299353678,-0.29983252388468656,0.0019832525432136243,0.014578296540971055],[0.4105870101308686,0.08399262216551101,0.2495457142854223,8.760994895285204,-0.008717311248323324,-0.020118956927413868,0.047662677798902105,0.054583520531507466,0.5057456757484154,-0.002454611981216855,0.12699034942612075,-0.05062244641903743,0.004932471601034707,-0.028102248440290783],[-0.030253365782376553,-0.0004501933763816572,0.0709588336303221,-0.008717311248323324,0.23998209008922725,0.004584910169258213,0.006876789796744026,-0.0033256793871210594,0.03619980715594976,0.00021616609358956189,0.09638723297672216,-0.037883181717715396,0.0004641859704373814,0.003496422354068327],[-0.05105192400262091,-0.017771731297796595,0.010555481450772532,-0.020118956927413868,0.004584910169258213,0.24590768677479746,-0.003979162796836425,-0.01200665114792958,-0.03732689456818727,0.016742365051707644,0.06705306120802057,-0.051183039742754385,0.0003765837949867239,0.012261013201300002],[-0.005838166212988033,0.018046951460799116,0.0388436606945486,0.047662677798902105,0.006876789796744026,-0.003979162796836425,0.24133572718672083,-0.0021603469789182564,0.050446419669132395,0.002733872663692756,0.0641722409023863,-0.017786079011883258,-0.000570172163051879,-0.005897779587167253],[0.0962964212617215,-0.005066740841447269,-0.005883789172321662,0.054583520531507466,-0.0033256793871210594,-0.01200665114792958,-0.0021603469789182564,0.26087898417549943,0.020897193901703415,-0.00444981154932419,-0.02506708012849188,-0.01806275740740969,0.0016917109791537684,-0.0035791255386067302],[0.42987626946772045,0.1281059996648378,0.31014702684798473,0.5057456757484154,0.03619980715594976,-0.03732689456818727,0.050446419669132395,0.020897193901703415,9.121473844556446,-0.019791536390759003,0.31651590151998493,-0.08743802545327385,0.006568960008826286,-0.028396356851162458],[-0.02303352733847847,-0.017637734775161975,0.018448572278212706,-0.002454611981216855,0.00021616609358956189,0.016742365051707644,0.002733872663692756,-0.00444981154932419,-0.019791536390759003,0.2503732325806538,0.10402087097836162,-0.026214462723580707,-0.0015404921246795513,0.0077513093818797705],[0.5302792164016937,-0.046088061951933455,0.6108970299353678,0.12699034942612075,0.09638723297672216,0.06705306120802057,0.0641722409023863,-0.02506708012849188,0.31651590151998493,0.10402087097836162,16.250768238007492,-0.7524567036950723,-0.005254476592451595,0.05223750402097839],[-0.159883852399153,0.060618515347315036,-0.29983252388468656,-0.05062244641903743,-0.037883181717715396,-0.051183039742754385,-0.017786079011883258,-0.01806275740740969,-0.08743802545327385,-0.026214462723580707,-0.7524567036950723,16.148845423188156,-0.016066075662428944,-0.029013382777847666],[-0.0013071593308387798,0.00030246078845406,0.0019832525432136243,0.004932471601034707,0.0004641859704373814,0.0003765837949867239,-0.000570172163051879,0.0016917109791537684,0.006568960008826286,-0.0015404921246795513,-0.005254476592451595,-0.016066075662428944,0.03719408586423899,-8.180998834883295e-05],[0.01574537620586362,-0.017316693789667742,0.014578296540971055,-0.028102248440290783,0.003496422354068327,0.012261013201300002,-0.005897779587167253,-0.0035791255386067302,-0.028396356851162458,0.0077513093818797705,0.05223750402097839,-0.029013382777847666,-8.180998834883295e-05,0.0453032851180533]],0.6396254288814688,[[0.0],[0.0],[0.0],[0.0],[0.0],[0.0],[0.0],[0.0],[0.0],[0.0],[0.0],[0.0],[0.0],[0.0]],[[0.4150016027868941],[0.69394144720154],[-0.321261829008799],[0.549817844759602],[-0.5232807138391119],[-2.988162535031695],[0.7139896922686145],[0.9407669945786824],[0.8302891606500087],[-2.6117464284904326],[-1.4732843723827906],[0.057848689309280464],[0.3480672462761536],[-4.531906026756634]],1,100,-39026130.77691586,-39026120.92103714,[4.958658735299255,1.0,2.7872934670308482,1.144595342978748,0.6238358068158322,0.24951812722703892,0.6393584704315435,0.2965227369054723,2.6359137231198266,0.1556491457457158,2.9263244626421168,5.6376624007482725,0.54868216219549,0.3182497717905078]]
