["generation","mean","variance","covariance","_sigma","_p_c","_p_sigma","iteration","num_evaluations","best_score","best_evaluation","best_solution"]
[[[-49671879.30703893,-49671857.280050635,[2.604621072882397,0.2676575484959522,1.246052711890109,-0.5583000409668308,0.4224725183352344,0.47492876062898504,0.4669255293534287,0.25692777603261663,0.7222462122125797,0.1,6.315692910307421,3.4307386439737213,0.38355273082709107,0.28726956604881415]],[-52254175.46159238,-52254174.665619254,[9.739485923339947,1.0,1.7749749583013221,-1.1313998405063554,0.5548559628317102,0.23632061234722884,0.26199773801843584,0.5460313644773184,-1.2122652973322117,0.5230168889444801,3.7373209571923365,5.162085355743215,0.3891257516854478,0.36560785855797373]],[-55018078.15284893,-55018078.069159806,[6.11534129243232,0.1573089587169778,3.141592653589793,-0.2331144759424667,0.622401089539862,0.4276205416693053,0.6946517012735247,0.6186025100704812,-0.2527505370583891,0.26685345100038493,6.422125507147074,5.656189497391986,0.378982648078495,0.3981182372627121]],[-60542887.30522401,-60542856.81092179,[9.425210435941377,1.0,2.358247391602829,-0.09839625866363344,0.2659946345187606,0.3328748550621867,0.4208622910873785,0.5412051230103863,-3.1767694971488236,0.3687435766236128,4.05964614652397,5.2148498154278675,0.5533485698253955,0.42781628027876106]],[-68452751.92612165,-68452751.40899807,[6.102593976229011,0.0,1.559307785107432,-1.6586059060281297,0.3137740026400987,0.3178736298369391,0.5378928152873125,0.46363904976865083,0.7317482756110163,0.16312917943233218,3.2340480062967707,6.906538765586248,0.2758903041078814,0.5048575730753261]],[-68753070.45368813,-68753002.17516077,[2.4602968270296524,1.0,3.141592653589793,-2.524225145213563,0.5137470848224752,0.4093790595683485,0.07786468864564455,0.2766708348974285,-0.00937694049170764,0.35537379146360415,8.223427617994572,0.0,0.6393005053585946,0.3923326696297]],[-71101919.11060263,-71101918.9647609,[6.265420523878607,0.0,1.3809230582119403,-0.6459978244356746,0.5365956467126207,0.4142331588614154,0.6718162047396656,0.40804807542114274,1.7026228080120513,0.43219586701272084,2.5831675915830408,5.325831062567827,0.5245538286556833,0.4485593102985496]],[-72073186.11650766,-72073117.48406506,[5.652449004101863,0.9331301621868955,0.0,2.8428454025681,0.7662921383606247,0.6266561239814088,0.5020992499108007,0.7447449265869044,3.7836680768539335,0.6191353503064145,8.225016402205984,1.4330516638461201,0.5530492205939229,0.3180488979790532]],[-75115829.35578646,-75115828.70378381,[2.214759167199971,1.0,1.0374684136753103,0.7111046216298554,0.15854119308346565,0.27762222031652495,0.34412273672520555,0.6131215937349505,1.5023922282670674,0.42598666822993136,6.672993352171057,4.5076498652395545,0.5310940184373039,0.3709599115134431]],[-75728180.49216431,-75728180.46113467,[7.415063443595732,0.0,0.0,0.31124893653115493,1.0,0.07486807899428771,0.5453724506399501,0.6116471136956749,-0.5758851067871816,0.5489004835206411,4.611205975956491,6.3992263081820475,0.5622330635230861,0.37143388621196294]],[-75889482.32012554,-75889466.40685892,[4.42942011785619,0.7134464788504155,3.141592653589793,-1.3438527189383358,0.19738484558801844,0.24602228138211868,0.017407555423167353,0.5219946225108495,0.7136397258772917,0.4823698227539136,3.9805751753742333,5.020995793353008,0.5660258185235099,0.47149205210106565]],[-75963739.15222318,-75963737.06848109,[7.146343720523388,0.791840401811383,3.141592653589793,-0.7124166483103189,0.10576546089107075,0.4159839958242347,0.5613781658439712,0.8627041155922683,1.5953084259978436,0.34296471153311026,5.017928731998248,3.764726873392839,0.4887937438243508,0.427427926248128]],[-76706807.97765434,-76706806.7792511,[5.350138399743402,1.0,1.544397529673833,2.741124302717523,0.47182196757859285,0.25197371016640213,0.06278884225342157,0.6497945971240031,-2.103252833431973,0.18666699050011343,5.352228222629316,4.324145979823748,0.5538732889343412,0.5567184255255039]],[-77374891.45961621,-77374875.81495082,[3.0937785588479096,0.24072991615547684,0.8757680169637551,1.5503541178965012,0.6683680846820618,0.5381718217509592,0.3508986030587127,0.04269852310488087,-2.987633407470666,0.4803134063933485,1.4817471036781917,2.212495066680357,0.468025000079743,0.4417597318631825]],[-77459641.08298647,-77459618.73432887,[6.055705690380719,1.0,0.34316122488908984,-1.0024313087538395,0.5963017319809193,0.4413244921763096,0.10446669052232127,0.0,2.1081378230894976,0.2506015193606438,4.500955206665853,1.7311692977415856,0.5935036788513819,0.44196810377301304]],[-77495756.8736969,-77495742.7825988,[6.442119942654367,1.0,3.0660089126503856,-0.7895889864484279,0.24161701412546077,0.3515433898755821,0.25049606028165217,0.3702225765806261,1.5369710133664394,0.9,4.248578030240306,4.763517269392109,0.27990252303438135,0.4599376270930381]],[-77851045.23128735,-77851045.20586532,[6.669379548493795,1.0,1.5233933508439967,-2.504967470054826,0.8230518078317984,0.0,0.7314876059103288,0.6814726999865228,1.5004428472961773,0.31150054253932047,2.4135536691308217,5.504483050229391,0.44046675970720084,0.4224735283030586]],[-79138663.74792993,-79138663.74792993,[7.677652486304991,0.10841575240343565,2.931390735109783,0.514339273761186,0.27548385641965456,0.1363098378919691,0.42068481542551417,0.6181821614548848,0.35555966002475303,0.7188261727233787,3.1351387281467575,5.102216392622767,0.47634844522093467,0.41036608682766595]],[-80289628.97815622,-80289595.42392653,[7.23229536743914,0.5454144255059914,2.7096137584096995,0.5915120085992712,0.4764474227450195,0.18452922990531495,0.8325437468328052,0.24223523126460628,2.367915299544093,0.43577725271322465,5.773085966097563,1.468574949590796,0.5002132765436654,0.5104253812400946]],[-81312360.216545,-81312360.17070234,[4.625842985994802,0.0,2.5412230304058347,0.7800386259844367,0.47587379950740794,0.6140687334617771,0.8264549410986378,0.8461974215562362,-1.1081053336911975,0.5175417652289117,0.0,2.3447689108516183,0.476245191857734,0.41988821504389856]],[-81959263.32135148,-81959262.79875165,[5.6656822906138435,0.0,2.727553357938019,-0.01049889339519959,0.6064517505979237,0.1661197285145281,0.8280221393132863,0.8156012514957311,1.6288777861669768,0.4386749735705043,4.782131280647549,4.319497971992075,0.4475125995804762,0.5222990388620035]],[-82435821.04704706,-82435774.81245041,[3.264503941114123,1.0,0.646864811514241,-0.26679624322456,0.773614392277306,0.3297835584422707,0.10213404879387722,0.21323090696908503,-0.41946730495666396,0.3213194037531302,6.775068934357634,2.7507253409494927,0.4645917635569145,0.5520060867239973]],[-82615101.1600184,-82615101.1095537,[3.8392350732882328,0.09460470091276518,0.7787692845993301,-1.0132433359433524,0.8066218057635846,0.3740320479412093,0.37916451138981716,0.25930150615234676,-0.6079159931208444,0.6721000512959497,2.5767493906548564,5.6323002114413745,0.5887848015014978,0.4234909789220439]],[-83098392.0898937,-83098390.47427678,[7.000559325968977,0.0,0.9736347001414042,0.14167210692900112,0.8045844449562136,0.6540725261112723,0.27663182297400774,0.5257472878705248,-1.292732376929498,0.20054060165685422,3.4418354440440098,1.8245716966411103,0.5163915583290021,0.3163732566193024]],[-83950107.72915569,-83950107.26252317,[3.7643758137188215,0.6800165402723148,3.141592653589793,0.22423545029683545,0.7122667125221753,0.3005926038228165,0.6701026942541406,0.8480226687776968,-1.1667911154742074,0.5724714031673649,6.631639982065122,5.5739239425982126,0.4358613891793497,0.5208130432456259]],[-84278142.9368798,-84278142.76080918,[9.618882819312862,0.4751415559286276,3.141592653589793,0.6878060678316629,0.9543984615705803,0.49792931112659433,0.3918641800311616,0.7260429101349448,-0.2585407771579112,0.5676843610702175,0.41781185404076826,0.3510219147834328,0.4386809048396157,0.4816265797084931]],[-85570408.49103259,-85570405.13737023,[2.933114060101637,1.0,0.0,-1.6928735779742554,0.24108446418621837,0.41503590471532975,0.4408729501554793,0.7104553558205631,1.7429615910698528,0.38975947013786094,5.357835145634917,2.31688098631977,0.5149983607596987,0.5190328673722614]],[-85813851.73487808,-85813851.70847857,[1.9395850149407452,0.7187191956462919,0.1549976920869891,2.1040435509288327,0.3941428953203299,0.544088598972347,0.7509655651353904,0.5776965854888515,-0.5325556032925809,0.23962024193712,2.9899063468007534,3.1914164299421515,0.568822042631179,0.4780019477559611]],[-87427270.00066651,-87427269.98716903,[3.0240429278793277,1.0,0.08189670844962316,-0.4663865261252062,0.6849652802273165,0.48761645844846635,0.32762468533159655,0.46893126230126586,0.2795972311303333,0.18614642647926083,3.255067871937962,3.5359144055940077,0.43869750496004395,0.5145433296429986]],[-89202634.48511104,-89202610.12096441,[1.5121157472238966,0.4890726081319501,0.0,-0.16727510209639287,0.35840950980589337,0.39669624712181456,0.9968715670621908,0.09972293221327022,-2.0867883566522636,0.3232977832328164,3.380072509083828,2.803405344072889,0.6143968178168537,0.46856386216462104]],[-89216610.93764982,-89216609.99175131,[8.863700159827088,1.0,1.5036402626804237,1.3653813578159228,0.2575462509954426,0.28896361596380926,0.39851817872720907,0.3136847596247275,-0.051367241581399395,0.6634162848106376,5.166260010017215,3.275375829808227,0.4977654635834807,0.4642592455574818]],[-89957580.46864866,-89957549.73545444,[4.996942508844835,1.0,0.9583602655264342,1.5905441589265616,0.641801504798199,0.8050289584002182,0.9519278301725629,0.19055184353540455,-2.2910610603238184,0.5043738818277116,4.123934339822046,5.259403811724959,0.58432282821091,0.43880810269758863]],[-90179847.43972163,-90179846.66351402,[6.172183316698565,1.0,0.0,0.33958537173951314,0.0,0.45582448387976526,0.5574514398006286,0.4097956671763614,2.2695073916706905,0.9,4.97250694593404,5.446058699331063,0.5483301624256249,0.39937160509010783]],[-90190092.45926718,-90190092.37693965,[1.8546863647571716,0.8342902920812132,1.2737199059940048,2.0904668654703107,0.3648353200282301,0.23783120838799987,0.13229499868647188,0.6184789688445865,-0.2115500157033725,0.41941955874227155,2.1344868610394876,4.997343879314652,0.4887481599789921,0.40560466593948313]],[-90626910.89692336,-90626910.10623264,[6.484745966193574,1.0,1.196682520539793,-0.42165244375736644,0.3185506394487546,0.48990631226713494,0.7289735887244155,0.6720167226186735,2.711363870015223,0.5471324183602708,1.9774003653375338,5.231684503913623,0.33850126765398314,0.46854992949323065]],[-92570573.40296969,-92570572.11101097,[1.9436940396735376,0.0,0.7940182879302066,1.8469412356902455,0.7530152883346233,0.0,0.0,0.6947798790989086,-1.3469560000177356,0.2950773833564163,4.110924968284943,1.8630282768752071,0.5383091667000033,0.5048636647218256]],[-93692900.82510978,-93692885.08600563,[4.892230651693319,0.3375328396351267,3.141592653589793,2.6653793605548994,0.4428578445948884,0.4794401134836582,0.8741191420825933,0.10181067239539304,-0.22471651944755616,0.6961967946932687,3.7754465304260405,5.817870538875177,0.42087750020322506,0.4940848357108654]],[-94212633.3562726,-94212632.39154738,[3.2343544444682264,1.0,1.4651655819778941,-0.1320935762070806,0.0,0.0104125743945776,0.7134752421283737,1.0,1.4907867790215048,0.18701322962470235,4.6061378308402965,4.399087457888974,0.5432493534411352,0.5288840445071445]],[-94602382.58531396,-94602380.49760354,[4.271108855353507,1.0,1.7925578406079097,-1.1953111379592323,0.3788172843315549,0.6286901510327572,0.2714377744968307,0.6694447499162531,1.4083311626922783,0.72312411078307,4.413329396208754,3.7445274616171327,0.5421291103658803,0.32642456090866556]],[-94646840.97557315,-94646840.96879959,[2.8506366317603127,1.0,2.6318900343899116,0.6114402769139188,0.5677526642849464,0.5797550732646237,0.32716925499128613,0.6899988012791469,0.13092264178497148,0.35354450771379914,0.8082814676380683,1.3158378664514006,0.3893700187766241,0.5423710128477796]],[-95447326.49376033,-95447319.453453,[4.895478172810713,0.5490346428329174,2.481754811928725,1.5546018305811866,0.9153302032730981,0.3701287400576613,0.7570602605044345,0.9661776674003171,-1.662002086828692,0.827155204035249,7.126939731926977,2.5765803663282765,0.7343548889523539,0.3833847377963191]],[-96792842.37419266,-96792834.94393075,[4.5138686360589135,0.0,3.141592653589793,1.1144077779147368,0.18777321513287548,0.4041811016560086,0.636008921772266,0.31821451454159244,-1.4008956506430401,0.5550754411719508,3.7052218737534144,2.9414701510506456,0.46675748838730136,0.6110345714955792]],[-97942596.80043638,-97942594.55647564,[4.035097594374848,1.0,2.0987882980230586,2.4858675913002455,0.3148864585700647,0.7834919515040856,0.0,0.783392486122886,0.47729985841847644,0.46570512101051975,4.049465004407883,2.8059179252152333,0.42370075602267865,0.5288011540679841]],[-98085445.64834917,-98085445.2270019,[3.2448134151516848,1.0,0.0,0.200493235320505,0.22033675423189308,0.13952114890333595,0.8433449817053459,0.34734922956437614,0.8181712732712831,0.5720870923122353,4.1563794460908055,0.7368586419489582,0.45327154779544326,0.5466239449815721]],[-98270943.36688922,-98270942.54038978,[4.502155598956737,0.9716150668662005,0.050341415300019676,0.6167927569795921,0.9106562021273829,0.42103536410217346,0.8810295846928519,0.39549074323740374,-1.582547784458737,0.1,4.794213614148051,5.351018909093552,0.6752840393398141,0.6195656817003209]],[-98655085.75539431,-98655084.65666127,[6.03051268252953,1.0,0.41710221044590257,0.012860158241052796,0.9438140309032661,0.23954175526132998,0.7237589427546509,0.5729492754380432,0.24599143570136886,0.29234384068297403,6.304079879702664,0.7756861430889672,0.6585352744576188,0.655698515551727]],[-99041473.02812886,-99041472.82668245,[2.9295486477687502,0.061779353715235574,3.141592653589793,0.15690936597381255,0.5609114620722251,0.5113075852362571,0.5120820736609746,0.35824016247918555,-1.47947820180603,0.652452077656229,1.10546412101244,5.239505378304384,0.36947119002221207,0.5463960595150495]],[-99380848.27755794,-99380847.69524872,[5.79719842455871,0.6111231369717609,1.4139979834516274,-2.064495295140994,0.6403810383411827,0.28922572108615374,0.10485978732602441,0.759150761018809,1.1181854146610193,0.802574602505236,2.621805402312699,4.44405135441892,0.551006572696457,0.5035093285023967]],[-99625281.12134875,-99625278.16362965,[3.731602627257522,0.10687564960551643,3.141592653589793,-0.8129298432106681,0.5652399155340004,0.3843733604411526,0.6478745703115943,0.18562300047499386,0.5033777225967329,0.8577501333522455,4.085812560006308,8.513387423538243,0.5806294792142153,0.4909494336804419]],[-100651265.8023045,-100651265.00148833,[4.057233192805382,0.7446535859744499,3.141592653589793,1.4524600705864872,1.0,0.20633516180173184,0.9172839696722423,0.47646856607113447,-0.07550302065427417,0.3854377406004852,4.295730935798492,6.224042291747661,0.42954024590986695,0.6389722983457669]],[-102255572.14629664,-102255566.38129592,[1.8150856513872564,1.0,1.4286418398331016,1.0876349233857971,0.23480785888244543,0.45918619094402713,1.0,0.18941819287338407,1.6311515093235984,0.7252540075244679,2.3775220068824394,5.426176727770233,0.4574468838427881,0.42927468762268356]],[-102796134.35081778,-102796132.1045301,[2.6673351548495576,0.0,0.0,2.181978582892297,0.330916058046286,0.46793374606976235,0.039896329824879784,0.7071986287066816,-0.7557475652967185,0.43559086029921756,6.531079267535011,5.005357659005037,0.34078805594174916,0.5884999662315656]],[-102937396.3927047,-102937394.11426985,[4.968523958740787,0.0,3.141592653589793,0.9732973037085206,0.7585307819873116,0.752246200881445,0.635196226764825,0.5574919404265234,1.1159630035751824,0.47156076176646716,5.062940301442493,9.0,0.5656260326058263,0.5547645493305712]],[-106100255.84197657,-106100254.70417285,[4.3648066981906775,0.7601032615699639,0.9178270450354957,-0.1710041166566166,0.92012224108392,0.15610851641342505,1.0,0.6318928919333511,-0.5805232573181766,0.7198540396778332,0.8041252035362798,4.006327963881182,0.4636233545705816,0.5631657224099901]],[-107660050.09382364,-107660049.74161005,[5.901849835105334,1.0,0.9329526326263636,-0.16049492957239797,0.5182187982999331,0.4979230398527121,0.6755598399420223,0.6236880503282662,-0.9843923383020085,0.5529874928933408,2.8327119708573054,4.228673601657676,0.3927504118344248,0.6425223623893249]],[-108826985.22774091,-108826948.73638189,[5.294777058985497,1.0,3.141592653589793,-0.7015522751155032,0.5840020540057469,0.38467277669710703,0.5008862379068303,0.6676403335077219,-4.0,0.8104019197217311,2.8221501846040526,5.781364796969633,0.5851450940618289,0.5591700562308022]],[-109372471.55244608,-109372443.64952183,[5.090426630273319,0.15158652943413647,2.559023578193818,0.10101440189826705,0.0,0.014147001052741304,0.6419280923506261,0.887294703319544,-3.9557028380231776,0.5005394757612355,3.0607317560383867,4.8699217990903785,0.4044052135638756,0.5805885560179748]],[-109531482.92629014,-109531481.36216426,[8.411430176714338,0.0,2.2652344462109757,0.03171045117449274,0.48769906207771163,0.1540637271976555,0.9913946930278477,0.48401184882231163,-1.7675964862784892,0.29728426018917786,4.969702020261,3.9624763783075454,0.4813871148910767,0.6969187857449122]],[-109865504.08133866,-109865503.02082217,[6.7685337550028635,0.0,1.3679106295921044,-1.4404361125443645,0.537889834734816,0.47823195350252007,0.5408773254004446,0.40907279486465725,-0.3112236129484157,0.5378635711843823,7.613014318440931,5.563708880152992,0.5545501595597561,0.6301966990279342]],[-110883652.93033168,-110883652.88843793,[7.050834567400452,1.0,1.0144249970535117,1.7725302661191722,0.5488925808327317,0.7061024748009335,0.37918708426453607,0.829402514600109,0.6870259667326059,0.35351811248190823,5.210617927267484,4.810065736588226,0.4189039365287638,0.5823189383417882]],[-112966485.77517502,-112966485.64292443,[4.120436270294248,1.0,2.505196798217773,-1.1537038938747264,0.4326499116058805,0.5350110791569248,0.31294358628817553,0.6495049672447051,0.24134439023158785,0.32396408751621786,5.478967242092296,5.914130593980019,0.6654542460860045,0.5970810551967134]],[-113655201.17820764,-113655201.14371955,[2.9841310178724894,0.5466971415011384,2.9012714491441054,1.4702326874288145,0.8253538101124929,0.11447146721577017,0.6689471300259756,0.7887275185298126,-2.20613617112426,0.9,2.09706087631886,3.837215903793815,0.30521385815894697,0.6146972529290462]],[-114379229.36988465,-114379229.36546707,[9.36548119382286,1.0,1.7243892521026591,0.8164319145180936,0.6458175207749606,0.4966545106070715,0.4067360139649244,0.5398239762874163,0.3693343662186765,0.32076046891995236,0.113611601812452,2.459920757093389,0.7002150883780672,0.47025858295575035]],[-114640645.82259734,-114640643.69057679,[5.2134214560803915,0.0,3.141592653589793,-0.8747317440561243,0.2098287011662734,0.6443235457285531,0.8205019918726506,0.688460024514207,-0.25654524393104694,0.2991992249005668,7.98528279465217,7.386367386670708,0.5232923911020816,0.5078061278115463]],[-115563387.76554355,-115563375.01156807,[4.301996016761609,1.0,2.211950500281106,-0.36462297111354774,0.7921408778247492,0.6088313015865034,0.23733235589732332,0.40684565200068445,1.6191438850667075,0.1990974162311011,3.5353872051881323,5.563128261737238,0.5708382222598626,0.4483167060538358]],[-115681282.13127673,-115681281.75823414,[11.521113540442421,0.030035587538529473,2.0525455943231155,-0.07956044619682182,0.4664870464239444,0.654068784189004,0.9477792709297301,0.8077119842543474,-0.6841532445748836,0.9,2.5609314132066134,4.153175629217376,0.5694910383488186,0.3356438802361723]],[-116085525.96160442,-116085524.0908463,[5.806834617206139,0.0,1.6930662151450189,2.1873874941312534,0.05503555500436036,0.0,0.4803125414457768,0.5964338173540944,0.32564402312173324,0.20841682313198384,4.506636920858082,3.5917232160879955,0.5599301649450018,0.6545610311474138]],[-117798294.82499067,-117798294.48122633,[9.541043722992372,0.0,3.141592653589793,0.10700880475579179,0.3156308927035385,0.616841177834927,0.3982736447532788,0.47416225140785373,-0.7844100293300684,0.4790807306681458,4.852753473048198,2.3438382086429628,0.33681636871986215,0.5685980500932674]],[-118241397.029955,-118241395.05102777,[10.591053300881956,0.5927935828904284,0.0,1.3585698722866821,0.35276156390650026,0.4098146652915068,0.14715039704911337,0.820598366039647,1.1418036005860648,0.6120580960376959,2.1464275351115223,3.8762253021632733,0.48276600134145453,0.609744428390423]],[-121526984.19672784,-121526979.87877953,[7.77212120967925,0.4867858367901257,1.6828578392398985,1.358155986295626,0.16431561429476732,0.6702757724762303,0.44781341747267056,0.45510848367631346,3.403365085087641,0.5733961553323889,2.0230563816035003,3.1657071712398666,0.5971126815164693,0.5969018001332455]],[-122710639.8991546,-122710598.47476798,[6.926887583545168,0.4337166746623427,0.0,2.67420304731574,1.0,0.8356465636365537,0.3207402141972082,0.19919784687815822,1.0150633637745372,0.6695925282822023,6.38881408605251,4.454063265292309,0.4686805281453436,0.5599668701813528]],[-123109185.16688687,-123109184.01989973,[4.6102218473033405,0.0,2.1273409936246663,-0.0633730802729557,0.28570069759542893,0.7115464483991154,0.42162344397509055,0.43484015618061556,-0.34421251092789085,0.4217910523969266,2.504163192340434,2.1265760634428754,0.39706190330292723,0.48665207678944705]],[-123198203.76604533,-123198203.76400328,[2.4752529980757076,1.0,2.3537101295453793,-0.6714517426714048,0.7316929005570606,0.6523849400766953,0.37679422104116356,0.5299922100093327,-1.9270129752225302,0.3251009249165363,5.133310501003707,4.28486223287765,0.4856739941444069,0.5385972551022586]],[-123388995.13073525,-123388994.42647743,[3.3709289521158357,1.0,0.0,0.20344049709167256,0.39020328768037393,0.13947727484014089,0.25260543299161364,0.5194899414565307,0.056121578198236474,0.35893492272389316,2.2619789353038,5.627569367408868,0.5577426079637259,0.6980786610787433]],[-123394923.57326132,-123394922.95519483,[6.034638583449546,0.2639076651483787,0.20780900074613728,-1.3144485498162934,0.03302006184694789,0.4349349354600623,0.5889810854697506,1.0,2.5726219866877953,0.5294944798746055,3.6375038775983044,7.274353364486236,0.45449389789972405,0.5645494186458742]],[-124427499.0160386,-124427499.01422024,[0.8835890714502046,0.5799362369460008,1.9768539888809116,1.580435861555128,0.6166401530961035,0.6387243088793139,0.5839237596764917,0.4629335724144456,-0.7236688713599803,0.22365800598215585,3.7559314146253864,5.9429826498567735,0.5357860096151091,0.4900992237460467]],[-124484255.07228047,-124484251.60899544,[5.341723660182758,0.0,2.4772207126839207,0.40785825779164586,0.9361233655982796,0.5454558511711493,0.20597678366385092,0.32032926803803086,1.1996108831742074,0.1,1.7276907977874632,3.0677316905183236,0.5733188760507301,0.6426006724495437]],[-124669893.3141158,-124669892.48492455,[7.572146914212168,0.0,2.0767766791413695,0.5637941984912054,0.4636571681462198,0.5388374851345895,0.8577784095113827,0.3429613273691136,-1.6861524671413721,0.25069149786983447,7.028999279413642,4.6136695610335,0.4432574447598615,0.6859649502852765]],[-124735811.00045954,-124735779.73142374,[6.640500488933663,1.0,0.0,-0.1271062366321815,0.15050680232609703,0.642096736592532,0.40377972744326485,0.19645402808684775,0.2249757114892098,0.5337132411453657,5.585098009037118,4.162939374327376,0.5613495712286427,0.4358154128804055]],[-125138513.67498834,-125138513.38343966,[9.008537358769697,0.0,2.201620045756531,1.077229900118945,0.5074600860137414,0.7962621708264248,0.3143012087711372,0.6872221514911885,0.37439588269178875,0.8063982882835754,4.939566483547071,6.302116643675854,0.5382827898738605,0.5646974747875061]],[-126052567.29437862,-126052564.7108084,[4.589126589509783,0.0,0.0,-1.7162162336722266,0.4540576942061175,0.6776217185319637,0.47614818537431813,0.4428323100309302,1.1945215061602774,0.5122206702863945,6.991875163704152,2.2555554366580672,0.4320251113726672,0.4130993845564433]],[-128736045.249281,-128736033.2668063,[0.28709096797967426,0.0,3.141592653589793,-2.6140420395792843,0.5467477268634678,0.4239188855147687,0.806227495541382,0.6006258568847791,-3.8580465501326975,0.3073463123258784,5.701841110053799,1.2209564643130855,0.4163700246962316,0.4953390506971181]],[-129757448.31800154,-129757448.29553336,[7.037461775843991,1.0,2.010406262281802,3.814122638338953,0.3968358237278651,1.0,0.42029424483729194,0.571565739365952,0.3085019965212464,0.4629268923573576,8.75573490072836,3.957719425570447,0.6686141513360839,0.5870725973596902]],[-136273385.72277245,-136273376.65651375,[3.387909543003329,0.0,0.0,0.3191772550382626,0.5208290520502821,0.04763148424607799,0.8532654892398197,0.24648499709445948,1.3083113764474184,0.8904232935897036,1.9779934362346707,4.869811392878958,0.46439069501445895,0.644515110344463]],[-139143472.96477076,-139143452.7887888,[1.7054975336799227,1.0,2.1575345425523804,-1.5883619835173457,0.5530979167687693,0.5926752664980434,0.0,0.17371639389688925,-0.5319053904185147,0.7187632823469139,4.441507010681091,3.592597297987239,0.6987322619475823,0.4606390860482376]],[-141341195.58217883,-141341195.47589827,[3.301095781367058,0.06384936739334629,0.0,0.28280492210598746,0.6010280272476726,0.7031839898856161,0.5033898859475879,0.379282691555734,1.314508331015334,0.18598173141862895,2.2354461836272725,8.738284285728687,0.4972039344520988,0.561207772680332]],[-141868806.35728422,-141868806.2277105,[7.866294475888449,0.05883330861180697,1.2117974025629483,-0.7668065171007883,0.10083042226682937,0.5921864800911092,0.7032038342087568,0.6308141360530498,-2.563529682371189,0.8269060593084996,2.806517557007365,3.2858458867008355,0.5271988491532766,0.6078199633492294]],[-144864060.69282043,-144864060.69282043,[4.240956925773673,0.5358195256596229,1.8709683269281168,0.9075924678366121,0.6104901017059532,0.7583602144731116,0.47856691589745687,0.6647981508367989,-0.3822414239800267,0.5030654877975691,4.36116158125748,5.445453336193331,0.5382064641515075,0.5903712191605134]],[-146268489.1360091,-146268489.1360091,[2.605091786009557,0.59949361842678,1.8652372381585,1.0462336835702435,0.3123485773632947,0.1946961477372966,0.40291984301281386,0.5425806191612687,0.8942093993760385,0.262093164423461,3.561733452054118,5.953525043297068,0.6970243431939247,0.8293380665448726]],[-154506962.98125657,-154506961.78573978,[2.416712799228053,0.07848350622252903,0.0,0.035060069868873375,0.42834462658264044,0.7391754173925997,0.5370276082395311,0.9145883957053947,0.6396106494748429,0.6671733222640485,7.630586031084949,7.930396900739671,0.37745120702541457,0.5607855240789635]],[-154545974.5261643,-154545974.5261643,[5.391957245860247,0.3051599084534181,1.1385197337191655,-1.182039696332896,0.5622194541357267,0.6319984160443427,0.2580560190114608,0.5435553554618319,1.471664765848621,0.8918692856032344,3.0102704994711034,4.169587729159186,0.48158681220254485,0.5061119126352953]],[-169486099.86748853,-169486099.8138343,[0.7967134522306569,0.0,1.3297631426919856,-0.7323391607797409,0.6103908392674974,0.42982720556755305,0.17811341662965757,0.8344553263451331,0.30254851129025395,0.1038371671168114,2.201250228864371,5.432469143895865,0.5457231832722759,0.5252392586506283]],[-176771844.80027804,-176771799.75406456,[2.709111712105134,1.0,2.762546163081014,0.2777970464679597,0.37100124836450143,0.8902673395288747,0.4809750127602125,0.35489819231208597,2.8097867435136705,0.3604691136947181,6.646915366159385,1.7741586031310606,0.4750540763930335,0.4815407462522348]],[-185942470.4670352,-185942469.8944285,[7.01225569416272,0.5712674147018543,3.141592653589793,-0.7734163757249579,0.7461237697855672,0.757905823734534,1.0,0.6852126713934921,1.057910788205161,0.6254899239310903,3.89750767811777,8.152568859622022,0.48414789722026447,0.5441365778250261]],[-203326592.360135,-203326555.826424,[10.238316660623656,0.0,0.6423277575822949,-1.1222806958862783,0.772250722010263,0.5321793153859429,0.28045990720563746,0.35814274482815356,1.7398537806048884,0.8339755604990975,6.017400551177799,7.782504923948036,0.7359923754612501,0.6469064785010936]],[-216349023.646536,-216349023.646536,[1.4216294060001915,0.7466562445262734,2.7966908410245077,0.5145896078432596,0.29161467390003815,0.8780946375772598,0.37134111089102606,0.6576828774762034,0.4322566435605384,0.7374137580568396,2.950087841049408,4.0262507975855115,0.43617351686748096,0.6253073862727154]],[-231589493.52277762,-231589485.32520854,[4.62755902825367,1.0,0.0,-1.756414612308308,0.13151968020300125,1.0,0.6490158314755079,0.5654853401634512,0.3389935193178981,0.1982916965670049,0.0,0.0,0.5864350336622006,0.44129091397895365]],[-242981897.82687882,-242981886.41891325,[7.609939125311427,1.0,0.0,-0.12468807873266834,0.0888092828855917,0.8572674610490938,0.6885107820337442,0.36977187047939053,4.0,0.35349739617050513,2.9961574286401893,5.071430578444881,0.607635669823402,0.4953741218773678]],[-252197431.07429206,-252197427.205078,[5.919200581903809,0.0,1.579172543962545,0.44758795443477556,0.42507237594998265,0.7555109573306059,0.19110094825728802,0.7134450172578888,2.1330647522691644,0.3616657730444104,5.327283707360759,5.980807934581815,0.4066044929657221,0.7080982944967259]],[-262794341.4495168,-262794298.26807904,[0.0,0.5303447390797493,2.7635358489057658,-1.5015696749979721,0.3904010608710395,0.4048087221783475,0.0,0.21510888501972486,0.29088307144872294,0.15039605866951672,6.105897478802808,5.33115922737862,0.5277396664633084,0.4965769655167337]]],[5.721409216842371,0.5661306701534027,1.788625727132839,-0.3068158381897622,0.4915103551364734,0.35908089977302887,0.4315872783081664,0.48840349128091776,0.1526128821449427,0.380618330656522,4.843256338848464,4.150363874089566,0.4696072741728572,0.4106298790674547],[24.953302894575554,3.5961053236592813,9.18316086447444,8.729118220638489,0.24168134892451465,0.23835387398464128,0.2447473226086984,0.2399175575161933,9.228588743259907,0.24174841526802845,16.106338822783307,15.606746228011716,0.04013130933284379,0.041289124177378275],[[24.953302894575554,0.09723794290211223,0.2770387178374987,-0.13090954971309013,0.020758033641548483,-0.11151216203965059,0.0015961626246833597,0.08899013753191844,-0.5315311225393538,0.03520313996237318,-0.6343848958376682,0.9536774109262692,-0.024969951864013448,-0.01732366249234899],[0.09723794290211223,3.5961053236592813,0.018025487788753257,-0.007571752617062475,-0.009568332006658381,-0.007824040127764359,-0.02778105088359652,0.0028016835428341367,-0.02107861726687447,0.005441130833392295,0.1351326569142942,-0.11614226994974784,0.006217701896640573,-0.0022601156432303367],[0.2770387178374987,0.018025487788753257,9.18316086447444,-0.266593843779864,-0.04255048726512641,-0.023357488777579025,-0.008470965648406019,0.020671119736485458,-0.14696541260458937,-0.006565479418831399,0.10482221270991877,0.06293405549022155,-0.008687322402315843,-0.0006276076077001879],[-0.13090954971309013,-0.007571752617062475,-0.266593843779864,8.729118220638489,0.02634922816930498,0.045049764516675896,0.030540548976575675,0.03700850463510551,-0.02220900625579093,0.04065039670304979,-0.004886963285170328,-0.1839963888520539,0.01706396077017331,0.012409589899433032],[0.020758033641548483,-0.009568332006658381,-0.04255048726512641,0.02634922816930498,0.24168134892451465,0.0006092910581203558,0.0042041729500957225,-0.0002619351657701967,-0.0016431324088527354,0.0032933294326212893,-0.002182228177687537,-0.023807610785273606,0.0013042593812605228,-0.0006894745307781487],[-0.11151216203965059,-0.007824040127764359,-0.023357488777579025,0.045049764516675896,0.0006092910581203558,0.23835387398464128,0.005635326133354564,-0.002185938448396217,0.008314288760919206,0.005404593489564918,-0.027820231017828774,-0.07513367848280733,0.002144041434203267,0.004391606371936649],[0.0015961626246833597,-0.02778105088359652,-0.008470965648406019,0.030540548976575675,0.0042041729500957225,0.005635326133354564,0.2447473226086984,0.007351566030687207,0.030902597288546333,0.002081710019101913,-0.06088234581263046,0.05182030660370505,-0.002198586112679904,0.002654084373922023],[0.08899013753191844,0.0028016835428341367,0.020671119736485458,0.03700850463510551,-0.0002619351657701967,-0.002185938448396217,0.007351566030687207,0.2399175575161933,0.00961322011648,0.005629688076106166,-0.008788444795132477,0.05638472874086055,0.00011347400680524191,0.0012630845937285076],[-0.5315311225393538,-0.02107861726687447,-0.14696541260458937,-0.02220900625579093,-0.0016431324088527354,0.008314288760919206,0.030902597288546333,0.00961322011648,9.228588743259907,0.0002872206882882463,0.5824888556802548,-0.3131727732970091,-0.005390016427899986,-0.014986691522467082],[0.03520313996237318,0.005441130833392295,-0.006565479418831399,0.04065039670304979,0.0032933294326212893,0.005404593489564918,0.002081710019101913,0.005629688076106166,0.0002872206882882463,0.24174841526802845,-0.08153091701464128,-0.008919166450403753,0.003591352877354627,0.005702193736613081],[-0.6343848958376682,0.1351326569142942,0.10482221270991877,-0.004886963285170328,-0.002182228177687537,-0.027820231017828774,-0.06088234581263046,-0.008788444795132477,0.5824888556802548,-0.08153091701464128,16.106338822783307,-0.6047580875480519,0.005073731670296131,-0.06096254504064518],[0.9536774109262692,-0.11614226994974784,0.06293405549022155,-0.1839963888520539,-0.023807610785273606,-0.07513367848280733,0.05182030660370505,0.05638472874086055,-0.3131727732970091,-0.008919166450403753,-0.6047580875480519,15.606746228011716,-0.042378638539594865,0.006689543118071632],[-0.024969951864013448,0.006217701896640573,-0.008687322402315843,0.01706396077017331,0.0013042593812605228,0.002144041434203267,-0.002198586112679904,0.00011347400680524191,-0.005390016427899986,0.003591352877354627,0.005073731670296131,-0.042378638539594865,0.04013130933284379,0.0014837461126368915],[-0.01732366249234899,-0.0022601156432303367,-0.0006276076077001879,0.012409589899433032,-0.0006894745307781487,0.004391606371936649,0.002654084373922023,0.0012630845937285076,-0.014986691522467082,0.005702193736613081,-0.06096254504064518,0.006689543118071632,0.0014837461126368915,0.041289124177378275]],0.5696752713009173,[[0.0],[0.0],[0.0],[0.0],[0.0],[0.0],[0.0],[0.0],[0.0],[0.0],[0.0],[0.0],[0.0],[0.0]],[[1.0928635277693002],[0.250453542144677],[0.5251953513487787],[-0.7746593553083296],[-0.1286097130235236],[-2.134784826817288],[-1.036384989641368],[-0.17567562394081293],[0.3853223405664859],[-1.8085140758356721],[1.5968123150017965],[0.2847329747980074],[-1.1510492516078423],[-3.3846720889917443]],1,100,-49671879.30703893,-49671857.280050635,[2.604621072882397,0.2676575484959522,1.246052711890109,-0.5583000409668308,0.4224725183352344,0.47492876062898504,0.4669255293534287,0.25692777603261663,0.7222462122125797,0.1,6.315692910307421,3.4307386439737213,0.38355273082709107,0.28726956604881415]]
