["generation","mean","variance","covariance","_sigma","_p_c","_p_sigma","iteration","num_evaluations","best_score","best_evaluation","best_solution"]
[[[-30406080.892085925,-30406078.37617433,[4.893018431336113,0.0,0.0,-1.1212492734167063,0.42805364437931853,0.26255081019895277,0.5661272119124205,0.2582231831031263,0.4787212350944679,0.34767277899114735,2.2960730037909594,5.937777570076049,0.5189033650443685,0.2561788891195251]],[-30796816.58430949,-30796811.379024446,[5.365201466171474,1.0,1.8936775091345892,-2.474910995082386,0.34892877396047395,0.303823990413099,0.5582722540230377,0.8150002500576493,-1.9959357964376498,0.2244941883578604,4.173477742712468,2.1601800530925823,0.3409951055128746,0.29571910699009996]],[-39425178.39786861,-39425138.2139405,[3.569278767072748,0.012001761051125659,0.0,0.46427538934885715,0.3128508751373715,0.26618147386094837,0.9833015013922447,0.2802854269782026,0.4926104940199062,0.6547565959310324,7.615707326812986,2.3459101478092648,0.37538486333569554,0.26079701322003435]],[-46495272.879510015,-46495248.11344534,[6.249308476755015,0.0,1.4374996549109598,0.5307159734968627,0.5550223702104068,0.2490871212401939,0.5903021744603467,0.2018249410594034,-0.6271208945480528,0.1,1.5325597859128899,5.919480113422113,0.30532105475647364,0.39317074982659533]],[-46535618.70426813,-46535615.20142144,[7.369985190779465,1.0,2.776801487243598,1.7120428433590433,0.4576045545072818,0.47704116637562244,0.5077116260939913,0.5839763660331858,-0.74184431777226,0.332766739054177,5.569494294630631,0.0,0.6133664371997156,0.24783434208418464]],[-57942404.27655312,-57942404.274986565,[9.109777281182453,0.9180658625886805,2.598700353077998,-0.13725550593392677,0.6043134756609747,0.18212846855196502,0.6757696521612462,0.6801296147629042,-0.10262410173134773,0.22720489354563528,2.3378188265235007,7.04409664677468,0.5481467560120404,0.4132653267960672]],[-60488621.604702346,-60488621.45586848,[3.5787959198662365,0.01658845844397938,2.424631583029106,-0.10168025748184786,0.43302127745044283,0.36884726966845693,0.4114081915580855,0.39617246395263617,-1.822720987293613,0.2087708958035232,1.663671774018896,3.6685895290258896,0.38550332318375324,0.43808426815834217]],[-66378118.851394154,-66378118.52115065,[6.250131443813509,1.0,0.841235508575236,-2.0159621362050046,0.46394195015545336,0.30285375278239896,0.6967892872348777,0.7877423318499126,-1.9786713390263875,0.4805306476896791,2.2860125787608125,0.884971837752488,0.45084840973184465,0.44526475314736563]],[-69365537.05789945,-69365536.17831337,[3.109258634496494,0.0,0.9197677827831234,1.3709845409333852,0.8191252443533197,0.4258185832018966,0.8171755476306339,0.47675976499460615,0.15184900938604953,0.6465061478950074,6.127473000348665,5.691033455179722,0.6335938563871552,0.3589827651605654]],[-69977929.9128806,-69977928.84874868,[3.7585472613558877,1.0,2.0146615686558906,-0.2132288788478272,0.28809292862966057,0.4601409260811024,0.7345133092772094,0.695168465958779,0.09250237991679443,0.5654581149909509,1.804435143815911,5.237038644845729,0.48589854496550344,0.42599090371089854]],[-70113344.71417958,-70113344.71417958,[6.348201981764107,0.716602807777816,2.312109785469233,-1.850716228066504,0.568050614481168,0.40605297379779093,0.49726172964520227,0.3471645636349653,0.26983420634132377,0.3948385938550792,2.310084104018836,5.707288801848805,0.36294196714510457,0.4711953853290372]],[-70221002.9923933,-70221002.96263969,[3.39386461083744,1.0,2.0042400264201223,-1.012348488711705,0.7753568977692391,0.13706016465068566,0.5792361468443085,0.48296970778638254,-0.1658070514669826,0.4510035661473139,0.7394250573373524,0.6492018274417135,0.4434045182130041,0.3818158512649111]],[-70665739.8668595,-70665739.15499264,[5.565637849949071,0.0,0.5274141359248699,-0.9556481408174321,0.3418077728232107,0.0,0.4236739957410003,0.7122178836746851,-0.694453764353788,0.477873817670898,2.0681410247015846,6.737435115511781,0.8001987384412124,0.29114657905621355]],[-73172812.02704357,-73172805.74786532,[4.353512255739996,0.0,0.0,-0.7111481419342671,0.32374146762849143,0.32642492478300766,0.7180838680628993,0.10845666348038896,1.8337739236393058,0.35336183836190527,2.437458390189838,1.8403262458303096,0.48123313956006264,0.49969044904043775]],[-73509011.55371566,-73508965.59066927,[5.954786546633466,0.7914074983706292,1.3893271912382195,-0.5210360738155945,0.44697258971771076,0.35927189379363883,0.347400064283351,0.5150798151635694,2.3875670884197318,0.2160964764079315,6.764318982265809,0.8677257473021944,0.6821788187065627,0.4733255489564482]],[-75287724.81489605,-75287724.38796163,[6.099089840591223,0.0,3.141592653589793,1.1092388657496661,0.24620637825617359,0.4774830683308747,0.9289192449145235,0.6640674652125218,1.3572367952286375,0.24544021448906317,3.5531656862634406,3.703674553826329,0.4078735006692453,0.5133966963495264]],[-75323411.65317565,-75323409.90181631,[5.618240823541065,1.0,1.142280053988321,1.7536018039360992,0.6637872700422043,0.08567532120279991,0.4372514476284721,0.21057541079441727,-0.2690540254026983,0.5963160873080171,4.673476192414746,4.3357121084327845,0.5443823404700603,0.3620786556215646]],[-76363514.13255689,-76363513.83940881,[9.320771440178284,1.0,1.9129274796634106,1.312644155296089,0.20915251541741303,0.3764393243647919,0.31644088036296647,0.3780650544738404,-1.369119903600355,0.5207363859636803,3.7134062470203366,5.4565218165519145,0.468776687498426,0.42338826284118036]],[-77921527.85320103,-77921527.85320103,[3.4335708069673365,0.395172579547133,2.230175260668822,0.987854593858408,0.42146899000445737,0.43640471551808224,0.6665371613445253,0.7256774654619871,-0.658434689623856,0.4416465616315738,5.100350889645492,3.265574897103446,0.45518266220317966,0.5039564194942124]],[-78473723.53886741,-78473721.06400365,[7.293087078616278,1.0,1.1065382033324092,1.904390081672266,0.668914837502177,0.4560299964514175,0.6668410750426763,1.0,-2.436439035418627,0.3267441663266749,5.879781267778933,0.1832750990518064,0.3595398367630826,0.4680395778303028]],[-81957044.79784946,-81957044.38881588,[4.74645891234448,1.0,1.6564115953850462,0.3484184951196284,0.3688848021737522,0.24668445804757289,0.24150878831528277,0.3427509788735076,0.9172692686329167,0.6410365522802937,0.436646784962722,2.9859697179859515,0.5731028560504118,0.4706457512139897]],[-82603073.55883445,-82603069.60132468,[7.725237861630532,0.688846297051779,3.141592653589793,1.7265529932634511,0.22177312001105143,0.5666812238993892,0.37937680278702457,0.5986867446253245,0.21738619713475194,0.2881777562856414,3.869854575512264,2.9180983852642877,0.7436160968892955,0.44840774394923066]],[-83857337.46058288,-83857331.02902377,[4.033052529409189,0.26240708684952097,1.3418547933127207,0.09136106523090146,0.6785678095144632,0.45732061399440205,0.45698159183852355,0.178533687761964,-1.5974641306241717,0.8108638790977587,5.918280416134591,2.462675165966738,0.41485666679498523,0.4633748367825377]],[-84134272.44749098,-84134270.51178885,[8.008461133143623,0.0,2.640878589507479,-1.9994059704960563,0.7587330256915119,0.0010911399351978268,0.9140302243280136,0.4869832062613235,1.166360819742112,0.349001699836905,1.2268567580497929,3.367859826428427,0.4456156286751596,0.45328111110429353]],[-85085742.49244888,-85085742.48612797,[4.641079567805551,0.0,0.606403477105693,0.930380670518907,0.4610900493047819,0.23908370613834795,0.5187546525553782,0.40407733320268646,1.283812442840612,0.1,7.543164061683401,3.309214769886447,0.6165195134181646,0.5574196015728083]],[-86675047.61040169,-86675047.38725513,[8.007057137815702,0.20830474694982826,3.006398565304319,1.2826053323057645,0.0,0.15450536461507247,0.9786207674771084,0.93128033024436,-0.5663552181019543,0.5695923476634581,3.395071204087695,3.4525062771563837,0.4997084574755456,0.5063046844574008]],[-86988093.10149106,-86988091.03802526,[3.8904922841879173,1.0,0.0,1.444917500607437,0.36428255442272245,0.35838830767365704,0.2841031624685433,0.4436478514139116,-0.6863937749947546,0.1621692876121315,1.447853125348217,4.984000487827991,0.25189675839850845,0.6325883645354463]],[-87238059.68134509,-87238049.63528186,[5.194281349090657,1.0,0.9387157926791688,0.46795507835601313,0.3441464526170511,0.13839825547451196,0.5961155759844575,0.31987455120260283,3.544519727812972,0.3613376822606772,3.001500384143008,6.861664232220087,0.6732795078618512,0.5062360175958792]],[-87501356.63128416,-87501354.75903344,[7.0968114087065715,0.0,3.141592653589793,-0.3062433388095721,0.49548853551706085,0.4563271339401522,0.60519503271841,0.23739636304749528,0.20376558510984297,0.5357076249563442,4.216406220097293,7.583402235568942,0.5529287586682251,0.48184616602347163]],[-90328875.26099907,-90328874.02596438,[6.492354862727011,1.0,0.0927158349168331,1.5131786128034075,0.3693003251377786,0.23076177489335048,0.9233156736866881,0.33652991360269846,-0.4797334482289157,0.6461268306057033,4.297052022896061,7.062404368431856,0.44725583342235264,0.5376504753253283]],[-90884104.70749097,-90884103.71479702,[4.642792165145621,0.410295108281812,1.6711165093768265,-0.6497651984252293,0.7330857010086965,0.10861404345311837,0.9643342583684479,0.4138582590569535,-2.305085877639351,0.6577661169658264,5.5871314066173,5.106512248678678,0.5225315722860574,0.4621464783569706]],[-93355341.66652244,-93355341.66652244,[4.038979612525785,0.24094159877614024,1.795288551464038,1.7184560289821746,0.4628291323493769,0.23541894214685294,0.5214214865638157,0.32523760782717526,-0.45589821696157473,0.33437142111716156,1.5838697186948352,3.052946933686519,0.4773513657268121,0.5731363085028862]],[-93865937.0164506,-93865936.23930997,[2.584018955732809,0.0,0.0,-0.529535378417173,0.31435174996720633,0.31508110891185764,0.43996702488463946,0.4264667618092882,0.28645458601629914,0.22145359103423617,2.458052501243066,5.1762771761118715,0.48463177583348455,0.5252095183187868]],[-95293454.66135255,-95293454.48322815,[2.4454738946500902,1.0,0.0,-1.5139509778507658,0.44021133987302186,0.34377847660820837,0.3202105513573363,0.9671512399676001,-1.1506864977518647,0.522064037220703,2.0161756099835455,0.3822752077843683,0.414844271236504,0.5606381832813141]],[-96429653.21256448,-96429653.19867837,[5.423810374874756,0.42083770540736554,2.387165809914916,1.0723187773751115,0.31174622785450856,0.5130054145545528,0.2612277452808628,0.4168538798454575,-1.3111923988952625,0.5256348577872756,0.23115141831835473,2.1024835704991482,0.6113724142452633,0.5415609352671531]],[-96504591.4413113,-96504590.40012503,[3.8987191877219503,0.9699820829763914,0.0,0.9207544531421148,0.30236413218141184,0.9589243741296927,0.42182263329139635,0.6868767761364716,-1.0942896163708267,0.4421426251047129,3.340579029791339,3.360184582812874,0.4697048312839555,0.41986865613053975]],[-98876472.31852746,-98876470.55449867,[2.510124058328645,0.0,1.0145200618471402,1.8302343820153513,1.0,0.7201275073899293,1.0,0.6531835521732038,-0.28891707416927415,0.7569762660535995,5.262749049203016,5.831460568301749,0.3406430027935632,0.5065648854519589]],[-99495020.94703713,-99495020.49986517,[3.0445926804518733,1.0,3.0374986215583415,0.993031125006208,0.012279819154108362,0.8751424988531404,0.5984155024562546,0.5595865140358552,-1.5282198917904977,0.5212685464502795,1.0003535840354019,1.6982751788081716,0.5010030272228873,0.416159937663252]],[-101091277.22315422,-101091270.06988472,[3.0906178971835603,0.997245052627792,3.141592653589793,0.8466980848079211,0.14396682616008838,0.206082544648666,0.7743002547918687,0.22295033090474414,2.5341225084797525,0.9,1.9382944857353541,4.661501279251229,0.5458840589864797,0.4647832176741466]],[-101547978.94517179,-101547971.05850267,[5.330597452354333,1.0,0.8120794358456689,0.8229744867192649,0.4731102310724288,0.6458797801154731,0.6332880644061526,0.28267375191847244,-2.2542868697187,0.6931405066270725,6.237404222231172,2.680383326950314,0.4649693364627551,0.46495561325875845]],[-101901601.90260749,-101901601.39699209,[2.367048119996096,0.0,3.141592653589793,1.9243805263318237,0.2901597364509472,0.6654251224435704,0.5833265400931805,0.2984211366298938,-0.25835334441096364,0.5505514294336823,1.6986711363371976,2.444084091904377,0.32083824682274226,0.47893249810709715]],[-102289146.36058056,-102289146.36058056,[3.374252571974895,0.6621638575643769,0.2721739455526413,-1.3812121648429163,0.7998267914583875,0.27448088758350936,0.5587764303741168,0.45375587533686307,2.2281229634247537,0.6686036785383739,4.367460173540414,8.048272332428873,0.36210178824377015,0.5958563437963825]],[-104039028.06781845,-104039019.74282038,[6.008191099374944,0.6533316612928869,0.0,1.7337933280183013,0.2469339567445315,0.9684300782632347,0.18291245004468104,0.7758895691969431,-0.9628460781834522,0.1,4.1880840564675,4.781951507903039,0.7201004196553175,0.539204309340901]],[-104826687.73457177,-104826685.39903128,[9.452235065161164,1.0,3.141592653589793,-0.6125002975886917,0.6232072573714466,0.35695703543922175,0.630890513414458,0.5981071484408627,0.8601324359928131,0.7537294572170041,2.711728130358434,5.341584341893887,0.491232279084958,0.587337031222219]],[-105317650.58588475,-105317650.58588475,[5.955349131391445,0.6696750782533445,3.0632368653409943,-0.5088298194770395,0.6479944721175761,0.016143145867700215,0.34988634559131837,0.5564938343177782,0.6765816354964481,0.6369396670354723,4.983808940761831,0.4463621493694734,0.569156098382073,0.4957390619706307]],[-107031207.18176615,-107031207.18176615,[4.130047208126781,0.36967676443469943,0.6260591752491868,1.8861841327673021,0.5173885289792134,0.3664585616461195,0.4946990162909759,0.5799332470182051,0.19794393387718684,0.868507920497533,5.501111467632779,3.1973765010923993,0.5778179158098963,0.5135513140962569]],[-107281229.62679666,-107281228.52466565,[6.463351202391422,0.4152768840396648,1.5390113767209102,2.8379226238710302,0.5630014693781344,0.3864808176385742,0.9944639123423933,0.37256603308295194,-1.5889663274460428,0.13953772336719067,2.1211297875805966,5.1320081544676395,0.5275217855086053,0.6780586352534985]],[-107382048.57036148,-107382048.48940551,[2.150361370907978,1.0,2.1089019046784556,-0.6366830300279898,0.6100097715661063,0.5766605132960105,0.4003206083991039,0.47725176751537235,-0.777588617333867,0.13836964450275013,2.5783990521275335,4.762396486572747,0.4886220353068943,0.5569369148457461]],[-107562415.99508329,-107562414.73356843,[8.495440008141003,1.0,2.82503516954326,-0.3673510118473206,0.3255095145302853,0.07971964587286229,0.7069655222570146,0.7370793771289142,1.6414208687754566,0.37488671559412573,8.911172062503283,1.8724628707198243,0.4022138009698508,0.6302371031991963]],[-107614382.91581607,-107614382.91051269,[2.427916613501386,1.0,2.093556153791567,1.3240653517095011,0.333206750965245,0.46896284162527135,0.5219956221778831,0.688648837450196,-0.15037580899024772,0.41722474422842404,1.8227694353358448,1.219013660198935,0.40329930428693184,0.6102637600413585]],[-109422823.87215339,-109422822.96582735,[7.381020566217966,1.0,0.0,-1.9405754873904626,0.5038423957277749,0.46825604035954127,0.13353406361011394,0.5627789314385028,-0.18353614538059215,0.5131442552960879,2.495049489407622,4.286995428800342,0.4789655350583569,0.47548449477424515]],[-110392138.65974529,-110392138.03575087,[3.963341123037499,1.0,0.0,0.8190198139114497,0.24561736334481438,0.6120779475895909,0.4585596680826402,0.8037606943887653,1.5945154524320702,0.6140964574388276,5.820497055288193,0.6655776424350877,0.5580498448508937,0.5240598917801413]],[-110849218.43284796,-110849218.3449539,[1.235162508286764,0.748781774391022,3.141592653589793,1.2131976911204223,0.7634951778733694,0.4018110949760111,0.23113335551009334,0.5516910871805887,-1.215255067821568,0.4229154673476029,2.723554304870968,5.802868107814589,0.3445501469892698,0.39955223343715307]],[-111270011.45167443,-111270010.52544701,[7.606802361619455,1.0,2.763533123488571,0.5028060429890726,0.684717015045719,0.5844820840730565,0.8892899883399229,0.4047522434801913,-2.665876915035894,0.4762596341822648,3.4173228045719144,0.0,0.552772637127389,0.5877746011923068]],[-111778313.48453912,-111778313.31633174,[6.952419831510273,1.0,3.141592653589793,-1.139037319880837,0.6445860763913434,0.6853136207870837,0.722036497634551,0.5248001083469921,-0.08457844941580893,0.6551093173538396,3.357780764576274,5.023482260742592,0.35940536903080256,0.4651241342101241]],[-112057384.11420101,-112057383.45475113,[6.887646773441319,1.0,1.3731868723325793,-3.1582454712687866,0.3657884414053282,0.4889705703059478,0.23735538389955463,0.791404242693326,2.0512653559943628,0.4028036021890127,3.2645274339207915,3.5123335090070484,0.4554035757820667,0.5357196475790741]],[-112698566.70562427,-112698564.26435101,[6.2754877067101855,0.294216922327683,0.0,-0.6864214496843557,0.7423515459275707,0.6207000874596886,0.4252559528531735,0.653475932104937,-0.4182111481912306,0.2599870371796962,4.478208675088949,4.030100491169947,0.38915230548571633,0.5185435441276985]],[-113088311.59347063,-113088311.59347057,[3.0309225034805007,0.9102169603386935,1.3004560929887654,0.7776018257915802,0.5843400145088219,0.5416353476560102,0.5917458213608244,0.5896511519760553,-0.8066197465885319,0.5573313562286357,6.083111726515691,5.300097176246367,0.46845374432231895,0.5787427403775794]],[-113903192.5808678,-113903167.77936518,[4.192475939800894,1.0,1.9500124480936303,-0.7549491889512543,0.4842836070621193,0.7190365972195516,0.6226066042549494,0.21603355707097166,-1.1262654304403679,0.21997695952120466,2.5681165629867473,4.956477554698003,0.40560725530403174,0.485633490987896]],[-114364674.26378317,-114364671.83880317,[3.8577453441182246,1.0,3.141592653589793,-2.519517552906132,0.22725464625851743,0.6037775883641664,0.5492198104673593,0.6533902452026825,-0.7478113657382156,0.43794444443992475,5.470743130201595,1.8605662835607686,0.696046248789634,0.5466341828627735]],[-114707873.5230084,-114707791.9965874,[0.8897851528399228,0.7982887248587829,0.9331789374327543,-0.4399999527526373,0.4516950403786901,0.18535662192028335,0.5585742594242319,0.18790245703912356,-1.4952809211103828,0.47206785957135633,0.9017672739503015,9.0,0.5283416784974728,0.4451313950481781]],[-114957308.85293336,-114957295.63866115,[4.006830593959094,0.24251124880233493,2.3043422020422293,0.23822299456165985,0.4719071099888178,0.6912975820704572,0.21363493557704538,0.2608182900541006,1.175876013634483,0.5322616185575376,3.5031203432992286,0.0,0.2894500798929484,0.511511103997302]],[-115217254.18517894,-115217249.66123867,[1.2831224223161537,0.45257660855788595,3.057188511112259,0.8871829536729912,0.29130356943647373,0.5196386594011899,1.0,0.826636677407825,-3.6002271589128485,0.5809078676015695,5.759356555715428,1.372926702026493,0.45334838693055446,0.4146653695349792]],[-115850132.25139657,-115850132.00773954,[2.7643566210285844,1.0,1.652918336528536,-2.4470548497651237,0.4406061913613319,0.6605741220863867,0.8565314190354485,0.4637899209320401,0.3294902254179287,0.6368375376678184,4.437119104196005,2.7919589127103244,0.5327213749335906,0.4982652319016876]],[-117813325.8114076,-117813295.22780704,[2.2726084547691716,1.0,1.4931675745772812,-0.3718370655966847,0.2668863917150119,0.5094772993169381,0.1835525426649805,0.8469250547009997,2.716706617355783,0.43660371027371214,5.088709366487065,7.179801982405969,0.502130769280786,0.43333165032330684]],[-120436508.64576048,-120436507.83230245,[5.572982737618514,0.6455145285798034,0.0,-2.1152026138616318,0.3458471096443342,0.5261941598683261,0.33235779167035534,0.4258700779741999,1.2242075867742774,0.5864184087979313,3.603263667121921,6.0748601922053815,0.6861492304777351,0.5020062474332551]],[-121083669.64922225,-121083667.98839164,[2.6866749331213127,1.0,3.141592653589793,0.024482926796809787,0.7385771297358733,0.3537973362882456,0.011543311676849632,0.24214572127980677,-1.2687999613264445,0.5941708204859855,2.2801252011553546,5.397174160018775,0.5945136010486951,0.6600601819784744]],[-121163229.94449426,-121163229.80073333,[4.291073627779109,1.0,3.141592653589793,-1.0925627371506752,0.4361242380492494,0.7072833626071536,0.5764517720050161,0.43137604479400526,-0.398174634036804,0.7389578398737877,1.301069875446621,4.971793151674124,0.475320043179956,0.4678139492264751]],[-122338125.5023953,-122338125.30046666,[5.2682198690121425,1.0,2.3924724428503157,0.6400096268303094,0.8994392364254595,0.7802511624113826,0.5521713625010789,0.47664185204145204,0.19699129146068886,0.3529328459572249,0.18036253873221986,5.862273237422094,0.4993625929025522,0.39763895796209764]],[-124039475.45711185,-124039474.62745583,[7.342109769937524,0.7808068817199493,3.141592653589793,-0.8961463945195418,0.279539933334049,0.5065394719506942,0.42035682841479477,0.6676208874644252,0.15805134519334815,0.6753403904089571,0.0,3.3161062365523697,0.490128354853435,0.6684326309269769]],[-131448015.23083805,-131448014.8837812,[1.5150478550804563,1.0,1.3042313309365927,2.6343566642484673,0.09584891303822907,0.7429525903680926,0.6353807623081409,0.5757923731779988,-0.8487598079290555,0.5316453331857081,0.0,3.0107961816492717,0.33844783704611814,0.47160588587075464]],[-131951446.395597,-131951445.41365242,[5.857711852899934,0.8867070282045619,0.0,0.7206834473019006,0.4492706481509757,0.6922945728573912,0.7016744369206491,0.5318548533969572,0.6009899997274057,0.6572355953355086,3.0235823002890205,5.381220895811049,0.5306296377713512,0.4534128865543351]],[-132382861.81821327,-132382861.75561261,[2.731416542033468,0.0,1.1139114431125647,-1.6572666645810092,0.7096137459870396,0.7206370989360076,0.5297738911780265,0.734448741187811,2.3570691000254707,0.4093034657402132,8.965675419853161,0.0,0.5744900643030877,0.45166774595307396]],[-134856287.51479802,-134856283.61012852,[2.7634312155526035,1.0,3.141592653589793,-2.0404156540543905,0.2581153646039197,0.6049053489253421,0.26224182220552295,0.4123500356825049,0.039485233662362826,0.1,5.688745520502376,2.6977230690138283,0.33562579231886536,0.6649851165208593]],[-136126910.76620176,-136126909.03036535,[2.602658115957026,0.0,3.141592653589793,0.0015687620178533542,0.5480797116072322,0.6119462095761797,0.7029198218912984,0.5459669771208375,1.6050685887848808,0.9,4.47931277158203,5.192285532363581,0.537139786915841,0.5200551147977094]],[-138215257.7875347,-138215256.75186527,[2.7330754437491853,0.48636727996072465,0.0,-0.17502850487294697,0.34228020333347525,0.33310226233141293,0.3966819291510668,0.49167149033364416,-0.10421131146014556,0.9,7.884833291563458,5.7533871136482535,0.5298834630868102,0.6547934222274598]],[-138500979.80647027,-138500890.75539744,[2.2978654117801205,1.0,0.0,2.1125398435658163,0.5313253314178803,0.0926648444996056,0.10592694601663005,0.4843085379557537,1.61548442145498,0.47272784577727667,8.507618279745895,4.670632690985834,0.47471500416151013,0.7569840247356091]],[-139327826.08824915,-139327824.5841273,[5.83183588470315,1.0,0.0,-1.3224452230957404,1.0,0.5373991865569169,0.44883008997097606,0.4325385939220458,-0.6632635207617085,0.4826989465526476,3.855912522853793,3.307930433519061,0.5296278726053101,0.5784848206441726]],[-140251486.3382479,-140251367.5286647,[8.89595684287541,1.0,3.141592653589793,-1.0218017914312776,0.6214665977112488,0.6696334660968033,0.0,0.08845814619659409,-1.5322355158263825,0.646406038765307,6.142326357834001,8.859087564852203,0.5314830550573565,0.542919076370234]],[-142987753.84790456,-142987748.37025297,[2.7311872085356192,0.0,0.7940439614282951,-0.6390605463029667,0.49732845107286483,0.7244389418789429,0.7371206039040066,0.4829627607712045,0.04312383854736512,0.36891031570599936,4.076780808009426,2.2993548179474974,0.5375088070586214,0.5931479010952365]],[-148201924.40389514,-148201901.1249709,[6.108773101892276,1.0,0.9297562379646606,-0.1837977679329756,0.3533928632459853,0.7341505287850432,0.5495878002265688,0.1132199090764322,-2.095240113757737,0.4111989754756567,2.1311219849749734,3.8189213976157528,0.6027828138963609,0.529865235759683]],[-148622480.51970303,-148622480.25683677,[5.648587572727756,0.0,2.7507663975872427,0.24027272549976336,0.13534151057178745,0.6825858752690501,0.43676049270978967,0.44509789618073026,-0.7067600613319169,0.5017030430488992,3.833461794085772,2.634366625960583,0.7748296866410898,0.6255361217202465]],[-154434531.96446535,-154434530.8782946,[6.997809534001854,0.0,2.073193875905713,-3.1110265770674683,0.5056851742783632,0.8736405569572556,0.3742356852861728,1.0,1.6874990501528457,0.3715233550803685,4.187293025106951,4.712635866869701,0.38062112379504986,0.2482270065934326]],[-155893701.36163872,-155893701.3393439,[1.1050228184292568,0.0,2.9643973551207226,-1.1553239802907471,0.40845216740780993,0.5400166319634631,0.3379012326040425,0.5995366166941425,1.0383656205811513,0.8679346750695618,8.882857866245573,2.446850580925406,0.25109188459892223,0.5189412790011863]],[-162282992.60645843,-162282967.2672571,[0.7447917910864934,0.1925063430199136,0.16591852722798528,-2.7402133856514728,0.20890435767935783,0.3910207570810694,0.28599623683900144,0.6406068984713731,2.9304643546141405,0.5661896981618743,4.983881964387191,3.179381289370843,0.5366584691624823,0.3759530106235111]],[-165088789.69278777,-165088775.85675097,[6.257934895944037,0.0,3.141592653589793,-2.3935437120818497,0.7943194557963611,0.8255919650123444,0.0,0.24904087116242934,0.6031175611083519,0.3085588315071821,3.683059359228345,2.5203445339025254,0.6385167319153622,0.4208821361528774]],[-168492742.92057282,-168492739.51176083,[1.7585445597386689,0.0,3.141592653589793,-0.17267852854059135,0.5510732722922808,0.7362214546336349,0.0326503448581123,0.6134859375477429,0.5569987235542591,0.4169705993313003,5.347408933337227,1.2953975461248302,0.5829070761132574,0.520918489025824]],[-174604362.70639217,-174604361.18899083,[4.987094351034901,0.0,0.0,0.5629888840173712,0.49419528450779404,0.8520324148829201,0.020289497195320416,0.40784570078005444,-3.089032313705439,0.7049784345830149,2.3298863070448887,4.22334214354615,0.39024122942180123,0.5482661073106053]],[-186883854.78764305,-186883844.17124468,[0.8800561982030182,1.0,1.6152836176107168,1.0002151710023819,0.5677611332175732,0.37423278953618616,0.5033351877327549,0.3198413108675218,2.432199119504295,0.9,3.841213780461405,5.325114528007685,0.46007677166928806,0.4926439402681677]],[-187125317.1670307,-187125304.2224753,[6.205880288468595,0.9152258786534897,3.141592653589793,-2.3592462636781466,0.5668787081829286,0.8679500088356826,0.43814518049361767,1.0,-1.8749218135065022,0.43591688087854985,4.599300630124167,3.4799660588993024,0.5389263280692487,0.539695532274031]],[-191255959.06596866,-191255955.96360993,[5.772126435820071,1.0,2.0224966290559365,0.24783770693532758,0.9621990895725779,0.7008646926960663,0.38384922803794097,0.18679591667083734,-0.8010241746828886,0.42597915675456527,3.400621863856623,1.1550581054142448,0.5786659351229966,0.7573466108439147]],[-195432730.28018704,-195432724.39415294,[0.0,1.0,2.558917453452289,-1.7700216186797086,0.4799668694695542,0.3242459275046454,0.6537751794519515,0.45782227915913926,-1.7875625581176795,0.5114286288576922,2.302184505713119,1.4839398804019162,0.5434587432104294,0.48631557814014115]],[-197312503.76422867,-197312451.68229258,[6.60375321935962,1.0,2.621626004361019,-1.1951345142490897,0.8089892651101266,0.9845597494944434,1.0,0.0,-1.039345775263881,0.3916112730809659,7.026000496346649,1.1880484978688393,0.4603319490969209,0.5774260587810542]],[-206569289.03875637,-206569280.59956467,[2.131522869521885,0.0,0.6222334518276365,-0.0274157582854681,0.1236076670126468,0.8111053430838764,1.0,0.7687501596730881,2.2839896810424847,0.7853640375831603,2.808862786172491,4.706152246956223,0.45585328952022885,0.5569785480764596]],[-218821239.93717742,-218821237.20899594,[3.7362672343364007,1.0,1.7346603152870064,-0.3426695957484525,0.5277875102005796,0.9432598759800241,0.6465100723629371,1.0,-1.2708894767862449,0.5584315972872544,4.357343023798257,1.6464265571296917,0.4577342878600642,0.5028430968647648]],[-218981351.3002149,-218981295.3643192,[8.553157182236951,0.0,2.085724498774258,-4.0,0.5704845101609558,0.7858212282675114,0.2607878796890984,0.08679359420932942,2.5749510350048426,0.3374957378840294,7.39440065393567,3.1954580184155588,0.5379684097299935,0.7023899315830643]],[-224454675.00325888,-224454658.7250626,[0.32264199717262265,1.0,1.475442849456556,2.122900442108204,0.0,0.7742960482290058,0.6871798422919722,0.25778252474597535,1.5634109681173651,0.1,5.3213910168382474,6.2655558447592785,0.38255635305298735,0.448708086827121]],[-230012104.34914657,-230012104.2232709,[3.6669919609992934,0.6538397858940163,1.0550530872463995,0.03322969643504527,0.3295120540093263,0.8924543021040896,0.25780744157013424,0.9717827598463167,0.5912339279177985,0.37936859907031806,6.101921791678228,6.270055085307723,0.5376063384389491,0.6617042109313788]],[-240782033.4119694,-240782021.87951767,[3.6004173054425603,0.7477840593437436,1.8361217793897429,-0.0409606194942718,1.0,0.9339964692233229,0.5160561551500067,0.0,-0.45193876648856396,0.541633261001106,3.014801415654457,1.5037647133264205,0.5982085098692342,0.6577743579265016]],[-278931383.7584476,-278931378.306751,[1.3168607476535223,0.5831825509499639,3.141592653589793,-3.334166724044305,0.35625184577133634,1.0,0.020520596290390714,1.0,0.7555276776287092,0.6652040822726213,5.643003619565914,4.081756382684965,0.2935730467067049,0.4398740799479448]]],[5.463615016921006,0.48502997178269286,1.4409569278352121,-0.20860801711822427,0.4568112618480088,0.30635590313109856,0.6127427469692345,0.4846243972467015,-0.2890999653859143,0.38009261311445797,3.5383554874303926,3.7675429597593406,0.47598312579539115,0.37518180697806697],[23.36896202215308,3.6140127872723142,9.152339739998556,8.723415638867692,0.23191947315467315,0.24404361068830424,0.24068610812825117,0.24411643310595132,8.579858937529856,0.24032218294587965,16.084718724589887,16.388942138263786,0.04241616507496616,0.04656924279030115],[[23.36896202215308,0.149254729433133,0.3477429819754704,0.052738511554671345,-0.01052781651171161,-0.04753763507162657,-0.006333214961817973,0.04987934211896434,-0.1821978951338776,-0.0789216483855786,-0.3186222305312593,0.1375224417597302,0.010584845910094526,-0.018765616348926935],[0.149254729433133,3.6140127872723142,0.1071364456192944,-0.033625626071556426,0.0014870550080225509,0.005394884554183403,-0.013151114112510158,0.030569138929389082,-0.08757921190465906,-0.00011507861658581929,-0.011658861254919795,-0.1897854374873351,0.0009928708962767263,0.003659482007806611],[0.3477429819754704,0.1071364456192944,9.152339739998556,0.11009724071801465,0.007955885834565664,0.03133979922530413,-0.026475908922548922,0.052291307218122335,-0.1336303020983502,-0.020069508836080916,-0.13390773815435847,-0.13021603761271133,0.0009034372796400484,0.02274880501551781],[0.052738511554671345,-0.033625626071556426,0.11009724071801465,8.723415638867692,0.012849640578844891,0.042355264321715005,-0.0005896489524554334,-0.026327695307684557,0.16064768054740375,0.032386847666261695,0.5213337492737868,0.010425337770574571,0.021601345666169662,0.02036632938772319],[-0.01052781651171161,0.0014870550080225509,0.007955885834565664,0.012849640578844891,0.23191947315467315,0.0025391585440863135,-0.002742783405822889,-0.0017309582599966125,0.0020954501064455334,0.002660794523534563,-0.0033641436904704816,0.02239955529649018,0.001080624342670839,0.003102917611098466],[-0.04753763507162657,0.005394884554183403,0.03133979922530413,0.042355264321715005,0.0025391585440863135,0.24404361068830424,-0.01057627965128748,0.0032552695536449657,0.021072919900514225,0.01104049983833475,0.07728125886210915,-0.017209850663545554,0.0016687317323269134,0.01236329874148314],[-0.006333214961817973,-0.013151114112510158,-0.026475908922548922,-0.0005896489524554334,-0.002742783405822889,-0.01057627965128748,0.24068610812825117,-0.0002639003073980865,0.0060066244242692616,-0.0007582454094370618,0.03859766977075946,-0.018686899932257025,-0.0037283046731947217,-0.007443633323016515],[0.04987934211896434,0.030569138929389082,0.052291307218122335,-0.026327695307684557,-0.0017309582599966125,0.0032552695536449657,-0.0002639003073980865,0.24411643310595132,-0.060122752558998946,-0.0012168394415699637,0.01517242908561413,-0.0719968688287325,0.0015079322511677572,0.0018476333759192864],[-0.1821978951338776,-0.08757921190465906,-0.1336303020983502,0.16064768054740375,0.0020954501064455334,0.021072919900514225,0.0060066244242692616,-0.060122752558998946,8.579858937529856,0.029800241898022647,0.17926397516822523,0.2934849940884194,0.028294330312166997,0.022967285216227026],[-0.0789216483855786,-0.00011507861658581929,-0.020069508836080916,0.032386847666261695,0.002660794523534563,0.01104049983833475,-0.0007582454094370618,-0.0012168394415699637,0.029800241898022647,0.24032218294587965,0.08774392968217821,-0.0014418241082808994,0.0036056304473523863,0.006163096360389994],[-0.3186222305312593,-0.011658861254919795,-0.13390773815435847,0.5213337492737868,-0.0033641436904704816,0.07728125886210915,0.03859766977075946,0.01517242908561413,0.17926397516822523,0.08774392968217821,16.084718724589887,-0.8058574756119924,0.018412321687686993,0.003393046522234473],[0.1375224417597302,-0.1897854374873351,-0.13021603761271133,0.010425337770574571,0.02239955529649018,-0.017209850663545554,-0.018686899932257025,-0.0719968688287325,0.2934849940884194,-0.0014418241082808994,-0.8058574756119924,16.388942138263786,0.017275840102348238,0.017732173456195554],[0.010584845910094526,0.0009928708962767263,0.0009034372796400484,0.021601345666169662,0.001080624342670839,0.0016687317323269134,-0.0037283046731947217,0.0015079322511677572,0.028294330312166997,0.0036056304473523863,0.018412321687686993,0.017275840102348238,0.04241616507496616,0.0008942572426990864],[-0.018765616348926935,0.003659482007806611,0.02274880501551781,0.02036632938772319,0.003102917611098466,0.01236329874148314,-0.007443633323016515,0.0018476333759192864,0.022967285216227026,0.006163096360389994,0.003393046522234473,0.017732173456195554,0.0008942572426990864,0.04656924279030115]],0.6345836718511001,[[0.0],[0.0],[0.0],[0.0],[0.0],[0.0],[0.0],[0.0],[0.0],[0.0],[0.0],[0.0],[0.0],[0.0]],[[0.7023308423155645],[-0.05669527594886225],[-0.31304795702395477],[-0.5267008150765823],[-0.6542666164328029],[-2.9335163163307474],[1.7079409758930362],[-0.23292515640565634],[-0.7299297002620827],[-1.81647817601927],[-0.8741821541843395],[-0.44018674685806797],[-0.9095796552241464],[-4.727180065456006]],1,100,-30406080.892085925,-30406078.37617433,[4.893018431336113,0.0,0.0,-1.1212492734167063,0.42805364437931853,0.26255081019895277,0.5661272119124205,0.2582231831031263,0.4787212350944679,0.34767277899114735,2.2960730037909594,5.937777570076049,0.5189033650443685,0.2561788891195251]]
