["generation","mean","variance","covariance","_sigma","_p_c","_p_sigma","iteration","num_evaluations","best_score","best_evaluation","best_solution"]
[[[-27095431.1810428,-27095431.110848606,[5.3109061644943845,0.9767035978042892,3.141592653589793,0.7251604874969048,0.6885084986683299,0.2679061097395577,0.7183671857243232,0.4166693864692417,-0.7717838244582416,0.32385752764495135,4.116815287768219,5.131184359618967,0.5687408116816199,0.34992631557258486]],[-33266623.14332124,-33266623.13961327,[3.89626910788664,0.9242791736108162,2.4687135278097863,-2.030057467025039,0.13929494592784525,0.07754511654078905,0.7476257674498816,0.6183441626587893,-0.0747681085264498,0.5311539073647926,0.9011377634489199,6.474273414385982,0.47797249089400384,0.31404073890104645]],[-34431155.413723335,-34431155.410969734,[3.9184118015504756,0.33864398914605043,2.6407317712163003,-0.9271579618979218,0.337973642542131,0.20925758341074474,0.43135529563378233,0.347511407196721,-1.4429011580073654,0.4893095522751412,1.0396555287864016,4.926770372529646,0.4403815978201779,0.32065456117512936]],[-34480790.28205206,-34480790.248616636,[5.592480119646619,0.0,0.04111566548400547,-1.7474253952500027,0.43604195796642586,0.08809277901395718,0.7821785065351168,0.6105614298237165,-0.3394942666637683,0.25183039928188555,3.7128655725908026,4.994682009633599,0.42298269814968115,0.3988234957014349]],[-39862130.493574254,-39862117.99001181,[0.4888933252573988,0.0,1.1838570393750087,-0.01785163444102492,0.6708439546346605,0.024160909154898047,0.5734300097396182,0.14690748677985355,3.2951568916889653,0.47614637168280394,3.433711211560714,4.15777255980225,0.4650246575100246,0.37808221355173843]],[-39920258.38492577,-39920254.47173941,[5.856862522284594,0.0,3.141592653589793,0.9260882876882505,0.3682653636857706,0.32183443514925336,0.7023408274774198,0.6772645270533151,0.09166059996951526,0.25059956474890993,3.542578291063732,4.828294202688816,0.5380244039045722,0.4313440502939576]],[-41831755.773275726,-41831750.803954124,[10.87711766387212,1.0,0.4848630971589747,0.44496815288816405,0.22828958024291895,0.11661562533637687,0.33806965769019337,0.5461566613994321,1.4171243092811627,0.5030943854194928,5.413099545456857,0.0,0.5701629094237846,0.4165264367645078]],[-42434174.17647107,-42434158.8603946,[2.096109254236346,0.0,1.4213342842735925,1.881111610813055,0.32149946561207376,0.26249712253606866,0.7299131870114314,0.0,1.4913146373973736,0.13481089135732532,3.4750071814299983,2.7244336903389748,0.6142545891274633,0.4374001695962413]],[-46796303.940906666,-46796303.939741254,[4.432579901040372,0.07985330466230195,0.43822480643494655,1.8269358277495997,0.6444866248673304,0.39655216775966795,0.34927269278964523,0.45342717096227103,-1.575476545045038,0.39085406073560247,1.3799721614304832,4.9683723652960285,0.5179060659914099,0.39643128026042795]],[-50409412.21313215,-50409390.34919703,[5.949691362111084,0.0,2.7739712670441827,-1.3670793172824465,0.5733227406827145,0.08642748694992747,0.8732035512017525,0.0,2.8826777018371708,0.18734684463453177,4.533857018739092,7.224361030526859,0.4600384974033442,0.5345921021066781]],[-53405913.23864526,-53405913.09509587,[3.247505767865698,0.5298052594618148,1.093983317894378,-3.491925113397868,0.6921802615190766,0.43848860042202387,0.5675389672090647,0.5324286401316366,-1.9010274767885689,0.2896789042781964,0.0,4.648784696688622,0.5212317038689882,0.4307328388377361]],[-53997296.68325117,-53997295.53880715,[2.9524512124688993,0.37414264000965525,3.0920664401597415,-0.5514607097735875,0.5187499354913734,0.4124095997151526,1.0,0.43687883120602233,-0.6354769320718688,0.15483762040234356,5.774849052707273,1.1224831878354808,0.5422357229765365,0.4694293197265972]],[-54249501.278466806,-54249501.276763976,[3.6623702313960376,0.8946933838171949,3.1155440025615544,1.016188042385883,0.18414526669963144,0.3225512065017403,0.6397998297053326,0.5012686878381113,-1.2149498352347756,0.487447328036724,3.501896568822196,3.970728314804498,0.4407957323074459,0.43510801011623956]],[-55488975.359140925,-55488957.75479543,[2.317316732665611,1.0,3.141592653589793,0.872452565440416,0.19074006144896388,0.37050908751225686,0.639115694240699,0.19492688784573126,2.336645451308029,0.1,4.144820326230342,4.836514379669511,0.6168125733109712,0.49094753604851027]],[-55639384.48600527,-55639383.74134284,[4.418950608963022,0.9691278288039231,3.141592653589793,-0.9641446255706425,0.8349539305298066,0.1824563010909247,0.8908093691415282,0.5033647477794246,-1.3731392700094451,0.5645533477827206,2.2135162632950562,1.3233481177210997,0.34945515453330567,0.4429515127534859]],[-56013509.55577869,-56013508.62876773,[6.903852900718283,0.0,1.7402655481352518,-1.2702932010560497,0.0,0.02373379356204569,0.2119293738116796,0.7838881970511469,-1.9107673615469538,0.48804832218656125,5.699128991668655,5.699339245367179,0.5773378248592955,0.514904324559897]],[-56039258.85774931,-56039258.61139399,[7.213026822557288,1.0,1.7377676081139544,-0.7252628688046114,0.7615796739111254,0.18696686742064095,0.38401552090782054,0.6157448698764547,2.5144009581373044,0.7656524807854734,3.5532596050370233,6.1889453547643765,0.5045639615746644,0.39430462369178504]],[-58892004.300465114,-58891985.1914258,[5.755615956683616,0.0662424539630807,0.36309116623952287,0.26230486408814074,0.6001733798941871,0.3150717221073379,0.15388220246676243,0.6852242401776034,-2.8527742860615906,0.20432991788432125,0.7853916470109499,4.181021594719151,0.614702021200364,0.57674413718216]],[-59409571.06611271,-59409570.94370425,[5.327311925722166,0.5467510991367198,1.0016242220153397,1.5974026130811128,0.18576230685277634,0.8570701491996728,0.2997531378872627,0.42575939287707665,-0.6731818907436407,0.5576625604439729,6.917631701681653,9.0,0.5426912631544638,0.33943532975403046]],[-60523078.891152725,-60523078.49661863,[4.241748430657266,1.0,3.141592653589793,-0.8275053053479966,1.0,0.2950440918485639,0.43518357310477335,0.4838722565050758,-1.5369375910795728,0.41285821143474744,5.365367669923393,0.5122611793824103,0.5985204294822367,0.5510986834190397]],[-61448802.66718373,-61448800.830956936,[6.316466668009397,0.0,2.7737370965655206,0.47700014685433656,0.39242823096732704,0.43701907828282044,1.0,0.5044730397658194,-0.9602120529633655,0.5343798729308543,4.900410375232279,4.533451799251617,0.5285106562939547,0.4023748528540493]],[-62523230.55483439,-62523230.55447447,[4.946206586251924,0.5437308291828404,0.7327545233634097,1.244794235811345,0.6109256087883973,0.6413145270609719,0.6519410136015932,0.2836723880890772,0.18837324592594068,0.2599123708367358,3.923304066707469,2.9205450781329834,0.49596536779132044,0.49025321298995955]],[-62639259.76455103,-62639256.95764071,[2.282378181855468,0.0,3.141592653589793,-0.2582151119907682,0.3681051410058216,0.2989208260702272,0.4958064289571806,0.7284798529726684,-0.4513239121618094,0.6840724397210056,3.581870577195775,6.264770196021864,0.41585927516533233,0.2952438310663964]],[-62753399.58629468,-62753399.58506501,[2.789970514430366,0.3723044584213989,0.8191941016469807,1.2546316121458132,0.3940634357967731,0.023407437353150096,0.6489769327555047,0.23634506244941272,-0.6972070824276153,0.4669291188903535,5.543624244165729,2.361335362547112,0.3645101025515507,0.5154236940721336]],[-62847988.18476849,-62847987.13173318,[2.702690055854237,0.8161080988861464,3.141592653589793,0.6118855487935223,0.034443306013849095,0.41059925347673876,1.0,0.6141746601427657,-0.11798137309558326,0.45539565747421834,2.722129623991039,2.049527223338062,0.5377176363022605,0.472908682047487]],[-62890412.67830261,-62890412.43452418,[2.516481870177575,1.0,0.8769055065488751,0.1049578128562505,0.6916625676685122,0.40101314084431533,0.46335495816882805,0.4806544413516847,1.2998401806939603,0.4253490746753802,6.221209331591787,6.89961003211383,0.554407887568545,0.3894216596989185]],[-65568817.639661625,-65568817.19027835,[8.34954372508615,0.25418182783068627,3.141592653589793,-0.2899370657868264,0.44352445796684475,0.2415016624761468,0.5222193112239074,0.9074327187159605,-1.0390158164482233,0.9,7.728081971150772,3.432718732516257,0.7829112751708849,0.31605706908818265]],[-65891753.43909315,-65891751.69603914,[1.8430694141826702,1.0,3.141592653589793,-0.8342982691070014,0.6828325780434568,0.3160606591152867,0.4590743429586583,0.6453740815259803,0.3173696506433662,0.5217957073386663,3.173507754902248,7.117650750010773,0.48834137621075524,0.3466508410630964]],[-66649070.17793063,-66649069.04232377,[4.784218801521207,0.0,3.141592653589793,3.4670491050826575,0.3573358759161637,0.18233035599897218,0.0,0.4813853083864121,-0.9240377052468525,0.28892250541968406,6.269246908755256,8.145087352778514,0.48309839509504177,0.6196828585630786]],[-67236023.8364884,-67236022.63331163,[5.34245308413698,1.0,0.41280795685612337,-0.0966627570055235,0.28351715312028136,0.3850499685567371,0.4853351632171169,0.5386793804317888,0.0773473068751147,0.4963694402991161,3.7021644165514136,2.4001541581509187,0.509029009149867,0.5007292315210495]],[-71020175.62474012,-71020171.69856745,[6.60096611644615,1.0,1.230215923054407,1.2834203188589857,0.4535870784514876,0.6824990975538077,0.5830056586134601,1.0,0.9748417119481947,0.5014712694953519,2.1797285547312715,3.944482274547235,0.5194874714364219,0.43896545459459846]],[-73669309.6940516,-73669307.37858105,[9.342131214266345,1.0,3.141592653589793,0.5774071306757954,0.27164581754614153,0.2625698947384717,0.5764861163082557,0.5708059613002352,-0.32279595274015915,0.6816216987690705,4.412752238598312,4.812005293943651,0.6268883213742378,0.5464651835180367]],[-74788763.67133796,-74788762.7287991,[0.4726768489738866,0.0,0.8803435276773851,0.5494418626008644,0.4489274302490061,0.0,0.5618521056757543,0.5281486962201147,-0.9896856062332201,0.6896120633468283,1.0964888106132116,4.726249665780792,0.5308391013282054,0.5478162298739144]],[-76070073.55448596,-76070072.84284568,[4.446765339057294,1.0,0.0,1.7696743581919974,0.649628644472872,0.40341296988214786,0.5717188522765396,0.7212218120755952,-0.5488351068509398,0.6400386643524152,4.923396488715339,2.086178665072015,0.6321100972576512,0.5061649632434644]],[-76416622.79100178,-76416597.92631972,[5.312019278180045,0.0,1.7614498191966197,-0.7211249481617334,0.9986455865008133,0.5531653688328959,0.7457069108048898,0.36081413105360804,2.850101489439006,0.5388086686403105,5.450874615122771,3.30604462628256,0.5673985888671966,0.3147702892751395]],[-76607161.10091077,-76607143.22749674,[7.524680085939602,0.7572581784184724,0.2586958427437094,-0.7484599300858253,0.4538471840468964,0.41021210773248484,0.6674015483124508,0.14070107848090918,-1.600115590932762,0.36143848113568267,3.9505521848576306,2.662700360362084,0.6035482429980895,0.6207909324759213]],[-78668957.57080567,-78668957.57080567,[4.400252248471526,0.5629737053070498,2.4024002647857623,-1.4165713864337244,0.3958796803234142,0.2593108373669358,0.6407847878703825,0.5312396023660994,1.4991395389277637,0.49845713381701534,3.9754570101123092,1.4432139180474377,0.5130999105345442,0.6460776570430422]],[-79032440.37447882,-79032437.13686901,[3.8099416996151243,0.0,0.0,3.7659380653807877,0.7739112890173815,0.7474685388481892,0.4204268977444664,1.0,1.0975301130223216,0.5341131509889868,8.68786708341595,2.8998313398688325,0.48259068041430575,0.4835697720202422]],[-79407727.43534371,-79407724.46716607,[3.9126215451123167,0.0,2.005035949943876,0.7206767174322231,0.38936738298089046,0.3629788450040765,0.4589060842844431,0.14992117855110076,0.5448470343605325,0.9,1.1436610608587885,9.0,0.54405807770901,0.4137756988807426]],[-79805085.5706906,-79805084.31612945,[8.93337303826635,0.7864028226947493,1.9240247412612024,1.3266201813117742,0.5124729404384707,0.2159130640605041,0.24008517337098556,0.18960083064314415,-1.347275262187695,0.247999486478217,4.582978642447825,0.0,0.4991087768590222,0.7126101685261093]],[-80485725.03676386,-80485716.40242851,[3.0995307973616235,0.1714397220479188,0.0,-2.799279689851026,0.57315671167272,0.33301417282853596,0.29301556756477665,0.22923198585482152,-0.40290875086695055,0.700391004820021,5.399508294465911,5.683256814714949,0.5222425820749731,0.4958503289776104]],[-81646025.39653301,-81646025.39653301,[7.233699451785775,0.4242680941754785,1.006160032600762,-0.5331039666049973,0.5790897326916895,0.4815635234784106,0.6082518474361004,0.3833281990577534,0.05590411238354252,0.6499136516290864,6.198065584150658,4.396397208573487,0.4810359133288681,0.41143677958830377]],[-82879635.81368917,-82879633.94163656,[4.773375026700852,0.0,2.3053056017678797,0.06985093546690554,0.6477334931270718,0.41104572711651344,0.20377219855190598,0.8709800134301103,-1.5435611244695595,0.5462865569994656,3.0554732866437617,1.1495833442355412,0.3660206518818194,0.5145048382030111]],[-83469072.36887205,-83469072.36887205,[3.020767591464256,0.870930441921701,2.580299630592104,2.237214382606929,0.7464517800040069,0.21126933379522916,0.37909140409389813,0.5302004386615523,0.934401810692226,0.5470743186869742,7.23024038964982,4.640726468122206,0.6632681316392088,0.6430100588346435]],[-83994386.98063232,-83994326.91540074,[7.965922239278571,0.0,3.141592653589793,-1.7358205622468426,0.2619207476450174,0.46265207616526116,0.3404201412792776,0.10019751472269417,2.867068775506557,0.1,7.322938836242043,2.6208442723204017,0.3978312540850202,0.5614027170236645]],[-84089386.43007714,-84089379.76949906,[2.8964336661005037,0.10735730111144182,3.141592653589793,0.9713239649491774,0.31128768456082256,0.6009209702741176,0.5143049500034536,0.48920226762156654,-2.9132652761137514,0.3104751120156961,2.6791495586150726,2.367642972198481,0.5110340560402279,0.4152803018215645]],[-85038349.7956064,-85038349.46935636,[4.906542774335379,0.0,0.7950968472208733,-1.399231019015889,0.33557743122633504,0.29817868841482736,0.6232060921111507,0.5798803863741805,0.6700873036539913,0.9,3.656599902515748,5.272985834698362,0.4232564780802057,0.4987524459617276]],[-85326403.28740759,-85326401.79312229,[6.316239730509592,0.7963151629519676,3.141592653589793,0.045065811309113586,0.2892417725587273,0.44287875287710354,0.08667568091751177,0.8460441928958427,-1.8848214109461283,0.7142355121890114,2.2734036373215507,5.161393398557352,0.5158213938520297,0.4753710722709484]],[-85604206.34090683,-85604204.6462031,[6.950072803317938,1.0,3.141592653589793,1.3404841668451928,0.47217757715539077,0.8155843943643599,0.0,0.7785362200069077,0.018635896736808606,0.42728504595029687,2.467599461244845,3.891829053924163,0.46330650382337246,0.5503179615155295]],[-85907112.93965338,-85907112.34388292,[2.42759292864059,0.0,1.1018275294181126,3.421828517883011,0.7025244082781676,0.4773317649542202,0.20933371913766413,0.3348151995991968,-0.4975587407993806,0.4925102502235674,4.037371027916697,3.127692440749147,0.45041460698007835,0.5104512872206992]],[-90494862.05597949,-90494861.2143848,[8.44381909314463,0.6456961559335321,3.141592653589793,-2.5936706274152987,0.35840919344716704,0.5096834201699267,0.3925482206177602,1.0,-0.7352537001348762,0.6398602863390817,5.127714769292001,5.053832698452474,0.6050787875970446,0.33488879979010344]],[-91830133.71214937,-91830127.51487374,[9.338186829676726,0.2828392678500706,3.141592653589793,-1.4763033816777433,0.06916098537023735,0.4759996933525089,0.49378001502279273,0.3702808116959576,-0.1520246830998878,0.1,6.058337625372102,6.755867141693036,0.5445771528487617,0.32187088040407524]],[-92772545.82062905,-92772538.37129319,[5.187363038243578,0.0,0.8612968780939342,0.86350907380193,0.5032072620889657,0.6857550722567926,0.34669318646315184,0.2966138329721656,-0.81099591972289,0.413731586493278,2.8291534638385674,2.659725820502133,0.43843577859465804,0.3915787554043177]],[-93889897.74479106,-93889897.62892884,[4.272964156609742,0.0,1.287386389833267,1.0380244767340854,0.2742898132957392,0.6004418603955857,0.47566390285949844,0.5585453734615792,-0.3972378479063907,0.9,4.460785377242023,5.576253449652785,0.3769538292867046,0.3450955467021469]],[-94405494.96233,-94405452.41203654,[3.631527813251908,0.9777732735897193,0.0,2.7140324829881943,0.40392205237843026,0.9109046943712586,0.4020838121161652,0.13287729980784574,-0.7125658853157477,0.45454386569365857,5.347782887332025,4.860783967679135,0.5699294330886251,0.6193685069059852]],[-94966242.981323,-94966242.981323,[9.225868534990447,0.8698085674293882,2.1209078048644168,-0.21620660460090324,0.6382454062630692,0.49692546504239093,0.48297502354310484,0.3591443700673511,-1.0885180245749924,0.6104074203675407,5.219576775106064,4.54776735898538,0.38810870036576883,0.4859610334022908]],[-97242309.13592272,-97242306.36267805,[2.7711972427516174,1.0,1.531742719994884,1.3930252442489381,0.4264281493735445,0.40297606933262786,0.5169716793234642,0.6495577927446128,-1.3089545250410033,0.7188805482994691,3.8164743581872624,9.0,0.5601208072421132,0.6219837585496938]],[-98862640.40227608,-98862603.96980375,[7.166076972335059,0.0,0.0,-2.373294322380475,0.35656547504531233,0.42077029221728485,0.6746396106233955,0.38926820104912163,2.8840405674550835,0.6945164698775127,5.492374747977776,4.5989783099457755,0.5409785102809844,0.5636131869112214]],[-99298637.8606054,-99298630.95573807,[6.70026686530707,0.0,0.0,1.903387631893756,0.6877599369863403,0.9549883286296947,0.2670302714768964,0.4968245732530239,2.3063021477039802,0.5255968151186735,2.8407469365439555,8.126124942748369,0.5767413389536687,0.6032633126357626]],[-99404198.22985363,-99404197.39010096,[5.235268234944353,1.0,3.141592653589793,1.0963851930131896,0.8117971105650676,0.6996672267975543,0.3334535118141112,0.7157788644921641,-0.018113845047232815,0.6425199213734664,4.854714452348267,5.364465987240578,0.5735360841995392,0.5548049374901789]],[-99632522.29350263,-99632517.90459317,[3.7543260929730216,0.4029263073764566,2.23971034691412,-1.291818656841189,0.5944734632472666,0.07729334215186168,1.0,0.05188496677925203,0.5176392472077959,0.8909613345129747,1.8383086507768867,2.0613367024665714,0.6323712794524805,0.6126097713333966]],[-102912453.34503534,-102912453.10708177,[3.9890458336611427,1.0,2.0709050907156445,-0.25186099513763205,0.4890772939677775,0.5858788115555782,0.825815738162113,0.47617562690099335,-0.7271778207688964,0.7006619056221907,3.329547523788521,4.242753686571909,0.34159264327390804,0.4248475144830336]],[-102977445.96867953,-102977445.9686737,[3.8314276465260453,0.1786666407694667,0.9694957583284308,-1.9873281445317197,0.686116422946466,0.5916674248723466,0.45965266379219716,0.6005944586794361,0.7511900053558451,0.1,5.231753125416777,5.047867104359653,0.3921494036651422,0.49229087907243463]],[-103751096.70663488,-103751096.5754928,[4.937980536180789,1.0,1.1788815618280162,2.0694448812641246,0.8235146699340261,1.0,0.3508428473859743,0.602930996791242,0.10560634808499983,0.855423840539403,3.503216038374229,0.0,0.5055419247329995,0.501460815788994]],[-104060971.3488053,-104060944.76759362,[6.129476533074223,0.11417303218666092,3.141592653589793,0.6036741184086167,0.3922921528924975,0.5178409103556978,0.38896482826179446,0.2045717247078297,0.8178118651160116,0.5905896033027955,4.700624377640874,3.217038403371174,0.586317411157687,0.6084627467476026]],[-104896929.90197863,-104896914.33575106,[4.734774346620032,0.12359114390627429,1.9530112042530823,-0.8783476335100897,0.5005645581946214,0.6750545588173809,0.32382291315194106,0.0,0.3756521366552693,0.23459429841635826,3.8385968843771363,5.882156391760277,0.5696204292519885,0.43724760591541967]],[-108491296.47065777,-108491296.05645818,[5.17087712788806,0.0,1.6173474865177857,-1.6273240589966438,0.39748231700442815,0.08613689901564253,0.6699030277301522,0.5306798208100078,-2.2848860240588786,0.9,3.9095440329034057,0.7716192900876577,0.64758270005077,0.6771444078552978]],[-109010029.69259992,-109010027.73152769,[4.739214754896996,0.0,0.0,-0.6515554037277433,0.5643560826210259,0.6932021340981043,0.3545210257797327,0.6003275009263505,0.9923083676806743,0.5249690230455683,5.0777518406295865,3.272813204945818,0.5662916421341065,0.3319295042196108]],[-118569693.17758751,-118569693.00172687,[7.414380890500344,1.0,0.6425980851268327,-0.20739429747453936,0.6085856039911303,0.6569394598087996,0.3033395816708362,0.5999700748410836,0.26831447675710723,0.46313503672327583,4.484906493842957,2.8869884255600162,0.530252873570217,0.3997786526676862]],[-119604997.98034948,-119604996.97319663,[4.636200964820775,0.0,1.3684319939297613,-0.38432071182701893,0.4208241952887875,0.5020468312084244,0.28345759072986737,0.9029847978038203,3.1062449535949734,0.4930601001631283,5.080001521688498,5.145826809635441,0.389320322613498,0.5810122461945605]],[-119629590.17056124,-119629589.98680246,[2.696154644682234,1.0,1.646820837132762,-0.8531678272401341,0.5816704710491729,0.5845959084166255,0.6553524400931909,0.41947718360910824,-0.42631387833803597,0.7310779969327779,4.344985834453288,5.273554074635658,0.5516098518309803,0.48291517198604605]],[-120261593.0443893,-120261592.1186747,[12.626723103698538,1.0,0.7692531993435722,0.2702496924431871,0.23880959164381976,0.3427466206632715,0.6208524754021233,0.354016867494241,0.05673594432836159,0.9,4.7713291457568,3.91262738808394,0.3725687166552075,0.6610506499748786]],[-120722699.80958915,-120722695.2458179,[0.0,0.41297193793188836,2.7757504525934524,2.830844774114451,0.624180098306398,0.16240643550639022,0.21908526701332975,0.3444761473235302,1.4205760881022702,0.5248455170897666,2.0744815087732036,2.938521279623169,0.5023640995507788,0.5742718780120478]],[-121042704.02557454,-121042703.36596191,[5.706119100690997,0.0,0.28553995669328436,-0.3471935301708195,0.4955484148179684,0.5334868862182566,0.3524365860751075,0.539538304470864,1.3783068829857994,0.39384950558473125,2.5356616194720347,4.631631987320098,0.2906516749116454,0.5937029953405343]],[-123100064.37211955,-123100063.52806294,[3.0104129603999645,1.0,1.6268448793050412,-1.5927195162547947,0.5596311804255507,0.6777151920010949,0.18875938258571456,0.8571253946566311,1.3144016881498821,0.2716790445409061,5.461683809528164,3.1065530784342466,0.49011162515023915,0.3208443793982064]],[-127152916.91473308,-127152915.034037,[2.305537188593349,0.0,0.0,3.550260684828247,0.2223059953982071,0.5911719467550319,0.5678918575107423,0.4453477376871781,1.8681946987766826,0.1,0.0,4.504378361607912,0.5305895124092975,0.5892016437519609]],[-127997912.6443555,-127997912.23599768,[6.756248785385109,0.2598946204309446,0.0,-0.6475970213310602,0.686152922285223,0.7593938338363555,0.5823952606825384,0.4408324683139879,-0.06965709070222115,0.10677562198291857,5.377727552844794,4.642428154776227,0.6756915872885569,0.49989399235005205]],[-135374401.29783973,-135374401.25821126,[7.902128281222023,1.0,3.137610684730404,0.34666331585429083,0.22125616921943203,0.7412524417328366,0.48216060290559154,0.7179211663837168,-1.4911025048407993,0.3581466353153546,2.4394224529867627,3.310502611812259,0.5808384059887332,0.3976396195957994]],[-136310664.47802994,-136310640.67558217,[3.8090393187371188,0.0,0.5887280541750357,0.3278556041644756,0.8331562631586559,0.6966034610298577,0.31909555387157,0.9271283038944957,-2.0498594597241357,0.5824364081800343,6.6463803529806995,4.4080621000478395,0.5490482299339907,0.40816311728331595]],[-142511952.06783098,-142511949.65598226,[0.7131926257629173,1.0,1.0733579724856595,0.8413948047020471,0.8642358130939378,0.3544475722520774,0.5778911752395827,0.31990134324846,-1.2256400488679597,0.5747811480965026,5.381365037546664,4.013307391208275,0.37707804414127705,0.6571329562298187]],[-147439742.65396014,-147439691.0907004,[6.347259976965097,0.0,0.5218468630397217,-0.7042519672228746,0.5762882533868579,0.6203973342595629,0.20799365725149266,0.056765438050451256,1.3931487587925173,0.4270182546644104,7.017198638900368,1.475217036619774,0.3854276279471726,0.5879607876231766]],[-154603010.65959314,-154603010.65477931,[3.886743968866282,0.5870738790530454,1.1479569495902373,-1.1002017074272852,0.7420396900216525,0.6992416210091651,0.6409250806180746,0.429746671984998,-0.6991125628073452,0.7636267069297017,7.554833764564254,7.671673292696599,0.5284012884331597,0.518762610954622]],[-155871282.08416903,-155871282.08416903,[3.4816417951322216,0.4380538178021645,2.8518562657251003,0.09304015598644351,0.5140564591403998,0.673504812968461,0.30619729017399033,0.5622794520378265,0.94518144505053,0.6088274848806515,5.939802629473465,0.8413817500737473,0.49127968357090984,0.6781426186823707]],[-158983642.51759183,-158983635.1701187,[3.014850153824498,0.0,0.0,-1.616178596096778,0.3082063995722509,0.7258944322453539,0.5720002465708897,0.27200168047415285,-0.9983418598812184,0.6047136460903555,2.067833392352825,6.167617785091253,0.3208477422288696,0.570856543402611]],[-163395556.74837324,-163395556.3003837,[9.194417692476975,1.0,0.4117620307872756,-0.7903428241218665,0.15930156920608862,0.8189250610829786,0.5135384302247293,0.5692667354181208,-1.3716413570764914,0.47731399750651227,5.456267348926106,3.994431929999033,0.5300874341518491,0.5365579931651318]],[-167225746.52848423,-167225689.94933403,[5.8416513381074715,0.19507616857823384,3.141592653589793,-0.014318692498722552,0.608770624361318,0.6982534823031653,1.0,0.8357284144058672,2.6037077587447874,0.4842502073677582,7.466118291595377,3.4505935146718145,0.3769746448865916,0.5812472729068882]],[-171022368.9349469,-171022361.7681228,[8.47640296029028,0.0,0.0,0.4672682184296252,0.42415140014448016,0.7980356027584734,0.3334366664010466,0.4689188463114089,2.0874388881512567,0.15179323051326565,4.047692218544386,5.772951567408669,0.4100531657126791,0.43607179881228814]],[-182097133.93066862,-182097133.44558823,[8.245526364877714,0.0,0.4475319243091509,0.549834554818123,0.6268302233373887,0.7436795374900854,0.6864163448743232,0.5042062013664192,-0.6526831649050138,0.8716827040214051,7.886081659707733,0.9278403784532312,0.504462149540431,0.5419268712807537]],[-193096609.65560463,-193096605.83594894,[2.2875400815527476,1.0,0.6467496104832672,0.6375571433999843,0.5487115847079284,0.8185165809261692,0.31868152430964763,1.0,1.880362594812394,0.26190342000803113,6.25703946860773,5.306996587777385,0.3709442082726202,0.4785676856430292]],[-195668531.80140248,-195668531.21132278,[6.008596554866793,1.0,3.141592653589793,-1.0548675561477745,0.4704389414133646,0.8003586008677364,0.6531217493760764,0.627841020746015,1.229149906099828,0.8599526483525718,4.133886860338664,4.172975400714156,0.36473354796118973,0.5645701559097939]],[-204581199.53603187,-204581198.20205832,[5.300202915759206,0.7337260822030675,1.452767167375236,0.025825733418184692,0.5381110886510844,0.8759210888827476,0.9535590583859332,0.25463150929709366,-1.0269348225036266,0.49094382744811454,1.7967787721549828,3.13030048968295,0.5750631747993064,0.5428073539155548]],[-227440735.23015565,-227440734.6885476,[7.831956166336115,1.0,2.4222145997683153,-0.29228637399210466,1.0,0.874841798415182,0.41841270378868833,0.6486914130600425,2.7670786571746637,0.8134109352503791,5.37908494618886,2.7251390473145607,0.644989462297823,0.5381940774746581]],[-230556132.67903695,-230556095.47059762,[0.2277929067364255,0.0,2.3237862478901765,0.38023438683306326,0.4681354645531206,0.7125883430693654,0.6162867543917636,0.08170430263976719,1.9857894783078602,0.688553510049119,6.0645627368990045,5.949993364716413,0.40158074354810824,0.37237084700958023]],[-236320413.64065787,-236320412.52389395,[6.23439552233631,0.035299382770868415,0.0,-0.9798956882685491,0.4935499471306892,0.9422369710661349,0.3295568489215348,0.6257360722713079,0.35995040072288365,0.5851819614766057,3.054395630942502,4.802855679700933,0.4956251883228536,0.5476766677789757]],[-240283989.12951368,-240283987.69238293,[5.197367617133169,1.0,2.217692071547742,-0.17350817958714537,0.11462308995079468,1.0,0.11347168579310973,0.6353549708872137,-1.2242370206987794,0.6341610418247074,3.2485895547968853,0.8959541872906152,0.6431695145539817,0.39596397434434705]],[-245652475.78768197,-245652475.69298172,[5.543144026167996,0.0,2.0153851300748173,0.5986849440226654,0.6550865788483204,1.0,0.1649715889162049,0.42576814198101814,-1.1284961276927654,0.40942793507267927,5.60421044593481,3.232966158219284,0.6691251557189369,0.5534351016764877]],[-255148776.33183584,-255148759.21481705,[7.912503303953406,0.0,1.545973283410645,-0.29294011329734515,0.5935789020643907,1.0,0.4108763172539572,0.5333644911738429,4.0,0.25638808407340274,3.747136535738092,1.1560071514783705,0.44715292527468575,0.5812069049080022]],[-258613418.91601947,-258613341.14073908,[0.0,0.5092450784534497,0.4484495861089368,-1.305499767480434,0.44531642416078987,0.580616244654537,1.0,0.15677978965122868,1.88946280712729,0.8204168493087864,8.797065428644622,2.1139037404454837,0.5474351555301953,0.6688013406679767]],[-264814947.6207733,-264814946.81850457,[3.826369701294296,0.0,2.5347149487599077,-0.8903048683340369,0.2560789987755311,0.8430694189212384,0.15446010290070783,0.8490310601362141,-0.4995906042400584,0.7879940441937069,1.6773021291674168,2.851650738101841,0.35504292268189896,0.6696021471642708]],[-306992077.99664223,-306992076.34538543,[0.9490862952269543,1.0,0.34449991724031204,-0.5569421080857996,0.5548244615458702,0.9750799045190885,0.2585166355979745,0.3709542745442602,-1.216916216949153,0.6743179176657839,7.068790202269571,3.3996511801101295,0.48256941726714936,0.6981958715828541]]],[4.609505401876216,0.48182527603122016,2.027669646619191,-0.1958905546811829,0.4507882377084846,0.2387112558236798,0.6179214305379385,0.4477493735674722,-0.04183354112924682,0.38620183429462357,3.3298775011873905,4.502094099413709,0.5111162725378299,0.40676510906031116],[24.260640155149073,3.5974284584639085,9.342126584317189,8.79628200697772,0.24522946611885343,0.2640165880503925,0.24621058497886045,0.2409699758321645,9.045558047247367,0.23747895029334665,15.693339909371693,15.892016754145027,0.03748365701890813,0.04157460392383269],[[24.260640155149073,0.09933385540607353,-0.26343986899637717,0.07147995059003369,-0.0244605785989941,0.04068553559678665,-0.07506768864122379,0.10671216660001749,-0.20306150485494753,0.04792530361491726,0.719640712687135,-0.42392196492177986,0.014281888029882103,0.025485588934260624],[0.09933385540607353,3.5974284584639085,0.07425132740182908,-0.013830168944059723,0.0007704005942392232,0.005471989773977732,6.362162888747575e-05,0.00908870231236476,-0.028125985168334346,0.011285119503320265,0.00486049345247535,-0.053248111794686574,0.002024512863088999,-0.002713736184220579],[-0.26343986899637717,0.07425132740182908,9.342126584317189,-0.004251965026073013,-0.010675519858598046,-0.04812009561496454,0.067311704407116,-0.01401606739099288,-0.0930723460567737,-0.02179825387836795,-0.1054803205486087,0.2419799599565113,0.00542207137098524,-0.024173782037035935],[0.07147995059003369,-0.013830168944059723,-0.004251965026073013,8.79628200697772,0.009298323980189205,0.06547094960081398,-0.03512277784044947,-0.03331004706377251,0.12715703702181044,-0.008021341387129345,0.5312289214101642,-0.30263354813068344,0.01802586916137154,0.01605947761909691],[-0.0244605785989941,0.0007704005942392232,-0.010675519858598046,0.009298323980189205,0.24522946611885343,0.00814866373744907,-0.0011963844439709093,-0.003651018347082448,0.0009835413399294347,0.0006069228092864714,0.019176394314235925,-0.03753170127612377,-0.00045361543965804135,0.0031377110964177653],[0.04068553559678665,0.005471989773977732,-0.04812009561496454,0.06547094960081398,0.00814866373744907,0.2640165880503925,-0.01566868754445819,0.007161225574917658,-0.035719525419262835,0.011716934504158803,0.09797045033307097,-0.059153892259410285,0.00047837482281143904,0.012099324940134888],[-0.07506768864122379,6.362162888747575e-05,0.067311704407116,-0.03512277784044947,-0.0011963844439709093,-0.01566868754445819,0.24621058497886045,-0.0067460873982345786,0.02436057075601008,-0.01180158869786884,-0.02841712077425575,0.020683212924424998,-0.0007911349124932561,-0.005478317398630675],[0.10671216660001749,0.00908870231236476,-0.01401606739099288,-0.03331004706377251,-0.003651018347082448,0.007161225574917658,-0.0067460873982345786,0.2409699758321645,-0.08189644404810718,0.008978088753180066,0.0005570158672105881,-0.0019934250705651723,-0.00025566132258668633,0.0012209729969517157],[-0.20306150485494753,-0.028125985168334346,-0.0930723460567737,0.12715703702181044,0.0009835413399294347,-0.035719525419262835,0.02436057075601008,-0.08189644404810718,9.045558047247367,-0.006838963269350267,0.39574777379256254,-0.020054979011100715,0.0012121774609913484,0.0061777563771434505],[0.04792530361491726,0.011285119503320265,-0.02179825387836795,-0.008021341387129345,0.0006069228092864714,0.011716934504158803,-0.01180158869786884,0.008978088753180066,-0.006838963269350267,0.23747895029334665,0.022323218593391203,-0.01364930332992503,-0.0020645077062771792,0.0024337688965884634],[0.719640712687135,0.00486049345247535,-0.1054803205486087,0.5312289214101642,0.019176394314235925,0.09797045033307097,-0.02841712077425575,0.0005570158672105881,0.39574777379256254,0.022323218593391203,15.693339909371693,-0.5164839405638798,0.017247974895884415,0.04957320994421675],[-0.42392196492177986,-0.053248111794686574,0.2419799599565113,-0.30263354813068344,-0.03753170127612377,-0.059153892259410285,0.020683212924424998,-0.0019934250705651723,-0.020054979011100715,-0.01364930332992503,-0.5164839405638798,15.892016754145027,-0.008746427770048552,-0.0426082921126148],[0.014281888029882103,0.002024512863088999,0.00542207137098524,0.01802586916137154,-0.00045361543965804135,0.00047837482281143904,-0.0007911349124932561,-0.00025566132258668633,0.0012121774609913484,-0.0020645077062771792,0.017247974895884415,-0.008746427770048552,0.03748365701890813,1.2448114501355056e-05],[0.025485588934260624,-0.002713736184220579,-0.024173782037035935,0.01605947761909691,0.0031377110964177653,0.012099324940134888,-0.005478317398630675,0.0012209729969517157,0.0061777563771434505,0.0024337688965884634,0.04957320994421675,-0.0426082921126148,1.2448114501355056e-05,0.04157460392383269]],0.6308970732280309,[[0.0],[0.0],[0.0],[0.0],[0.0],[0.0],[0.0],[0.0],[0.0],[0.0],[0.0],[0.0],[0.0],[0.0]],[[-0.5915606484047211],[-0.06883226776507213],[1.1015397524610888],[-0.4945913212813402],[-0.7455094679972907],[-3.958265739614716],[1.7863929038967783],[-0.7915452505742699],[-0.10562278724804179],[-1.723929524643535],[-1.268961535616803],[0.9507785524961507],[0.4210013033418229],[-3.531040685532245]],1,100,-27095431.1810428,-27095431.110848606,[5.3109061644943845,0.9767035978042892,3.141592653589793,0.7251604874969048,0.6885084986683299,0.2679061097395577,0.7183671857243232,0.4166693864692417,-0.7717838244582416,0.32385752764495135,4.116815287768219,5.131184359618967,0.5687408116816199,0.34992631557258486]]
