["generation","mean","variance","covariance","_sigma","_p_c","_p_sigma","iteration","num_evaluations","best_score","best_evaluation","best_solution"]
[[[-24832331.629841734,-24832331.625450194,[3.377851385646845,0.41232713558154477,0.6418528562567709,-0.723122154643571,0.5164581203605555,0.07055560974703967,0.762068750315267,0.8206842976452464,-0.7532335741371659,0.31616233074394984,1.3447545482094494,5.179453247804245,0.5155746661588652,0.32794907637816684]],[-29267723.851119522,-29267723.85065949,[7.53557769514925,0.42514923502341584,1.5212289294073322,-0.6887119612416803,0.6093304192069846,0.06261173980206597,0.6208661068505568,0.695023717329569,-1.314593917571099,0.5272554257180251,3.4308669855357854,2.6884307778963015,0.7360559102174647,0.2920019839755682]],[-31713662.10298701,-31713656.381339252,[10.720149199472907,0.7866912503621435,1.8032299841072836,-0.5741998360781508,0.5173216556606879,0.2488617927186953,0.16499410458725583,0.4030586764064441,1.3800965053825152,0.3561798081764018,2.3554286093923853,7.358446601656455,0.48884813384069786,0.3370677967765544]],[-35651091.41498893,-35651088.514891386,[8.306255539375679,0.0,2.8086183566650655,1.4759138857015757,0.414545345014015,0.3177778875165832,0.009509518286353769,0.8050014270997843,-1.1153095735693725,0.3716604183633727,6.255186028619916,1.928619420942506,0.5462282452434792,0.37525448479321827]],[-39129125.69357257,-39129125.6638127,[3.6155574184316417,0.32780676692236543,1.7760856686925,1.663545372644141,0.21550511747554602,0.6935145951543171,0.5037648878998453,0.4936693698274308,0.8621344372903933,0.1,1.636150595232381,1.1211103297621228,0.4904094015396562,0.3166833940013568]],[-40598061.95713784,-40598052.94443476,[4.610372137580934,0.0,2.686211383848252,-3.2709308370760315,0.9111903736214222,0.24209847715874433,0.40669909580223773,0.5842456311873452,2.388206723778172,0.3388628602794315,6.339478773209493,5.547690695247507,0.5051810872885645,0.39441082293849306]],[-43156875.2108938,-43156854.42129111,[6.76214552021945,1.0,0.6851202174871922,-0.6635617082993035,0.24628091316094208,0.16311925955985912,0.2534296193466017,0.4051335060035579,3.3621569415243995,0.1935980563465457,4.345430036061945,3.0722935657936956,0.2917832571833724,0.42047092259249386]],[-47751182.49203952,-47751118.28292072,[8.318778441579287,0.9794308030772702,2.253768313341471,-1.163914574894005,0.5855679540875953,0.20632094126366862,0.39314769376437236,0.1448037388332168,1.3458035788554017,0.588913605256194,7.974966524237924,7.085263516072091,0.7133513501506725,0.41848610060035263]],[-51026930.830027536,-51026922.30382323,[3.5940221277631528,0.0,0.2531448239858225,-1.5431802033584177,0.7960433113845563,0.2618720002874543,0.4568541730537863,0.30779272315253015,2.0242047083124226,0.2918116943425304,2.8127400515536656,2.480423408970429,0.5231871909973057,0.47302289516279833]],[-52536282.28734089,-52536277.32341355,[5.410604979640246,1.0,0.4487211604261032,2.849154238959827,0.3463863191868627,0.6766861906999702,0.5136526412061062,0.2513234306266207,-0.2763184703693111,0.18697317929742185,5.737156080594323,5.974221639999809,0.5409563110862159,0.45102492001742567]],[-53148113.87054196,-53148113.84934902,[2.3231222325883176,0.7075877607297858,2.5207881642767385,2.1229715074990123,0.467352506801649,0.21343706095263582,0.3894253727458953,0.3619514414102953,-1.6574274053887805,0.32759447352023985,5.0207520190579,2.9479016350161626,0.490544292069776,0.4680904681263089]],[-53362136.31005121,-53362134.58946288,[5.307455896364811,0.0,2.093891780679111,-1.5226068426111539,0.28038567409984627,0.3138745956870915,0.4563410136864148,0.5586017417801206,0.7325700933908229,0.5329321296742239,4.633094781917463,6.067035456161086,0.4863418445466871,0.4042086406362389]],[-54930504.49920303,-54930504.498223424,[3.6736954440675658,0.6942539968500114,1.5046571976114667,1.6190260854299354,0.13460771145529332,0.23309040431186412,0.5721259398078634,0.44761847951686784,-0.011466393323657524,0.38246866986624656,2.2047095075719376,8.913347063269917,0.5492549493069004,0.5429605177948712]],[-56667552.187742084,-56667551.8044548,[4.604268164932282,0.0,1.0761094383755587,1.749144198259971,0.672428707623532,0.4314789096585626,0.5415544373516177,0.6091787660441985,-0.9601371181173983,0.3253315393590899,0.8763412259454424,1.8959600328665496,0.541442679539018,0.5003706668350716]],[-57286180.38139718,-57286180.168548286,[5.353844740618206,1.0,2.152669043433841,-0.9786668967201978,0.5710043025870686,0.32215426961348526,0.24909455615473552,0.485453224968461,1.8063930183088863,0.6426149026124767,1.590126611306634,3.0607507473077478,0.40250941861318257,0.4035623304035757]],[-57688583.119393386,-57688583.11879802,[3.2309414134331007,0.22080937737463913,0.29832386526765675,0.11991596596634999,0.5532822365284525,0.4519523868035011,0.8492826263391826,0.5970325069285238,2.1615360933585235,0.26499070209976516,1.3147424097300906,4.290454666173179,0.5048704701890189,0.3812090763718273]],[-58798374.497148596,-58798374.491951466,[1.958980843991729,1.0,2.805321792042527,3.3277352181731468,1.0,0.1574077824806594,0.777157991050569,0.8032306320914593,0.7472468578272767,0.6508166611242098,0.3430972215350798,6.845113280801737,0.4252761961737726,0.44434692374609097]],[-59811177.088348955,-59811155.93130469,[4.931575368178805,1.0,0.0,1.5022936252768848,0.0,0.2964756421850605,0.18896374753547418,0.4493577775457145,1.5825199319713805,0.6612119925738431,4.54448867644303,4.717950362566701,0.6214483560387574,0.42044388252694476]],[-59822170.520155236,-59822135.259097815,[7.74774861765558,0.0,1.2418271976874817,-0.5995871300400333,0.45729601427281924,0.3266179394515103,0.14358205552101438,0.05801746395198176,1.1862772997519508,0.4251964377220339,5.7895839824237,6.390698905835057,0.5281396394296415,0.4839382643388678]],[-60231669.84220148,-60231669.84118992,[1.7618139439459783,0.7987539333759068,0.3447036002735582,2.079603287233483,0.4491118100704815,0.0,0.5603008669073563,0.6087090973458389,1.2904478821019554,0.12440038392322023,4.059964454150628,4.185702936285334,0.6555930003557214,0.6668091364812982]],[-60400567.63080902,-60400558.94445485,[7.027311145484,0.18452982318973832,0.29333242911050594,1.9341462008236738,0.6892895855613277,0.292040740506483,0.4113966018664852,0.1826924735394847,-0.46635157060632637,0.4762931796917725,6.677498745829487,4.899192931690003,0.5861560501565071,0.5286034171183733]],[-60552450.30888288,-60552449.84989178,[5.44864644305544,1.0,2.1875365783832206,1.102983115240755,0.43103359233826244,0.5103046446445195,0.8362764515948672,0.769785552503097,1.3538924609253278,0.6285779130856657,1.491597239089606,3.8432357479178862,0.515387247453232,0.3639600362172616]],[-61680767.67798303,-61680765.68275893,[4.8399691408080034,0.7116123718792063,2.1205175916506684,0.1264417393090389,0.801302933429644,0.09283450337989835,0.39130968626606505,0.4410996762729747,-2.1417944904825292,0.33879211157091454,3.1113428773172576,0.0,0.4187541966514182,0.5545321202981769]],[-63217862.33829049,-63217861.29183078,[7.662646418075677,1.0,3.141592653589793,0.4483734635842995,0.39530516613614086,0.37445956139408393,0.4217090350695053,0.7830814282849454,-0.15060776217265806,0.6473459965179562,4.3907155028246425,3.0811833115143576,0.5367356940678941,0.40882884839380995]],[-64077118.80518854,-64077118.804989874,[2.34121986880187,0.9746854697385803,0.8019151917558961,1.4803746909989706,0.5627027152807567,0.15705276192652828,0.5571212919167501,0.37857954942003863,-1.094616950723297,0.6112397007356705,6.4612015358939505,4.226131721140037,0.4926060368648751,0.4916095486519311]],[-65764172.84555241,-65764172.770489156,[4.048467466035773,0.14018141809978446,0.0,-0.7442085481877082,0.19988418445359107,0.15256068237297865,0.5062267743299838,0.5040932868279114,0.882111744065353,0.48102982058583776,0.3621839060084935,3.462974415984103,0.4728686304710121,0.5469504349257619]],[-66486170.353881195,-66486170.346707225,[7.605612805466595,0.8329746847341811,3.076522805237049,2.2777429900326243,0.3595925720394592,0.7755492099153792,0.7096768998779698,0.5865761462530167,-0.9846461168313763,0.37160517272623195,5.423190166989958,2.007205568653845,0.5373043155425805,0.4840310975750695]],[-66488825.274499804,-66488825.12644315,[6.539970315313391,0.3524423127655457,2.31268161746261,-0.013928651177847085,0.44705450698895516,0.3073652942849519,0.7975160944879539,0.5654660455290718,-1.114603575631202,0.49888461296004966,1.9996209793661102,4.848344668702282,0.5073167802486813,0.5650811402770853]],[-66949266.878342345,-66949245.164872825,[4.835814817635946,0.0,2.142597371427894,1.0313228950593822,0.6239359709179233,0.0,0.6550386610018577,0.013071735729174472,1.461800946078304,0.1,4.586172408234771,0.0,0.3250903710779962,0.5650609133740957]],[-67479661.53174405,-67479661.14940012,[4.673901154246863,1.0,2.7719450449744967,-0.4855460743037902,0.4775774638353173,0.4782840159636102,0.504354736960897,0.5111876604789929,-1.125099729529294,0.44542915109878045,1.4744187759039376,7.431737377408185,0.49199832891063006,0.40496257358771887]],[-67600408.04639491,-67600405.06809413,[7.183274559943172,0.0,0.817159624749591,0.849894707334004,0.4317212076496806,0.4123184895314637,0.4683477104968019,0.6642132666069077,1.9229943121455797,0.24450483201178091,2.3127214939203826,3.595565888137435,0.5085326489241453,0.5258554950502782]],[-69666961.51852088,-69666961.50013763,[10.608403486961887,0.0,1.181103000906047,1.659217223255934,0.4948455288402207,0.3113388036757151,0.7769678452668614,0.6761963555961832,-0.5562668005561069,0.6606429441036707,2.774489992533728,2.3200731996300714,0.620129180612218,0.49714826790007277]],[-71063893.88202488,-71063891.24107361,[7.544970776968252,1.0,3.141592653589793,1.367171257869248,0.7969679535708803,0.41489421689220995,1.0,0.7350379182707731,0.424749281339751,0.589696694457953,5.2169729159509455,4.433126826953374,0.5178093337908578,0.5211687850898303]],[-71478613.72126669,-71478566.59629667,[8.62034266524215,0.0,2.87898996500651,0.9458908855499427,0.5058888921034679,0.5989882039492532,0.2869267131423917,0.16035567376100235,-0.3754551617750688,0.538658207141774,6.760759912298111,4.746493045737909,0.4570432340899747,0.4229679750117872]],[-71865297.49474764,-71865297.49474764,[0.6453893818507401,0.2684551071946988,2.999541176462908,-0.45715776835293076,0.11849456576763401,0.19894087698511204,0.5968005155756778,0.6628302533308046,0.21381282508016947,0.31251135811063435,1.7556579105083183,7.9188462423834824,0.6193798895300109,0.6203311425947071]],[-72215833.64040324,-72215833.33861053,[3.2417870848609294,0.776697299740556,1.8111030666766914,-0.33624845233223233,0.4301740273440402,0.4897038142848519,0.7477175517429017,0.4239514548319464,-1.9067307843519203,0.5632246402947207,3.301486155040159,7.440955702751663,0.7046941234083366,0.40989217329880767]],[-74024459.78399049,-74024459.78396595,[4.851965959634855,0.8736498842390559,1.5521339818504505,0.183185438964744,0.22124875752191486,0.5263118344962103,0.3661196120490658,0.644136575719222,-1.1385089420204593,0.5535023728553443,2.113445353775859,3.473684968502041,0.46734220718337244,0.3164176062529148]],[-75015509.50782399,-75015477.44233418,[7.041674503459803,0.8921585773739042,0.0,0.024619271685810754,0.2810541359125447,0.41697856343518636,0.9256024896054347,0.28576489095638424,-2.3583076625696955,0.38745921107671566,2.4088511131312176,4.826357701116979,0.4091702249045499,0.5182849132959924]],[-75167305.81713988,-75167305.2170912,[3.497165610649838,0.45461835360108377,0.0,0.4122950870441001,0.77751180062211,0.2929800639353713,0.7983693921392636,0.6583098655237116,-1.5913962454067931,0.7190800807150295,0.9723947010604466,0.16688471720975517,0.5041306597260439,0.5097242110383376]],[-75412536.95324355,-75412536.80201358,[4.039840837308941,0.0,0.3898048542884125,-0.2555756536955429,0.7588174894690529,0.11906684817965535,0.05773046466179321,0.5429747424392823,0.27548396380086015,0.6361503884928966,2.889890640430932,4.682470513823497,0.35890947820499847,0.527770902736963]],[-76528648.82133546,-76528648.3563031,[8.293973047606979,0.30279166497655075,0.7753771175438339,0.30285249270257736,0.425249887090824,0.5620667869227415,1.0,0.8163067869536036,1.9245415212581705,0.34030566810511376,4.078219418126786,2.2582067059888935,0.49395654262412064,0.36593273600913584]],[-77118538.77276576,-77118538.77276576,[4.8502989276140775,0.07881857171720413,0.3219419379254205,-0.5128130734091235,0.7487884562735024,0.4989564547987017,0.44147648719151017,0.4822875092640786,0.06931163947549553,0.500870358954189,6.494372117586032,2.9343438213152138,0.6416897498450235,0.44129904658969643]],[-77299532.81548744,-77299531.139534,[4.680606161872531,0.0,0.0,1.2295163128928785,0.16971090265249983,0.49602440058235836,0.2923596666566768,0.5964100724946524,-0.15326821297411494,0.23261586970870146,4.508993950820882,3.182739319690495,0.43277731619878035,0.5689107635034497]],[-77856277.72929387,-77856276.43971372,[4.872922803267085,1.0,0.7132176755192149,0.04135020985660027,0.8976281271010076,0.3100437243482128,0.4036261110033538,0.5976092085217526,-0.33566577598474534,0.22166761696170223,5.290931487959682,7.125914707561218,0.32541193774872496,0.6116670365264065]],[-77900536.7697255,-77900536.32909787,[9.360840614164477,0.5129731623329585,2.50721656189583,0.7327034315850974,0.5527848901663822,0.357630584580601,0.0049067665796924675,0.7495188414221514,-0.3140584450209407,0.4625585143251006,3.978504609025018,5.373623565441551,0.5577790962056229,0.6102324214797835]],[-78060948.05881228,-78060931.79354602,[9.182199672285716,1.0,2.784034901819985,3.479121967475813,0.12531229949530304,0.6726318113207409,0.6263397872212979,0.08337741790475706,-0.7659119219259602,0.6794553613272134,0.0,3.8464699158863445,0.6011224928324858,0.44625007516931714]],[-78523267.93368632,-78523267.93368632,[7.549607397503323,0.629003124835753,0.5938956676907969,1.3273524665587688,0.3171117028632076,0.33655114750251613,0.6462031480832683,0.5989137538741303,0.45758974725951784,0.552599525086532,5.847191089207599,6.689176531720854,0.48992129581481697,0.6009343873197741]],[-79729490.92643516,-79729490.92469752,[4.772329641098849,0.17746306751733143,1.7905299540534645,-0.533230171141907,0.6512997282643795,0.3081301639238295,0.7488190491549774,0.782481231108,-0.8087752069528278,0.49767162514387153,5.757149673042604,4.243461677877073,0.47429348891314876,0.6402034239512492]],[-79771435.70023485,-79771434.68658984,[4.684445503203932,0.0,0.31222839770254507,1.8428561237878123,0.2574349385563499,0.7445952605239866,0.21249797824022698,0.8215556570048643,-0.5482373628345958,0.560561057458226,5.064704322893135,4.307296693990105,0.5930023332162558,0.5075349755116946]],[-79785788.98765,-79785788.84360707,[4.427258339744985,0.6219194259060079,0.0,1.8363449668966116,0.9011092541040321,0.49571622977467766,0.493978135314338,0.653324780029039,-0.7162762999182687,0.1470951576047822,6.044347070755696,2.4070006232173067,0.38099943452196083,0.5997172899282652]],[-80073484.90044387,-80073484.38910162,[5.575144438440635,0.0,2.5462724404999033,1.4523672122923303,0.3753618060216379,0.710309495143621,0.5587560033513379,0.6826137684970084,1.510618072456094,0.48783747431068486,3.006601105565185,1.3721416213007407,0.28893499460307104,0.47059253199341095]],[-82684519.53817336,-82684519.34844053,[2.7598430020112548,0.9944733425751773,3.141592653589793,1.0489442413668466,0.21583796659393417,0.19265362057338187,0.5254785872570651,0.6881273818059908,0.6450418032928297,0.7613794914307145,6.9122663132996,8.169562624417729,0.48737857331017814,0.508247093201787]],[-83033500.9652794,-83033477.80833334,[2.465820827037092,1.0,0.14949795965910706,1.68657121832792,0.2910309015522331,0.3976076876756941,0.4736716887958903,0.16823407788454908,0.9223953394144837,0.6186007683835641,4.782994419166431,2.873816323745295,0.4290698299847806,0.45790362820223296]],[-83595982.79786956,-83595980.01941293,[5.1667246728691465,1.0,3.141592653589793,-0.3813977305579639,0.09477195976753738,0.2698528755917591,0.8312262784733818,0.4484528838818385,-1.1234589972351547,0.8060955077992178,6.497413518065571,2.4805791979018847,0.46108844169730834,0.5647677237491167]],[-84492181.08249943,-84492180.98958027,[3.2981262138473664,0.3058389760250959,2.238171651313724,1.84619571943603,0.7267928063294951,0.5163808875459845,0.3303321842447693,0.28129540056239366,-0.7426697650816922,0.576251885837648,2.709141557555264,4.738287806105201,0.4582993224251597,0.5093890896050784]],[-84996637.12324032,-84996636.69300628,[4.393460451297244,0.0,0.2473068809777086,4.0,0.37494891759801724,0.37850023863583243,0.42715603602950764,0.4170139394799391,-2.5745277280347496,0.5290592252525778,4.968943200187708,0.0,0.4516141111211089,0.6098370153138306]],[-86426297.07033071,-86426246.61976731,[7.156338855026093,0.9028512114532179,0.0,-0.1467691155509911,0.7016857651180416,0.4132342984773999,0.5875105198289913,0.025997999214604273,1.423779264866443,0.5271242767975262,7.033857737326218,0.3785549938494004,0.27024849032072096,0.49414376878211563]],[-87517581.17232466,-87517581.14664555,[2.611790171224881,0.19935163512766702,3.121035167454469,0.6398787996452322,0.3905747983188561,0.4428501448728993,0.893087018582623,0.6764549332720726,0.9838795041949728,0.6005709115242823,5.432287136879053,3.578744610200953,0.5285762926250975,0.5380853216808399]],[-87644455.91592999,-87644454.61772704,[4.594734713358244,0.0,3.141592653589793,1.076853567655332,0.9955651673469833,0.3021270186281589,0.5598124717370532,0.33476432490107216,1.178934615857782,0.4996183529011744,4.419466922177097,4.543121498845219,0.42534058256684965,0.6495051546826303]],[-94228386.92851755,-94228372.0998168,[1.1918226472743627,1.0,0.0,1.6411775394589005,0.764239574944783,0.37129303098588184,0.8933066204530615,0.1696922263190156,-0.3806737826223965,0.6052771085277968,5.4132221332061246,3.3378266045814944,0.514062528901431,0.4616101618555428]],[-100239141.5362128,-100239141.5362128,[1.551931834622832,0.5040333401532462,1.7779937660020613,0.9901500765697174,0.29633165131642814,0.3438614037232548,0.4484354299855402,0.5730756773903085,-0.5828209680119962,0.6602832452545999,1.7707455863017132,5.958404421717224,0.615187537576741,0.4482296993994184]],[-101252627.78781213,-101252613.43509722,[7.61531495478052,1.0,1.9803483166161973,-1.0040743708278566,0.25357867510365917,0.5075276686880438,0.44237777806500284,0.7709518636300786,-3.14964352025903,0.4271906438985932,3.975903199926964,3.695199424785307,0.26749503064164804,0.5087839179139114]],[-101393256.42504978,-101393254.40181243,[7.160896418284061,1.0,3.141592653589793,-1.156514133135288,0.7834943450889057,0.5373626302923531,0.18976746435739256,0.9241446176326971,1.3379059760329906,0.5540749598697865,0.7312613737319533,0.28344967962632905,0.5911658677811387,0.5356333597047355]],[-102069745.33006176,-102069744.95372963,[7.408424536140593,0.9856455186415722,0.0,2.4185792911183244,0.0,0.6186973262522482,0.8304973093319411,0.5687221801566381,-1.6299072850189127,0.20919342019773574,4.333382665050923,4.216462306629886,0.33142578617142604,0.6662343662545189]],[-103304510.79638782,-103304510.37991881,[4.707995748593171,0.13767862458633717,1.2386583342979238,1.5366543617568795,0.5483208476909958,0.6394996052254933,0.7917184109851174,1.0,-0.08997013262760883,0.4891178559202844,3.4542493599721333,2.666427422553978,0.5236355067740265,0.678619777202178]],[-103980268.6051686,-103980267.38786912,[5.347334564785967,0.1800325308382424,3.141592653589793,-0.5697055866935105,0.4159969527503303,0.5384549121771203,0.4984325576160411,0.7582331594000122,-1.2548896286808593,0.6171658358527883,3.6616954795616032,7.265781530786025,0.47638697375352995,0.5221167212214561]],[-104163848.65237679,-104163848.648314,[2.758380370690843,1.0,0.30791506726719486,-1.0755958930514913,0.2393876368349111,0.33616392041387755,0.5535817767161005,0.26344877059056016,0.49004818815065054,0.9,4.511173463010137,6.437673034390631,0.7252912647639542,0.5989782242722974]],[-105585698.5648438,-105585697.69921619,[7.684042527254411,0.0,0.0,1.8290871163721456,0.8090030667004697,0.9819292874450052,0.28128472753029193,0.564853722232269,1.9345228782761243,0.6348734735105553,4.804646198588194,1.8760858457568834,0.3616915386658718,0.5632775047187826]],[-107557700.27807376,-107557700.27259648,[5.393937954413758,0.0,1.3910720216007535,0.5244317659115965,0.6701993867407124,0.5078599773699297,0.5962360698980532,0.8207155799358234,0.7687252948225847,0.3196609649383206,3.806109156006876,7.277430612556174,0.3861346919121094,0.5625563781455589]],[-109494185.01206407,-109494183.76003659,[5.93560532589109,0.0,2.7204599245116965,-0.5992701233240673,0.4238125233589295,0.5264219428711726,0.8932358236287807,0.2947229603809466,0.2160802010876246,0.6963382377434985,2.093539249906228,0.0,0.541232973990047,0.49148758871589554]],[-115336118.93405437,-115336118.93405437,[3.48221510195071,0.5897206775604956,1.054857070483979,0.9958308142172576,0.5805725928297627,0.6644084060287386,0.43062352701403617,0.6216243794860429,0.6577122553424519,0.36411518478150434,2.521416828539379,0.23699528366625477,0.5827156922631618,0.6507125051335688]],[-116009684.35793729,-116009684.08736289,[2.262589868802207,1.0,3.141592653589793,-0.6105732460384948,0.5177789758018823,0.5851645617975257,0.40281897799911753,0.82206008948428,-0.25846328081022985,0.3578728697195539,2.9027389779666297,2.8354326069268563,0.4882396574382423,0.5475322479588921]],[-117028505.45844568,-117028491.87316287,[5.7973483053967625,0.4297741915157124,2.677608944235392,0.9082513871675109,0.15655417947990402,0.847955245624443,0.23597139521052235,0.17257064612260264,-2.26085335194175,0.9,3.7134186156390405,3.307299156389875,0.4676110949561959,0.49619873410701054]],[-122251188.91412489,-122251188.45036852,[5.825851913772259,0.0,0.0,-3.1822799629346776,0.31317484147769,0.5970321081168042,0.8810679974588981,0.4482012520846065,1.132510655871951,0.7592278247716825,2.450097175770085,7.704334639282283,0.5475490845761661,0.42490529601148497]],[-127063579.51073146,-127063573.49240386,[3.3044394943107527,1.0,2.7755432955025334,0.16050062668115816,0.7046967842628535,0.6774665896447507,0.10009738509687865,0.6729638367691286,-0.5818286217746554,0.5749512888909409,2.105070939302903,3.9669416084673434,0.5006549809086144,0.37627542125265223]],[-127238423.94787426,-127238389.87190187,[3.276041825114873,0.33792679856713315,0.0,0.8551132898795599,0.8007122960448649,0.5975842984152699,0.7363845956466631,0.07257198864710546,-0.7922597668113524,0.5754482622785115,5.658605694360315,0.20771420866084833,0.3825484349884358,0.6316300639305054]],[-129669322.63165283,-129669322.63165283,[8.029072393461508,0.5826350938962119,0.3609330679287386,-1.84224129685705,0.6780048370257045,0.6454379241022894,0.6305027478015941,0.7355184723588277,-0.8497652992819124,0.49207496453960914,3.724093971994311,3.0381248716507647,0.40547261825798764,0.5135514118620799]],[-129745809.3896939,-129745809.05903006,[5.603420444835992,0.0,0.9061141369903777,-0.5157934549193824,0.7896133758008221,0.6019872309105447,0.8152284530810853,0.46277987879138593,-0.15398862383818437,0.5575337958314313,7.13237786320064,2.5490650251083755,0.32293211397804233,0.5230078553207209]],[-130183444.89823182,-130183443.99968565,[6.167832620867083,0.042458485327039774,3.141592653589793,1.1480142590035005,0.4380287266889447,0.9518759120346185,0.9461094275379098,0.7070079227991977,-0.3215103274839027,0.9,5.728645544155077,6.365016649676765,0.5787332148775806,0.6080092402158591]],[-136466203.55780292,-136466201.87547612,[4.606146342501089,1.0,0.0,-0.23248747887075494,0.6225296690255612,0.6725919006035442,0.6986215649046594,0.6035038723279476,-0.9169261081117164,0.7710575432184572,2.588944901020332,3.4666604496039306,0.31539561916182157,0.5036987075175527]],[-138669276.77433383,-138669275.88333333,[5.38284452892032,0.6588877884458388,1.7041063863746744,0.8932602477038627,0.4245646614571393,0.665765605420168,0.18984951733030508,0.8438803098519785,1.332700265378524,0.45096941599093143,4.658305025446331,5.012600119926053,0.4462123929664236,0.6790479572375505]],[-147751118.63286594,-147751095.90920067,[3.1218301861212705,1.0,3.141592653589793,1.3539370321037385,0.48598592114071887,0.7631380238791972,0.6198862691199147,0.5525258130129141,3.8558368443788407,0.9,7.733401905495099,4.062902387046802,0.5074691171494475,0.616720702828288]],[-148591739.94631627,-148591713.02790844,[4.589781680581058,1.0,3.141592653589793,0.2623220729635623,0.32335533921528414,0.703484786724213,0.3518287057767269,0.2816389110829032,1.613372432898865,0.4825686134134783,5.164823840555768,4.865581610716313,0.6961749329470645,0.6175124872712089]],[-162351634.66589838,-162351634.21801913,[3.703643838761385,1.0,1.4844964892673391,-1.0237900351492364,0.5825630078711298,0.8169941016870603,0.45088268926751407,0.4343118512030897,1.2981645230606678,0.6524715065377101,3.1484543955440447,1.0916022898061253,0.5287513599991894,0.40214598309397936]],[-169838351.97007453,-169838351.5450604,[7.099404936946302,1.0,2.7759138749986594,-1.8585682709634497,0.03858943384722219,0.5556890167885346,0.46912905359064433,0.48057619992490214,-0.9949802031645019,0.1,8.274434039788979,5.539108865574092,0.46133460057605324,0.5381847455794928]],[-176565992.6483009,-176565990.39943457,[1.808912116173778,0.0,1.4686544982723915,-3.8794229347975455,0.5521977901614058,0.7820907540502171,0.6525718908318647,0.41764659893441813,-0.9416364613691751,0.8912428377318812,4.272021901763786,5.645465821086418,0.49687549051910634,0.43077819874969925]],[-179293384.18433565,-179293383.2185068,[0.9244980827406692,1.0,3.141592653589793,1.9770673144063897,0.4986030250988177,0.7344597756575587,0.692205425535516,0.5846969720730932,0.4942196541600977,0.24897186291366946,0.0,2.630356724860418,0.3607707450847857,0.3485526414059832]],[-180272985.57253456,-180272985.18726516,[4.771393733775876,0.5996129296773438,3.141592653589793,-0.5540693161107759,0.4487329026962431,0.9060405017624886,0.6761217571110787,0.18186939845732125,0.038047987732076606,0.5831625065008279,0.47724008589043043,7.392290812873751,0.482441731781258,0.3025881255778229]],[-184917528.44834027,-184917444.88756144,[5.411007592865756,0.6237890516116463,1.2098544269577465,-1.5408501136849497,0.7199958899226157,0.6559772296800805,0.1329162337438961,0.0,-1.7588875671814608,0.9,4.927303095061276,7.498070796557095,0.4488764196667735,0.5368424475072248]],[-186478806.3891853,-186478788.63312972,[0.8346413104597108,0.20472594778768705,1.6686038477310736,-2.5037792452125522,0.014928335410419435,0.7391781943788334,0.4980333948243234,0.22804675364998384,0.932790404781858,0.1,4.208257006799375,6.970891895287136,0.5237092626781976,0.5818568017541143]],[-207617747.72550106,-207617747.72550106,[4.471214153182589,0.2736122024535531,0.6929343597992931,-0.09255581998385584,0.10461490772887966,0.713202258549393,0.38488150940129984,0.5161934407892882,1.4058529859959688,0.8160921662908337,2.2207794126104217,7.058706296587497,0.42292994361246383,0.7691843002974966]],[-219623169.6023705,-219623161.70549756,[0.0,1.0,2.4226620600272346,0.639089410157116,0.7903227019249377,0.3605428837494582,0.4128536330563008,0.22682616380536885,-1.5572170899803712,0.5281301391821323,5.852050216802445,3.6804291216236806,0.46171317139167,0.5184307948677586]],[-229570672.32571906,-229570669.63165855,[5.081315990135679,0.0,0.5280205784503846,-0.5428749727502367,0.5842299633220716,0.9822532065592575,0.7163163259299401,0.3702080500500432,-1.519858108899472,0.1,1.3055398236769173,4.293696377445155,0.6109675954741536,0.5378042022022435]],[-236570247.23348853,-236570247.23328555,[0.8214124060680543,0.08174794557851256,2.0158606508758106,-1.1064800903817487,1.0,0.8236466828227765,0.3731151969876118,0.3624721289429764,-0.5275533154777765,0.41634209514107545,4.940255342118751,4.918813662623913,0.44984679975358,0.5962688655796373]],[-296325006.11410207,-296325004.0243299,[0.0,0.940925929939614,0.27817245306155747,-2.0467359817205244,0.32459752646805085,0.6227928227137798,0.624594236119747,0.07959707730297355,-1.117595580947258,0.36766923761236125,0.6237398571562713,0.6567851513241072,0.441309506562385,0.6581630283211184]],[-301259594.5784041,-301259594.42421424,[0.1617328724858238,0.0,0.9321046774332742,1.032825721413651,0.40652205765320426,0.6293703688032546,0.5988079729757899,0.5181125316050268,0.07009072804021899,0.7134622952467011,2.1588127706837845,0.0,0.44880704981030933,0.43695000335341505]],[-312170461.1777447,-312170460.670333,[0.0,0.0,3.0961544162458585,-1.0934396305617513,0.41532609762502715,0.722708982634988,0.7187461917136697,0.6420987829331634,0.24894630761140746,0.35503533954868916,2.9264047715117765,1.9661799236009894,0.387369884007907,0.3708273948279359]],[-347910339.49438286,-347910339.49438286,[0.1742429831910055,0.11333149874532455,2.707823514174401,-1.0485418863087788,0.9010422852437554,0.8903885937279907,0.38704017386963097,0.7385481871075865,0.020619988189369456,0.455370301240806,2.839155485318532,1.6067812320194506,0.4094213859531473,0.3020764125128428]],[-363314874.24536145,-363314871.8586679,[0.0,0.058000699328852545,3.141592653589793,-0.8144295390704835,0.4134937207109278,0.6467532356714297,0.45051334207708243,0.2991733650880558,-0.41798898410009133,0.6895020960054788,5.418095562788727,5.22674056348677,0.4552001203206287,0.49552510612250844]],[-368439938.7722604,-368439938.444486,[0.0,1.0,2.5420444415971266,1.6929799484934511,0.5646430225633337,0.6961565662926008,0.6602296390059377,0.7535446370558989,-0.6049913242013961,0.6497159918267037,0.2289229932738066,1.315091467988211,0.28982456306470095,0.45631126334873906]]],[5.642831730137319,0.4952015007575796,1.5274143420468518,0.10253515517723019,0.49976448036032967,0.26917666542335156,0.4573405634214815,0.5322110440596718,0.4221260391959709,0.3770857089492992,3.6080333279891406,4.312608088206809,0.530981239256532,0.4020902919366501],[24.936164692089157,3.5775094795810105,9.03204302783272,9.07987175701811,0.2404657701974488,0.26076499476178316,0.2444698315329003,0.24076424129432644,8.962952603698989,0.23758313584222615,16.174563394709974,16.22226518371844,0.040441842553545326,0.042691959251368886],[[24.936164692089157,0.049774942071144336,0.28797595318783253,-0.3298597681118686,-0.011489227960925769,-0.0766293099928719,-0.17064881348149225,-0.03517125670189139,0.2317651254042602,0.009148925595471036,0.7127913069876206,0.4932038276404976,0.034491282046601,-0.057943722447645896],[0.049774942071144336,3.5775094795810105,-0.009377684010060196,0.07468288585063684,-0.00962705864987927,-0.00042427361813268184,0.00036320382740108036,-0.010721132692221955,0.039479157364953436,0.005785030237355268,-0.003399718220295714,0.12368485079156291,-0.0020298408969441207,0.0014827590677152932],[0.28797595318783253,-0.009377684010060196,9.03204302783272,-0.01277205636210966,0.018376083848109775,0.013174991789076242,-0.032011658018678765,0.011666186554898372,-0.08821895748186438,0.02210457193988333,0.2984782049229616,-0.03360819647763961,0.00044682369146605596,-0.0024987866221701694],[-0.3298597681118686,0.07468288585063684,-0.01277205636210966,9.07987175701811,-0.0621723131773839,0.04970457813758365,0.0015087986375416657,0.0006693947403630492,-0.410132776277453,-0.024196850074370255,-0.16853873045685405,-0.2938569259336531,-0.0005206572847458324,0.014290984909960197],[-0.011489227960925769,-0.00962705864987927,0.018376083848109775,-0.0621723131773839,0.2404657701974488,-0.0064498729535974785,0.004394445422820197,0.0020961261682000587,6.2524379822150765e-06,0.00345052687303517,0.007508419709417771,0.007661067163144774,0.0014971509268212903,-7.744340676080981e-06],[-0.0766293099928719,-0.00042427361813268184,0.013174991789076242,0.04970457813758365,-0.0064498729535974785,0.26076499476178316,0.0020792676577185217,-0.008450111031593141,-0.028285237839611316,0.008991512342611576,0.047427973501047764,-0.06748785839187343,-0.005015697791289782,0.010958144224615433],[-0.17064881348149225,0.00036320382740108036,-0.032011658018678765,0.0015087986375416657,0.004394445422820197,0.0020792676577185217,0.2444698315329003,0.006943866231756531,-0.044851710232804654,0.002351125310448434,-0.10555181628599854,0.004283358311940617,0.0014040548481491048,0.001368765156385988],[-0.03517125670189139,-0.010721132692221955,0.011666186554898372,0.0006693947403630492,0.0020961261682000587,-0.008450111031593141,0.006943866231756531,0.24076424129432644,-0.05352816211632415,-0.0005329291554708437,-0.09009338009606263,-0.04558544182776854,0.0012228283138195426,-0.005029553867479318],[0.2317651254042602,0.039479157364953436,-0.08821895748186438,-0.410132776277453,6.2524379822150765e-06,-0.028285237839611316,-0.044851710232804654,-0.05352816211632415,8.962952603698989,-0.04097466497302605,0.008504157330849417,0.3952642759385974,-0.025281154613691556,-0.012671192482958268],[0.009148925595471036,0.005785030237355268,0.02210457193988333,-0.024196850074370255,0.00345052687303517,0.008991512342611576,0.002351125310448434,-0.0005329291554708437,-0.04097466497302605,0.23758313584222615,0.046650929682561466,0.020993912784087534,0.0011879978260002538,0.005385560728255006],[0.7127913069876206,-0.003399718220295714,0.2984782049229616,-0.16853873045685405,0.007508419709417771,0.047427973501047764,-0.10555181628599854,-0.09009338009606263,0.008504157330849417,0.046650929682561466,16.174563394709974,0.09357954824572966,0.02012168131500427,0.03479083826660835],[0.4932038276404976,0.12368485079156291,-0.03360819647763961,-0.2938569259336531,0.007661067163144774,-0.06748785839187343,0.004283358311940617,-0.04558544182776854,0.3952642759385974,0.020993912784087534,0.09357954824572966,16.22226518371844,0.010067451913899036,-0.00713414011520732],[0.034491282046601,-0.0020298408969441207,0.00044682369146605596,-0.0005206572847458324,0.0014971509268212903,-0.005015697791289782,0.0014040548481491048,0.0012228283138195426,-0.025281154613691556,0.0011879978260002538,0.02012168131500427,0.010067451913899036,0.040441842553545326,-0.002133423523183642],[-0.057943722447645896,0.0014827590677152932,-0.0024987866221701694,0.014290984909960197,-7.744340676080981e-06,0.010958144224615433,0.001368765156385988,-0.005029553867479318,-0.012671192482958268,0.005385560728255006,0.03479083826660835,-0.00713414011520732,-0.002133423523183642,0.042691959251368886]],0.606607429263034,[[0.0],[0.0],[0.0],[0.0],[0.0],[0.0],[0.0],[0.0],[0.0],[0.0],[0.0],[0.0],[0.0],[0.0]],[[0.9738264163506196],[-0.01817312798214401],[-0.10459569133739209],[0.25888434467619054],[-0.003567889323561729],[-3.496744951791055],[-0.6462482217223632],[0.48796542132170945],[1.0657985823409848],[-1.8620297966096335],[-0.7422383682189968],[0.5919628729971561],[1.1733377408441241],[-3.708087811288496]],1,100,-24832331.629841734,-24832331.625450194,[3.377851385646845,0.41232713558154477,0.6418528562567709,-0.723122154643571,0.5164581203605555,0.07055560974703967,0.762068750315267,0.8206842976452464,-0.7532335741371659,0.31616233074394984,1.3447545482094494,5.179453247804245,0.5155746661588652,0.32794907637816684]]
