["generation","mean","variance","covariance","_sigma","_p_c","_p_sigma","iteration","num_evaluations","best_score","best_evaluation","best_solution"]
[[[44162967.713229984,44162969.8344779,[4.784609134891583,0.0,1.407450272043653,-1.9288468700082972,0.722865613022326,0.23663755764124145,0.8948010439298304,0.4430291486988641,0.48040663982425147,0.1,9.0,2.9556058572657062,0.5848924925809739,0.3649435479348163]],[36770706.32180881,36770711.024691105,[4.53829860579313,0.0,0.3224935690053692,-1.9575032105771737,0.16885079216822257,0.4111872723305428,0.6668040818076019,0.2853954022225166,1.0757434462178326,0.14531283245934007,5.285678723209393,6.410991725376205,0.6869626085674883,0.5270037322979614]],[25344868.07959674,25344868.81431204,[4.285213428144813,0.0,1.6248721044454957,1.3149918352739554,0.2315820546751446,0.30654900179486144,0.36580509413920276,0.8261561395365913,-1.2246704769131356,0.5149261827598648,0.7561739563101733,0.0,0.43169372356143376,0.31759106376762847]],[24209445.363404565,24209482.163226724,[2.853097996833332,0.7903552654676804,0.0,1.645654667338975,0.7822879069108031,0.6883847155204843,0.3263811664771567,0.6733265765735631,-2.2680805443976375,0.3127370905645249,4.825634781948934,6.003222918234531,0.6053461608442804,0.444744891083271]],[23062145.143821605,23062170.185230374,[6.221625334966228,0.0,0.10684705829124197,0.8713724834473489,0.7437727017033264,0.48758980520546796,0.20384717348339476,0.2897424258272094,0.4665266790133046,0.4180168640039207,4.818474262053681,2.2352553408846285,0.5748884888562907,0.4029785925245355]],[17346134.958381496,17346165.908926606,[6.760308112155104,0.0,2.9299908943299693,2.473245944618042,0.6520607437974915,0.4080867620037077,0.0,0.1751860513985532,-0.8954241495763784,0.12202841115521007,5.455582907319782,3.511094089059193,0.5691986305390534,0.4319173937711229]],[15737195.276227688,15737195.405467391,[3.6078160941167337,0.33571774476362626,2.179821019997324,0.7260704788171649,0.33623432368583617,0.4019661241808307,0.2175284056470188,0.4796777203981252,-2.2893024315920587,0.4330707870663173,2.3737578825396675,4.263879402717934,0.5340518440270781,0.49217183541371706]],[15355690.167673029,15355690.529931784,[4.191171624635453,0.5717074677862632,1.3075626756813277,-3.08020577458781,0.3995054168949243,0.3296298457175728,0.7547607382470681,1.0,-0.26188474356403185,0.30798960591788394,3.0080626011384317,2.750369889200458,0.5902152094352033,0.5959395444138352]],[13195928.504908359,13195955.962539434,[4.855917084722162,0.05146719050569559,0.3524786328454754,1.1883594783888514,0.33434580898677957,0.47811838773754867,0.4369370835818768,0.11521102581975412,0.06656006453099708,0.5401975854305074,5.237020314769922,4.847873947183046,0.37132954711812627,0.3580797513993008]],[12917775.78238094,12917776.19825244,[5.744960625482391,0.3036337630384867,2.2620727129892093,-0.05161808294632221,0.6451435076809289,0.486406895958278,0.015558405995056201,0.5957823610322609,-0.04222584709599244,0.17716689997414387,7.694331863427681,4.899849199902387,0.5929183726219948,0.4986470862357581]],[12322062.654595587,12322062.679188728,[4.1150666860114065,0.1898200089917853,3.141592653589793,-2.2932066404604607,0.18312780683302848,0.16156721771120186,0.6306735551130459,0.6198838057638123,-0.9588488875340743,0.5645866631366039,5.448812226393333,3.2045101111970027,0.4479672580977121,0.30000830779552945]],[12265363.33045593,12265375.028443933,[3.59342813764803,0.32146286545267777,3.141592653589793,2.701356598174878,1.0,0.5062003716863952,0.0,0.06387105769060536,2.564328298814591,0.16884636196158298,2.070531923576752,3.970200985261221,0.5301859158807537,0.46863400846299863]],[12232525.007250987,12232525.010629773,[3.394833165311641,0.2627342095993116,0.04128236223894399,1.5666186997526999,0.8822649935353273,0.1479438583099486,0.7544991743177736,0.7731747636846616,-0.5822172584393384,0.49205478304941724,6.116541877693544,5.648649029756441,0.5547341899227218,0.3941883495404972]],[10555963.216522722,10555975.404212475,[3.944039444436663,1.0,0.0,-0.026409343007158324,1.0,0.35733709072184405,0.532356834172274,0.5406484499162958,0.7458761874311229,0.2105340627938601,0.8493157072899571,8.77432888255534,0.43724065769389453,0.51136434416927]],[10313800.016296187,10313804.504764438,[3.9731816481538607,0.0,3.141592653589793,0.4280303365362039,1.0,0.4167032607601308,0.12735515418074062,0.6688779136532492,-2.2529253164932643,0.3828627899176185,5.485348973518148,1.8043942894427638,0.4383068947376325,0.5094231787688158]],[10162063.361244848,10162127.374122083,[4.488472232626659,0.0,2.374210285214592,0.9917423983942304,0.4657913795414272,0.0515302258915632,0.4143160216256023,0.2246769230855884,0.9258627228659377,0.24326278200574525,7.977971307572658,6.133264157145497,0.5885072013117213,0.44130996634871666]],[10072990.938446341,10073031.692562819,[4.510468926019502,0.502483796420676,0.9500320136848669,1.2279884906107976,0.7731502373271384,0.47830637282285726,0.24487898545657005,0.45573664171122114,-3.373048095627869,0.22451458229557164,5.886881509747354,6.232866848927444,0.5773094465912955,0.6292405099107873]],[8708217.75223635,8708221.067692459,[4.31031564725307,0.0,0.0,2.3869686175508096,1.0,0.46901921533130375,0.8080132115350233,0.7289498147782877,0.6862725743626278,0.632049239958984,5.42458279113889,5.391493414871731,0.46932579587526,0.36755903292409353]],[7997986.750233097,7998019.454505086,[5.496171172092528,0.0,3.141592653589793,0.8235892731116446,0.5531346299502673,0.4075537583713901,0.5805082324655213,0.11712604172920882,0.22693881361446833,0.5402397884815137,5.516661209395185,2.700276311872521,0.5189089776183099,0.5336908416613164]],[6351006.022753949,6351007.055754542,[9.342432201721195,0.0,0.36680882630371303,1.2021984121604108,0.5649045624445992,0.3860667636908135,0.8893627027873244,0.210415490609823,1.219393745231297,0.4445648830392248,0.0,3.3255613189135693,0.644710666969413,0.5474838756447783]],[3236667.4349328424,3236667.520817995,[2.966434955885678,1.0,2.8539370171655465,1.9668662045879737,0.4980986173554735,0.6765479704306915,0.56781063463362,0.9082743008889025,-0.10478516342047639,0.6467616111970136,3.880915628436141,3.8210635673244306,0.48186116182803607,0.35597288619276124]],[2829647.812619055,2829648.516854644,[8.376134293547384,1.0,3.141592653589793,-1.2242310931871854,0.2650434921030352,0.3120112121606846,0.6467223532616628,0.8760433430177632,1.0156471414095967,0.23101624949520994,2.5647573998048276,2.571793809206532,0.4115447245508712,0.563329422330339]],[2622194.938544655,2622196.6398910284,[6.451600999519174,1.0,1.8908197353155551,3.5025563029977747,0.8028430135714426,0.6483769913714408,0.8314875450016288,0.4324824219420013,-2.5663043058092607,0.4141196144243554,5.571768408158566,4.16226681207564,0.428186789935494,0.35310238722817566]],[797566.2910940874,797595.0524191856,[4.415575532221532,1.0,0.8758388005047346,1.2540963949146566,0.4872149574494227,0.559676631805125,0.056153857398812346,0.4043733362695753,1.0796185399877811,0.5448910042313383,5.17658318854507,1.439766279829756,0.44481598632390523,0.43268647476098165]],[371461.1767169801,371461.9176040888,[6.496630729126301,0.0,3.0509300817079352,-2.0626621203122006,0.5092966939506974,0.3627582828630102,0.8360659791587872,0.5902842433948197,-1.0702175333232722,0.7358447363982776,4.9603551760662,3.8163701798542875,0.35737759126091895,0.3862770402988218]],[316038.8277791926,316040.7512495518,[4.124967065734628,0.0,1.6378618966983192,1.039769581557957,0.5258333542962952,0.4345877197475504,0.8177150357031948,0.2793752787401993,0.38424161525945333,0.36911170911013036,4.286329023278744,1.9244619868570938,0.4852960279624829,0.527323838341813]],[-143473.8584328494,-143466.3089441061,[6.272722581465167,0.0,0.7869628284591049,-0.9975663107769297,0.7317655290533809,0.25561099057696823,0.3571624882659087,0.5812037092844642,1.854158650446196,0.635981279898662,4.563948925448931,4.349176029832879,0.5853045487857371,0.49878766094452265]],[-582975.4231714463,-582959.2293233275,[4.860494652051014,0.3578874420577003,0.23730570207838508,-0.08953448892957351,0.3744082763362885,0.2035345617654653,0.22139079331858313,0.2700497322893791,-0.5143703311596393,0.7379910637974902,5.3861280835597025,3.00094730864211,0.571225541605435,0.4154653710686207]],[-1576699.5030764383,-1576699.0526863337,[1.0004518363734007,0.22799292453248388,1.6027462289865968,-0.2155776995495563,0.3871986360669333,0.44199758643067477,0.7682763962278878,0.798578199365334,1.0285006328793889,0.1,0.0,3.2163919780103827,0.4947673354606665,0.33601922278095]],[-1974346.225504419,-1974346.1991084814,[5.883315766370703,1.0,0.0,-0.545319124925925,0.4575811080049902,0.6185765525868763,0.1794687376570015,0.5126388918413821,-0.1458497610438371,0.30717796582334156,3.947206924442222,2.7586255829125994,0.5496167543489839,0.49821171132550496]],[-3307427.3263555644,-3307424.7209985256,[3.4179768359621026,0.0,3.141592653589793,1.1097218397521056,0.6856184121241145,0.9073032920441142,0.6208147458984954,0.20627925574046002,-0.23332882789663995,0.41533104099910945,3.1371190914802445,6.585245261988347,0.4581523748414785,0.49884626313677477]],[-3336608.506396552,-3336608.0339330435,[8.779472867368177,0.7509520796070549,0.0,0.1811239469827098,0.6539512526508131,0.5753909148621922,0.643365743833822,0.6458763567644668,-0.5869240277485371,0.6158987207690333,4.346719847505228,3.0483740905299204,0.6431796378289683,0.4263171731057379]],[-3408983.8201202475,-3408983.41463387,[5.199947475059937,0.9237568633782448,1.8977122022631114,1.973907348904221,0.6924555073759837,0.7097419012981265,0.0411247969911685,0.9983479619529587,-0.9353989418450213,0.2667230218270314,4.245180801973917,1.1611000678984644,0.5404585245495113,0.5379351811137066]],[-3439933.877711892,-3439933.877711892,[5.304617489023442,0.6452236296095082,2.5172667623683993,-1.6783906039573506,0.6981460016465241,0.326120445476369,0.7285638399070211,0.7149224443937752,-0.21602187956602797,0.6888984314166471,4.322685522078123,2.188228196982302,0.6655155333805819,0.5802803567436796]],[-3662198.8151690494,-3662198.7381174564,[5.220880730462545,0.7555257190600999,3.141592653589793,2.14631597451605,0.755553274507492,0.6216604077052746,0.5985050354030519,0.3898028718298242,0.3015164852273817,0.7668730225353826,0.0,4.550364126026066,0.5558078251536018,0.30365291471390066]],[-3704703.560497403,-3704703.560497403,[4.174177625360152,0.6371369570278504,3.137749948773343,-0.8260061218318181,0.8315356431758528,0.22992376226966305,0.4132428514944879,0.6879901596853024,-0.4547264725005076,0.6223991523284582,0.8375047381963805,3.216847590192705,0.5222889659302868,0.5071118778340135]],[-3871889.980340522,-3871881.116874516,[7.057043712651886,1.0,3.141592653589793,4.0,0.4118873141570093,0.3746421761475506,1.0,0.4545335410873477,0.7671011580782012,0.39274409435992497,1.0859866539758585,2.2286286731057308,0.5166024270828985,0.4944192699489884]],[-6111446.892591557,-6111444.949711442,[2.630847385819572,1.0,3.141592653589793,0.8268428301048419,0.0,0.5071187457894807,0.38327625839546414,0.41212852008702433,-0.5928221225456215,0.5872345743291819,3.1823832976164725,1.156378921154682,0.46387327036847736,0.44953296875556537]],[-7299692.343374681,-7299688.224001646,[3.0544810929527086,0.0,3.141592653589793,1.1341239541365171,0.010130139793709803,0.7423826808173488,0.6550955078914367,1.0,1.4130907053737436,0.7874398876050339,3.175209413131724,5.449123268836575,0.4693800015953047,0.2787251057782115]],[-7300609.118971077,-7300594.373510361,[3.7582018168537923,0.0,2.066815514327129,0.2009359063869345,0.2884872953170764,0.35350317499340833,0.5294815655051124,0.31277219652185867,-1.366052596739952,0.6539861861856686,8.191129948508689,6.861557897631851,0.5023360997865373,0.565812394352085]],[-7972214.821300313,-7972213.292529345,[5.667061836377624,0.7298619605108068,1.8448278267457763,0.1588126921015544,0.8089725599334004,0.5711947111651114,0.0,0.8066240793757562,-1.3767396784176569,0.3869692573585124,2.801853996353593,2.8946356837297085,0.45501118849749633,0.46169295723003145]],[-8667514.349762863,-8667514.291574001,[7.465776753881108,0.0,1.0073738697380235,0.011520394290674396,0.38908340452019985,0.47120855554925867,0.34336592421835915,0.5277103544038896,-0.2915824631998115,0.5078968985857079,3.888795895486919,3.3097422769498026,0.4718684183195408,0.5914287239823426]],[-10964943.759764649,-10964943.719670296,[6.118311515417883,0.0,1.5260959678549986,-3.8005781023073406,0.35948550469190654,0.32588105606785744,0.8575545474708974,0.5917246349168704,1.2196185099780474,0.596365008970486,2.885808990752242,4.762537313490552,0.5572956254261476,0.649499167443451]],[-11579737.483879793,-11579736.44984293,[5.256144186333149,1.0,3.141592653589793,2.819652366090037,0.7523128975141804,0.16298711041095165,0.2259790073249297,0.5496140652202548,0.9190486186956245,0.6461860502796296,3.413512935791288,5.84582790220784,0.5753767612491665,0.5355487580231509]],[-12971760.18758272,-12971760.04077077,[3.5283154559826215,1.0,2.1630036091392753,-1.1054055576562796,0.15877991046443402,0.29255326415920613,0.2865964019607074,0.263670391023645,-0.278203329353639,0.1,3.5714082969443925,4.847549702746542,0.42547080340818355,0.6503475651146613]],[-15072627.711240888,-15072627.711240888,[8.268452089647713,0.3908853196247192,0.1890632261867471,0.0865479082627684,0.41575555658349184,0.4305021229182324,0.5859890539073246,0.54386663234262,0.2157491837619147,0.5214909747652976,0.6143703500576403,2.724680733948971,0.4021739810148579,0.5828727586096332]],[-15556366.696196387,-15556364.60618651,[5.7139122380157925,1.0,0.5774652797391733,-0.9143971782641706,0.42512289149105387,0.16206376134171263,0.439773066470625,0.4236521414410051,0.8414101877237574,0.5263488417362673,4.928814109519252,1.7338941095591167,0.47485232412575135,0.5647194349242134]],[-15580303.285794672,-15580245.515439153,[8.605561602976625,1.0,1.6036088659381909,2.172795411180368,0.7625412954662298,0.34007118758270516,0.5031968227055187,0.09593918610772184,-2.033804340224793,0.49057289436062695,5.327123714039635,5.05210339635509,0.5927462274724716,0.6083327616029418]],[-15914768.191237357,-15914767.77103746,[5.776877181846965,0.14352785106837895,3.141592653589793,0.16591482777262206,0.9513528120723362,0.5319313216991753,0.676371343082796,0.4071756628825633,1.9913275074048145,0.41384090260227896,3.761614407354848,0.8183060506516462,0.4263941823987138,0.5980747582649183]],[-16405752.714466095,-16405752.714466095,[3.413262185741087,0.8147628803618825,1.813256819323629,-0.03323618542200534,0.39979254271203085,0.4505987686126303,0.4088074060723244,0.3566682982960387,0.25372411376720916,0.7690213953504155,2.8866902188261294,2.3596669656500078,0.4827583948760671,0.5151151079124253]],[-16846600.648396198,-16846564.570527673,[2.174222009183238,0.682367898856461,2.750231015214644,0.07125816411679418,0.030828768663222317,0.07166564809628778,0.2296445858164886,0.03726497471434009,-0.01764525904727564,0.3376135112087416,5.996050724002849,4.937186254337227,0.6058459325342562,0.6433940436055358]],[-17741852.353292603,-17741852.35019672,[3.3689939734065564,0.7296537603305593,1.6568321243031343,0.2046039668551523,0.635202166773731,0.2653979037407066,0.1838106650861977,0.4712904050828497,0.030553918927523536,0.7284820062725003,4.1265448747175215,6.827570547822534,0.547209114530261,0.5408325838802395]],[-17886798.7199994,-17886796.638492465,[5.444430335980293,1.0,0.0,-0.8196360291016218,0.6940546825968916,0.5630290690487129,0.402606746428659,0.39776161942027866,-0.4629497532073553,0.544497739213217,5.58622079003854,3.9797326595799722,0.4966858661274328,0.5777370380846528]],[-19371795.48408094,-19371795.44371915,[4.291216871522871,1.0,2.5736042333605083,0.558453328738734,0.4153517658284889,0.20274888404314323,0.4731106510700499,0.3370577226082484,0.7551213589736447,0.9,3.0625532547160823,3.536344325197825,0.45619850046430205,0.39871554690165434]],[-20043868.57587194,-20043868.574428916,[1.8816266846827001,0.8411823606107636,1.6660209886750583,0.14876197410616565,0.4297521824624088,0.43117385752695936,0.43780864688248644,0.4889932910680089,0.5322529292405277,0.27768154262766576,0.0,6.2246611155757385,0.5906723727841083,0.6621158796574358]],[-22472185.768135443,-22472176.950277448,[8.135559504074582,0.22635980842601533,3.141592653589793,-0.45842606792432794,0.6618664666045075,0.6100097497887191,0.21584803523969687,0.45126013598580483,0.8477880819272388,0.435048346683773,4.1897846650031365,0.1387096613968648,0.5815260773674982,0.6269185153983722]],[-23808016.249889974,-23808016.245322943,[7.4805159153272545,0.7323481624991838,0.2716823751516684,-1.5472602142313963,0.8222331758070496,0.25531235998415136,0.712811740820374,0.4332953325798017,-0.01784769554897677,0.9,3.6277832303896993,0.946283790897704,0.5601362477613181,0.5052389620328217]],[-24854452.37009651,-24854442.66128862,[7.129237745625987,0.4074350687761001,0.588680088642277,0.5751460487620704,0.4119185624953544,0.5452170644126231,0.6075691128531593,1.0,-1.6340082829352636,0.7333495441739164,4.524199479691554,3.0926331633832547,0.39462472753592054,0.4710847313068401]],[-25369847.90268523,-25369847.096572876,[9.489606324547806,0.0,1.7456155901537296,0.5228288411965978,1.0,0.42737107317002493,0.6891441070753191,1.0,0.834566208311317,0.6510870886412266,3.6980019491615055,7.881873995779955,0.4981868603327068,0.5307702083188638]],[-26133383.036726505,-26133382.78162861,[8.907049202192978,1.0,2.351600330042368,-0.4159781681827177,0.0,0.3902161037393788,0.5127335671053862,0.298750628511391,-0.9273996956449795,0.6409377576984967,3.622140059175921,5.975065082531439,0.26031402102877144,0.5176818586721875]],[-26260063.162470326,-26260063.08264649,[3.8411479171171123,1.0,0.4653396907179639,0.8500081511436648,0.5162816997997867,0.34110677681644747,0.6456725222766666,0.8249119253951245,-0.9625347505109438,0.6877535993125778,3.872978618044265,4.233942641522338,0.473954256111376,0.6322062522997103]],[-26980584.730928402,-26980584.714465737,[4.322121065030807,0.0,2.3208898823259982,0.2267982978961378,0.5027265048196718,0.32849630226534565,0.608418695594824,0.5758634577433877,0.26805608386249646,0.7313856369371696,6.760632431700024,3.974752640337378,0.4067378697888583,0.5984794486589537]],[-34315327.710226834,-34315295.44685197,[5.412830907833345,0.7346566607115952,0.9757244278505495,-0.6081676865507573,0.5002750824901914,0.48904175592771826,0.31776317332966697,0.28152860314897454,1.777305241512985,0.9,5.651121337430573,5.037520480724296,0.6728503171598454,0.5158304418587351]],[-37293580.02500244,-37293579.79800582,[8.420338526736002,0.0,0.7239166542591384,1.7241024095916084,0.2838549935281044,0.0,0.5956275000932736,0.7119212568456112,0.11073595273151077,0.5485469492948611,1.6975112384589774,3.2728487097324637,0.539315061990222,0.6031606466116084]],[-39549669.13560691,-39549656.346889615,[1.0480959016959535,1.0,2.881570459056899,1.345754258349031,0.32602301491515284,0.6713912039607002,0.263394584363063,0.3200375230179183,-2.9515179907465976,0.7635611790562825,6.432903967342998,3.4025972566583516,0.480178129905792,0.3436492336296921]],[-39566624.43180301,-39566602.288020134,[8.486679226853228,0.43085625006539,1.7797282793181806,2.3767307440474092,0.5311883853043323,0.5340268593798467,0.5147410572672999,0.32891330734929447,2.024702769394632,0.5055416119927855,4.561000260536124,5.477523813741907,0.5990222864613377,0.49193322013724844]],[-41080594.58423634,-41080525.32454598,[4.070819220558139,0.0,2.5763652544304647,0.2514998669256559,0.27325887336865506,0.6322450138130232,0.0,0.47416763240553483,0.7843547789925882,0.1,8.316640529990458,3.6834480835352945,0.39054772352821926,0.5667090475621164]],[-41327202.31650531,-41327202.31650531,[1.3945210688358078,0.2843242522016475,0.938395869185804,-2.8995364491349034,0.5140657273458277,0.7322582958781326,0.37926925742166534,0.3475759157041586,-0.7289200349636452,0.361957609020726,6.354251952682237,1.164574671590858,0.564608346902605,0.4257758355291947]],[-45425152.54784809,-45425096.769810915,[4.998055470594007,0.0,0.2614625163330506,-0.45580280571598863,0.5793038786030584,0.6253122198989133,0.9423990402836451,0.34695981126517494,1.8414854410089256,0.1,7.427957197816338,7.135836236467963,0.36406049068530094,0.5262985166480381]],[-45553943.45867289,-45553943.427847266,[5.121127843748686,1.0,3.141592653589793,-1.0434899023217101,0.26346486253507817,0.789795207074825,0.7019142099621438,0.42781288372493614,0.0722647825368283,0.393491306382486,6.147424263187287,5.079675463390026,0.651952944020611,0.5548580673803177]],[-48084828.2195486,-48084824.34137738,[9.017879736390158,0.0,3.141592653589793,-0.05722441659732979,0.9984403747679254,0.7651011231026563,0.43917105173588156,0.39972413642228427,0.5572530188508547,0.10082865061782248,5.05820689301615,4.446998632826147,0.3875663463999122,0.4732198766670747]],[-48779058.26160738,-48779038.24786544,[4.260395249412637,0.06051140889581724,1.0393428399506366,1.9113973592256266,0.893717993447982,0.15449047162084206,0.0016774280896639238,0.598281175439252,2.6367804794813448,0.8940582212631799,4.09258322589216,3.3743721033889287,0.7645130301568426,0.6471425362109565]],[-50793441.06542417,-50793440.72618872,[6.180233584896803,1.0,0.7231278851187407,2.165695227794485,0.5178697714978492,0.0017164620446913914,0.3657983129090673,0.8617828204627984,1.021469177139975,0.7790805741978355,6.29534350798049,4.2957280797820365,0.3195360407718666,0.47050484389791725]],[-53285428.39558427,-53285428.02857864,[1.8302673552388282,1.0,2.7060793225241007,-1.1519147749177017,0.49802724575636964,0.38015459882487024,0.3282025739794275,0.30908727630755023,-0.6108832771636873,0.6928125471075449,3.2405111829741102,3.554813171308049,0.5172720610277436,0.6706644897600751]],[-54784749.8108889,-54784749.71693063,[0.0,0.37775331928709466,0.8210899307843974,-0.5509290556949809,0.25028201106536235,0.122905586264274,0.41242677730924693,0.5685949860973417,1.216812512789548,0.9,3.142497726425311,5.009412222104445,0.5136759631201415,0.3578014334321601]],[-57092808.7036505,-57092808.302732944,[7.109194747724699,0.3887781508388256,0.0,0.49687272856991155,0.5234827997269502,0.7779731015442606,0.6780039397178961,0.32944193285763623,0.31799333384370393,0.6540712432698143,5.36432896003189,5.4829339194992635,0.45101602691487663,0.48963710416023215]],[-57119731.59769553,-57119731.18374777,[6.720758161474574,0.0,3.141592653589793,-1.6602804429061724,0.36841160729370304,0.6774331262980933,0.3725723318950739,0.6788988129814637,-1.2390422655392563,0.9,2.4605971820255723,5.012990586938729,0.5667717727354478,0.44784688619436147]],[-60142644.89522308,-60142644.1096077,[1.0354712719947456,0.0,0.6987239971691708,-2.2315350433192824,0.5487118365088207,0.04729752428513484,0.6642623289648067,0.4195376803731704,0.49041027498474254,0.31650260257668195,0.8970145074741653,4.539754708182617,0.21088446102537944,0.5543640950990806]],[-60790300.33912158,-60790300.33162463,[6.5585912636048995,0.13572054814516915,1.280365292962201,-0.7708115373635656,0.5158986947741365,0.7567905779749723,0.8388212283800377,0.6829032643044743,2.3683743339823926,0.26837287075796235,5.642083369305464,3.3292320083965388,0.47098054981824183,0.5376876359164061]],[-63724630.871484585,-63724630.85656953,[2.454280132798014,0.8707457861254455,3.104473711532859,0.08361385495678508,0.6695628217715387,0.8524605682826495,0.6078735301204193,0.5578836479711908,-0.2314871744092638,0.9,1.931072041434284,2.7041233592583684,0.4320399597421323,0.33968879588096046]],[-64965154.676004805,-64965152.13012016,[7.685317692403322,0.0,3.141592653589793,-2.0102046516861103,0.45587271743050495,0.8001311465567325,0.8794542265781919,1.0,-0.022203415705083565,0.1,3.441468956934248,5.7465841938421915,0.5042772549653799,0.36882770321014546]],[-65240842.744512536,-65240842.34579021,[8.113432642416896,0.5492316777026214,2.5368568441904524,3.5553252179678996,0.6295162479965866,0.5535131232358433,0.8487464429047817,0.561106781237261,-1.970235057127426,0.9,1.315231484002262,5.235560678169282,0.5006214143294264,0.61792918777388]],[-71485593.23844694,-71485582.4032247,[5.109579522520425,0.0,0.0,-3.9057998309859983,0.01742419872182638,0.5235450955669178,0.8251931868920823,0.14827770912542093,1.6784681261823926,0.3248531262938347,0.0,1.3699331168895075,0.6972403401472442,0.5566450891395542]],[-80050361.74427891,-80050361.7412678,[9.216150406074675,0.39736676485314526,0.28230932258957075,-0.6739879327291809,0.9274876119560772,0.6214003245229651,0.10904377586865788,0.5037712734733993,-0.09237020884577564,0.5091298306357888,5.00302738963808,3.42106799189591,0.3390218122177015,0.460168257258581]],[-80779409.22144684,-80779408.98779714,[6.491320871016896,0.8567914875205127,3.141592653589793,2.627655357885444,0.6829847365643201,0.6430917724280985,0.7472229904358381,0.3423372761252352,0.24078879293236516,0.7262803472117123,4.146168260720934,3.0356638624228096,0.25889229845151673,0.6533526365222546]],[-90131829.2620621,-90131828.38027585,[7.259611427316116,0.0,3.141592653589793,-0.6732005101017235,0.013144111261503666,0.7205735957966569,0.16788270420985424,0.7665008335538044,-0.1986974606230898,0.42390937250926364,2.9194358462748484,5.734254169860125,0.4074955193086913,0.4028529090328792]],[-92112245.31520846,-92112245.31450331,[9.6452731289047,0.654279351626747,1.205749215702822,-1.0197807140541735,0.4406496334061369,0.8995358197826687,0.7166837088630593,0.6117032968926229,-0.7762830001127539,0.5937030629246501,2.436284097834281,3.943338572349434,0.297600001546933,0.3808104721351465]],[-97830617.21219516,-97830615.00012916,[0.0,0.1044231244644287,3.141592653589793,-0.9169178197862213,0.3179128711446803,0.26757072689059164,0.6565232468124707,0.2859584936813757,0.1493529875080089,0.2712007388923867,4.791815048607834,7.331310560661809,0.5528081028498413,0.5016567713047407]],[-116378585.09467693,-116378584.88292408,[2.1873600403813978,0.0,0.2807365387263454,0.23603482058871514,0.9302201716847733,0.9189699721466791,0.4777847069748953,0.30736129692842185,-1.4130987508925266,0.787342365521747,9.0,3.5834717666572793,0.5234352464288731,0.46220153879664305]],[-116729880.79276977,-116729859.5806284,[2.930358358174042,0.36616516363276447,3.141592653589793,0.15572340814910748,0.059781019233278165,0.8553527951214682,0.27354642966509934,0.4085846495995068,2.559572935613248,0.1698602228649932,4.4012240354716505,3.576885135582096,0.5612073147850957,0.46410195296434925]],[-117639615.74323176,-117639615.7232647,[2.1939456834766653,0.8034068971797386,3.141592653589793,-0.6913786981742516,0.6229236405512775,0.8271800614772167,0.32455271089588184,0.583758912704427,-0.01089921874766503,0.2451472744238048,3.525157190476575,6.124778877883868,0.36235973261274657,0.763532664198106]],[-129993054.99585176,-129993028.14769721,[0.6398431547566075,1.0,1.944040615972319,0.19919895096861961,0.7078568256087364,0.4969426194836606,0.4295594674384707,0.11046660636921601,1.0602349948053151,0.5545767049384416,4.933616699780704,2.9830585773093166,0.44580579141896337,0.51693939177054]],[-135145988.74364847,-135145988.74359477,[3.0923519262874732,0.3489390708765615,1.8224526203303295,-1.3772432667406698,0.2814724768471163,1.0,0.3157758187252474,0.6613937358560427,0.9698924124035543,0.4296417408520775,4.25873298394253,5.035033175383314,0.4511587862751306,0.46134450589303777]],[-142359825.13617018,-142359823.82573795,[3.4363209593128,0.0,2.3172756464298114,-1.791575428076083,0.2337396115864886,0.8578957572012296,0.3105725576428955,0.6969196484435465,1.2566390697669207,0.25253156923621356,0.6345112888733788,5.751903027084813,0.45464202602977816,0.581203150999224]],[-151676052.78274566,-151676051.11767948,[5.723621383460393,0.0,1.8656378440903905,0.1955781858468597,0.2510777990442443,0.9031280041767867,0.5676799098948709,0.8373072052153175,2.290298262120481,0.698743931629862,0.0,2.5724264703007513,0.34589181677965747,0.6203996906465864]],[-167111710.93403283,-167111709.72745097,[0.9882478485716542,1.0,3.141592653589793,-1.657222048257958,0.626635149568034,1.0,0.9298975559859134,0.4990441080158659,-0.7464620930359485,0.7743640622219566,4.739803822847495,1.0997782010765604,0.40848918655798916,0.5673102314030112]],[-207464675.56164512,-207464675.56129527,[2.845351857255671,0.4652309252371121,2.1619242861259194,-2.4334646598281364,0.013952500178728788,0.966210767374944,0.35147962018183465,0.5799974718353145,-0.23889425929381575,0.1214076586882552,4.34515900361074,6.619838911381924,0.6161495379317418,0.34880641063876294]],[-208253942.63134265,-208253940.10216433,[0.0,1.0,0.0,-0.7999791835858331,0.23982294569754686,0.3896969215946151,0.5052792440410808,0.22252369057527005,0.13598683311842039,0.5476503936706626,6.39703597496687,2.6179894865304956,0.4893338621711757,0.6516602890262176]],[-224742979.90422672,-224742976.86506742,[0.0,0.0,1.7140227234949534,-0.2910924598902612,0.7109371721334793,0.4343425016725041,0.226756600713043,0.42883536179655,0.4574017500675309,0.6313426061726981,0.0,5.749536629015288,0.47608990394397366,0.5955359586767158]],[-402821020.29879934,-402821002.02713037,[0.0,1.0,1.8003403588673885,-0.6483137611585864,0.3176338390358808,0.8795914320227394,0.20567910093966307,0.20317841974577328,1.5103603339969014,0.800009240980549,3.201682712682784,3.956221498031217,0.5275817196234617,0.4849745525539138]]],[4.705687172883928,0.23729646697383158,1.3895577965917116,0.20358164912998833,0.5658109418079639,0.39365540523387804,0.4668590242332867,0.48761195346125646,-0.2679270818651974,0.3296993106268299,4.833513520735136,3.9345082497649284,0.5414983241646041,0.4403372492606428],[22.703621049352314,3.597871245290101,9.24568748919679,9.31367904355912,0.25505204081634786,0.23707877789780346,0.26014253273594284,0.24927670806987795,8.734332728021247,0.2544870830236091,17.218678127672188,15.815070905108835,0.039604861035445985,0.04096233104952882],[[22.703621049352314,-0.0019555478793827283,0.12850694384934372,-0.03304735853487576,-0.019246564484911327,0.0140753013228422,0.00013770305500740128,-0.05362608799100726,0.2671908391814,0.027734880639118473,-0.05307856763405504,-0.2689286558668711,-0.0058686878034539544,0.017686360092041605],[-0.0019555478793827283,3.597871245290101,0.014733140256691913,-0.0009260654929297684,-0.0035790335866773206,0.030911943910493317,0.002069496898446256,0.01862064867898136,-0.0030718557153922334,0.034201442944600716,-0.26052565041809056,0.11577037195956023,-0.009514055968868389,0.015310770325615473],[0.12850694384934372,0.014733140256691913,9.24568748919679,0.026621575680086107,-0.019474728384552626,-0.0032350656179324826,-0.03768468202734688,-0.0018110684560288873,-0.02804148847973017,0.020064247234558866,-0.10338629636661012,-0.39421944783823487,-0.01958568519551169,0.0051839699888052565],[-0.03304735853487576,-0.0009260654929297684,0.026621575680086107,9.31367904355912,0.09424365387826518,0.04012096676844235,-0.1490579335574103,-0.042959385641967,-0.3360462488440939,0.01839034312674505,-0.48500625909284995,-0.040235382664398196,-0.015794471777731748,-0.022002207299325633],[-0.019246564484911327,-0.0035790335866773206,-0.019474728384552626,0.09424365387826518,0.25505204081634786,-0.0008228984976440877,-0.00703420477861598,-0.0029199165068387336,-0.011501012948796595,-0.01225471476395119,0.11338476618584012,0.043275888649203516,0.002048501312086615,-0.002494352879210173],[0.0140753013228422,0.030911943910493317,-0.0032350656179324826,0.04012096676844235,-0.0008228984976440877,0.23707877789780346,-0.005996088845832268,-0.0006353952066366156,-0.00027096767460163887,0.013990020810829638,-0.10058843525982714,0.035720404837568075,-0.002929636664576487,0.005983672803498813],[0.00013770305500740128,0.002069496898446256,-0.03768468202734688,-0.1490579335574103,-0.00703420477861598,-0.005996088845832268,0.26014253273594284,0.007992973025026535,0.054104657183313996,0.003049479804972926,0.06338034899302904,0.021040537558125988,0.00030826443737447815,0.0001182774830477071],[-0.05362608799100726,0.01862064867898136,-0.0018110684560288873,-0.042959385641967,-0.0029199165068387336,-0.0006353952066366156,0.007992973025026535,0.24927670806987795,-0.061997916799855654,0.007773803784443766,-0.08298229761969873,-0.05759603720906632,-0.0025522164449199385,-0.00010425385636177311],[0.2671908391814,-0.0030718557153922334,-0.02804148847973017,-0.3360462488440939,-0.011501012948796595,-0.00027096767460163887,0.054104657183313996,-0.061997916799855654,8.734332728021247,0.002359763463862361,0.007373855297956006,0.12837496490098385,0.003418776954634738,0.014148825057012815],[0.027734880639118473,0.034201442944600716,0.020064247234558866,0.01839034312674505,-0.01225471476395119,0.013990020810829638,0.003049479804972926,0.007773803784443766,0.002359763463862361,0.2544870830236091,-0.1855147611693419,-0.04112920895016255,-0.009524963743176455,0.005030156033424027],[-0.05307856763405504,-0.26052565041809056,-0.10338629636661012,-0.48500625909284995,0.11338476618584012,-0.10058843525982714,0.06338034899302904,-0.08298229761969873,0.007373855297956006,-0.1855147611693419,17.218678127672188,0.36216875207110144,0.05903407285550807,-0.04969207897420541],[-0.2689286558668711,0.11577037195956023,-0.39421944783823487,-0.040235382664398196,0.043275888649203516,0.035720404837568075,0.021040537558125988,-0.05759603720906632,0.12837496490098385,-0.04112920895016255,0.36216875207110144,15.815070905108835,0.02682958773590991,0.0361712840649045],[-0.0058686878034539544,-0.009514055968868389,-0.01958568519551169,-0.015794471777731748,0.002048501312086615,-0.002929636664576487,0.00030826443737447815,-0.0025522164449199385,0.003418776954634738,-0.009524963743176455,0.05903407285550807,0.02682958773590991,0.039604861035445985,-0.00023609606940574042],[0.017686360092041605,0.015310770325615473,0.0051839699888052565,-0.022002207299325633,-0.002494352879210173,0.005983672803498813,0.0001182774830477071,-0.00010425385636177311,0.014148825057012815,0.005030156033424027,-0.04969207897420541,0.0361712840649045,-0.00023609606940574042,0.04096233104952882]],0.5502329598772765,[[-1.6786276627543295],[-1.4983425016236467],[-1.0337028573886082],[1.1611379334274472],[0.37535593848648535],[-0.6065416186852419],[-0.1890211827931509],[-0.07065583179363664],[-1.5281352689483416],[-0.9713183450723114],[4.7539852982145225],[-0.3735354136754316],[0.2366877297983972],[-0.34028942879748714]],[[-0.4458547894878171],[-0.9949245974326435],[-0.4369733075531884],[0.5140100654455255],[0.9969706007483244],[-1.611015305626393],[-0.5020529658417314],[-0.1876666381081133],[-0.6764716636921696],[-2.579886807996983],[1.578363059147485],[-0.12401689556131042],[1.5716462960353643],[-2.259578985379166]],1,100,44162967.713229984,44162969.8344779,[4.784609134891583,0.0,1.407450272043653,-1.9288468700082972,0.722865613022326,0.23663755764124145,0.8948010439298304,0.4430291486988641,0.48040663982425147,0.1,9.0,2.9556058572657062,0.5848924925809739,0.3649435479348163]]
