["generation","mean","variance","covariance","_sigma","_p_c","_p_sigma","iteration","num_evaluations","best_score","best_evaluation","best_solution"]
[[[-22729038.42381292,-22729036.610570014,[4.478484885152002,0.0,0.0,-1.525481808735244,0.3780276097493206,0.10172329154877019,0.3509767390929478,0.34644707927670626,0.32719107919114876,0.1429480537619685,1.902880761585465,0.0,0.5183929743574844,0.32120334768873976]],[-32007210.917767055,-32007210.691382945,[0.8502906131914392,0.9829996109739277,2.0695649427619762,-0.028988223801076553,0.5289586246411392,0.0,0.17598736179230323,0.9366223544469674,-0.22758095621561114,0.3620086543076708,4.3504581039414925,3.41076670789418,0.5784289168081156,0.3675547430809316]],[-38452547.905113034,-38452546.27827966,[5.275476087325656,0.0,1.5636668267157312,-0.35282417265161425,0.37882071750022667,0.0,0.4122774784880774,0.4049618738847253,1.6670683726335676,0.3552881559910625,2.8578590972796567,1.7779787637539197,0.42575894028792954,0.38992416558112475]],[-38651714.096459694,-38651705.627883255,[5.556894836929073,1.0,3.141592653589793,0.321428741929623,0.32599813707479247,0.0075029003762963065,0.6028022344878209,0.976259241502416,-0.509976042298203,0.29045048217353864,4.248045064094056,3.4169333324020883,0.620790517954624,0.45747605018716025]],[-39961962.08215306,-39961940.1538682,[8.591169677832887,0.8228400735108636,0.37810442766908303,0.888553552023634,0.23839655203356164,0.2847126940589223,0.29523747000666944,0.40271664152505793,1.5804158731396198,0.11247078688936002,4.673059600011846,6.408305256621066,0.6158508138703966,0.4066570901418959]],[-41273975.153077915,-41273972.41532093,[8.314214717650872,0.35279507816233013,0.0,-1.5411014101677565,0.385049271259435,0.0713381303253452,0.3017812624054894,0.39208095589428066,0.36277047245469396,0.3096172621671084,0.22072166174292418,3.7186047250878516,0.34293710907713043,0.4066075106031824]],[-42293223.21745328,-42293219.58220482,[8.474509626073747,0.0,2.0673222713000907,3.1472682915353136,0.28892634195125855,0.025069886590416146,0.46622027946809574,0.625655887660961,-1.920378400958339,0.5801062774568564,6.455634882484427,4.579878051363432,0.4461013689358308,0.3556297587551902]],[-49766885.15841582,-49766884.890013695,[5.160474671005235,1.0,1.8350182359120712,-1.5258985124325626,0.4718778123059897,0.35234839489520664,0.2848934155416598,0.4508728293919492,0.23080913730974506,0.3229609043336758,2.069061429149313,4.884183553793392,0.5373631755940439,0.4419833009656722]],[-50377599.940507315,-50377599.72119522,[6.439457279460543,0.0,0.33202290462140316,-0.7213750938176996,0.03519949465316641,0.15756082942184108,0.469891331993571,0.8889472147641813,-0.8506768194840304,0.44093952976385864,3.6638787313513292,3.9725445053566615,0.5149067983939154,0.4949504584579331]],[-53757871.8877218,-53757871.19732249,[6.239505853111956,0.0,2.280354774187086,2.78650140038389,0.5291733502998901,0.2692508853149931,0.5363664917022778,0.5688394661380457,-1.5837954430752592,0.4950668348379143,4.769952741685282,5.247063946441862,0.3575440201880926,0.4409495114075569]],[-54378216.871125184,-54378172.638813496,[7.6570241002648745,0.4395751726978604,2.4440384992734154,0.9693662615140335,0.8035306339925792,0.6266353196374599,0.6093741081285454,0.13238158064614397,-3.058948282016426,0.4802837695605447,5.037464931788074,3.699745623510791,0.662971524001354,0.28979275974722113]],[-57345759.33491978,-57345719.29596251,[3.3967957099826114,0.5442727226660048,0.08186545934968681,-1.0522090079886595,0.8015949460451472,0.21763770600533666,0.19982694609693663,0.20519543791301642,0.8546136334187234,0.5938335121079992,6.262059008555919,0.2363925060378116,0.4494996087006059,0.4139421801314691]],[-59077709.14897443,-59077708.48358798,[6.4728558138401695,0.47779648943088787,0.0,3.11091216645299,0.5272559437681081,0.15189921680879098,0.5216301169642035,0.8282885613848472,0.8093563555552057,0.6587971687438859,0.4836588339763752,0.05029910590242581,0.5913577708412723,0.46852585886826625]],[-59132438.68347173,-59132426.14640319,[4.930164893508851,1.0,1.1331579351770396,1.1028920608352129,0.5410693040207899,0.46226422458163957,1.0,0.2874946192250918,0.2957525944598488,0.15885346102396125,3.250517250637849,3.3286828387077914,0.5312786197158641,0.5060175182339584]],[-60967596.309643865,-60967589.89718068,[4.347300398276348,0.7050994387632391,1.7283823096107613,0.52807545357948,0.5273589668495358,0.017072401904714263,0.9762580812521957,0.23012055274712234,-0.078620982965177,0.1,2.2481326977444533,4.259187467168555,0.4669723717115279,0.6033250795063337]],[-62396031.565840445,-62396024.40722108,[7.555039816531394,0.0,0.0,-2.2223543526327108,0.33932345078699244,0.3476633379609966,0.7602444671134345,0.4137659069233537,-0.35997420453507323,0.3116293192475226,3.019593968303335,3.9064297392916325,0.5383697976766524,0.5446937349794346]],[-63183238.793782994,-63183237.99279308,[8.79705682303232,1.0,0.0,-1.9091422468978534,0.5697913359021068,0.44175838529482386,0.3487548552239263,0.37708736650122593,-0.11479280436577977,0.47770662253701784,4.326853048527798,2.786043336114389,0.47955790998234843,0.3632176806065781]],[-65111067.46725288,-65111066.4740721,[9.81689883327078,0.07679520905531334,0.0,1.3555142603480745,0.08878887177611189,0.46967946079475953,0.6968476531691872,0.5018702429387534,-0.16314229550931872,0.6614224912949515,4.5010047976060115,2.957731254133607,0.544334020334961,0.4168215502610697]],[-65140205.09576976,-65140205.09576976,[12.082285596529642,0.7513080930456808,0.9655584214635181,-0.49993954782311567,0.2691456512122169,0.5411177893840899,0.787941889635138,0.6623216348419525,1.4485805961404805,0.30647562598032974,6.371125236574904,2.235952937053559,0.608948558487653,0.30713820950862414]],[-65672307.21516053,-65672307.09351194,[4.019812310713718,0.21968174297935084,3.141592653589793,1.2266550275616916,0.6733815136849428,0.977201007236949,0.24233283407362788,0.4913426958533778,0.17355625931377378,0.28914087667434274,2.1231302466748163,5.840127408963422,0.3932287724403318,0.37084992359048263]],[-66715417.61038855,-66715401.46960604,[3.5257601224741233,1.0,0.38554802889552,-0.5893773937431634,0.7538935202313437,0.402718168094811,0.6206673377391415,0.0,1.3596107799481116,0.6522704360467899,3.9116375089766455,2.8744710539670173,0.4408126489591838,0.4171804318830528]],[-67669987.8647703,-67669980.76137292,[10.796627759446547,0.880193492742916,3.141592653589793,-1.3969257327612232,0.4279084664144022,0.39679901825859504,0.5736408380821669,0.9416736738937435,0.8992680042615924,0.6636261524295755,5.236235133905173,1.678288491329837,0.32503525395401517,0.389569801667281]],[-67773834.92106654,-67773834.8978135,[6.36933209343002,0.0,3.141592653589793,-0.744523952483484,0.37958748606930975,0.31386526550396154,0.6395428012819331,0.6769519020417635,0.9122728023205464,0.20374148462547947,5.92693920151542,1.8466633209809347,0.3046832723459951,0.532268973780415]],[-69248084.68816836,-69248083.46311891,[6.013698229826416,0.0,1.093305705118758,1.486964589787413,0.684650780080286,0.37822497554167983,0.5256255712744908,0.2726015203245009,-1.348595970632596,0.6104130497862357,5.061654989850558,0.7256300921386205,0.6383834632411278,0.5170320059124793]],[-71292127.64268334,-71292117.19454151,[3.9478776149441797,0.19704290044147887,3.141592653589793,-1.3726733488361949,0.3703974982180702,0.04314003347227019,0.40086663006342815,1.0,-0.9295458997895276,0.5847503736516864,4.306848884391045,4.789716398356232,0.5944980704862661,0.586440642757881]],[-71938056.52327982,-71938055.06655765,[2.8108864292380527,1.0,3.141592653589793,-2.970738777051152,0.8564152582966726,0.4994423540386217,0.711416586812537,0.45242727693944135,1.473593707661452,0.12882407996677275,4.254296679702314,5.50236331948498,0.42364439448720614,0.5011622899879795]],[-72070010.4486973,-72070010.44737393,[4.0369406494614175,0.16708454099564984,2.8177182614409126,-0.46912462406545014,0.15726556096817113,0.10103745541234893,0.6994817429800291,0.662337150301637,-0.7890116544929537,0.7423128927046239,3.4683823947196135,3.970127554959377,0.6795847717563597,0.5119509332334127]],[-74830369.68741216,-74830365.93474054,[2.573795087842685,1.0,3.141592653589793,-2.245155593233804,0.9374157744057938,0.0,0.3989715387902044,0.23620258474467648,0.1322497583729322,0.8426946779287301,7.2895714860295175,6.796649530898096,0.37196647877164846,0.4774220277138498]],[-75380194.08554775,-75380169.13172293,[1.4950117682669353,0.1976287544298651,3.141592653589793,-0.8862476216615893,0.3509142801909596,0.4994991322139179,0.7753108840109757,0.18061101150891556,-2.68799131298371,0.2187876486640789,6.994593501879145,4.28672036723949,0.43323330974458946,0.4104611046796066]],[-76241183.4760381,-76241153.7040118,[3.577462417127116,0.31719829899158364,0.0,0.6706566514055754,0.38640470243119074,0.341592943265086,0.6769990337352292,0.061158194921347886,1.5403764850396093,0.7519386523495741,5.008127065045487,4.427621391991515,0.5139366147888875,0.44545537429669974]],[-77252110.40050331,-77252109.87607694,[8.25819819388366,0.0,0.0,1.130896256875284,0.46165341149753214,0.44313753293490643,0.32720010771343955,0.5638210261985824,2.0438631931904574,0.7312421634110885,2.9754152649428836,1.7723548304165986,0.4675730148507718,0.474207986795148]],[-77749960.40745799,-77749957.69867426,[4.111855167361265,0.0,0.0,0.8902764570594205,0.6746255605720879,0.15464284689501473,0.6514819956379947,0.489136786159099,-0.8095907546129466,0.586517552629863,4.57465775813042,6.393234200234923,0.3094595847044742,0.5549349046684496]],[-80372255.13254693,-80372254.65768051,[5.453540086258214,0.0,0.0,0.6783382308537838,0.26914855929144765,0.38883714611482983,0.48091909835820107,0.7225261278040288,1.7464296565514346,0.7233772482085165,0.3663276245038598,6.297032472253154,0.5688440406682933,0.48323138941062055]],[-82270621.4812393,-82270618.47967052,[8.964512688066987,1.0,3.141592653589793,1.5536389531308554,0.6160359267905469,0.6922782668324403,0.4628234112117496,0.7294313686717104,-3.190607332204234,0.45584800508872947,3.727510766974196,0.8406409550309708,0.6002979518333245,0.5919670448886216]],[-82831815.04907402,-82831814.93611419,[8.016280041143611,0.0,0.015741614926346736,-1.0644077259255518,0.5252330338633683,0.46181304605358137,0.4789240272187076,0.4599531258994771,-2.0274870802275355,0.48802911112015734,3.1685123289505888,4.9116727650297,0.43407530957416063,0.518562138949856]],[-85499107.97567956,-85499071.731336,[8.641900273476423,0.0,1.6370327976792225,-0.027114592873515225,0.47612159577834723,0.22770058338720128,0.5214702927736674,0.09199644285250191,1.5783969188039992,0.4238173725109263,5.872357869148178,4.773940175551841,0.46819722852656676,0.6989627030814142]],[-86682486.43462305,-86682486.06465471,[2.3031533278861667,0.0,0.3656491450276378,-0.8786223382285911,0.5842640437310472,0.320260885995638,0.6100671108910227,0.377821336077944,1.5533555328389674,0.6818464080929587,6.613338636381376,5.36311988578019,0.5524213705011923,0.4986332553979566]],[-87413057.0449306,-87413054.61416179,[6.523578505203709,0.0,0.0,0.05960317255148922,0.36933506060077376,0.2631051456353496,0.5545667183651959,1.0,2.3886400056942247,0.6986210969055422,4.968806069362609,5.519029901928696,0.46441686009898164,0.6164692609862317]],[-89555725.25217104,-89555725.25217104,[3.1366444607091815,0.8747032835378732,0.0756795978737761,1.5257645882155293,0.5500111850981064,0.7475658955147071,0.570725899016933,0.7494303883092716,-0.8891570330564242,0.7546989407340781,3.368458482137091,3.686034065735227,0.6001884765186768,0.4151245963876722]],[-92546644.26282729,-92546644.17367601,[4.463072644491883,1.0,0.15183735021513778,0.8789492486184112,0.5363046484193053,0.5223712580185759,0.5187216203763455,0.636065277052342,-1.2887787120861436,0.9,3.0167370195290295,3.336943250505021,0.39592352502840933,0.40147868905019696]],[-92681118.57405762,-92681118.51104975,[6.534066098822771,0.37956033962111224,1.9494425207958037,-0.7634702439044949,0.6559555831157922,0.6643380022351669,0.744491988899407,0.47457598071240636,-0.8763516537624884,0.5337108432488501,4.243348040316912,3.7932562978106454,0.5752556270495369,0.26651207592819093]],[-93903441.46205026,-93903428.2709049,[3.5490083897331175,0.0,3.141592653589793,2.934357502331757,0.27575294290447283,0.328092223329697,0.4867505816103993,0.13507918252850104,-1.3826663511554624,0.8195335325718716,2.3735900553738274,3.215345036375276,0.706340713300309,0.575808244944539]],[-94360925.05061112,-94360871.61130261,[3.2164628360186804,1.0,0.5978696841279143,0.611709111315716,0.4261489111860882,0.1817665498218809,0.6606805156229378,0.02097371155313721,0.26482041737148804,0.815959965596894,5.676499094707142,4.557389487224983,0.5223637463759095,0.6118372970108158]],[-97621943.08804265,-97621902.66439295,[5.27895093007646,0.35199718504155775,1.8889338981651937,-0.04723698266371423,0.25459690514802635,0.540632596198682,0.5272264421486966,0.17918344367951372,0.7662879771587696,0.5670588181750815,7.2756396322769525,3.460339932621568,0.3458469706203127,0.4309776889461225]],[-98894667.88245867,-98894667.55847788,[4.9291416686467375,1.0,3.141592653589793,2.078315277461223,0.8954294911530265,0.8526302410083557,0.5481057467439194,0.7354693422627976,0.815056087619223,0.7444112308620902,1.477831707923683,5.446729577090494,0.6178469819015555,0.5427389392016525]],[-99189063.01387747,-99189046.202559,[9.11510969287593,0.0,2.8803242021864044,-0.5372020273459116,0.542498942205994,0.24265831741310462,0.0,0.3239087405910664,0.158168837862796,0.8698438501393768,4.05801136753261,5.7048689516418705,0.5731771963423786,0.6369006510169247]],[-100384592.99272007,-100384591.55521345,[2.5355727038819706,1.0,1.092915628329464,-0.3641217162960202,0.4968947841594701,0.6545474813595779,0.6845435417411903,0.5529081207953233,0.21646811720250475,0.2788811661840208,4.182458696580416,4.374349996350981,0.5247883760482047,0.46259661648860073]],[-100488179.40112416,-100488177.8629514,[5.806774416111703,1.0,1.6631863148397215,-1.667081345953618,0.375577854584546,0.5477438362091199,0.5588890855637004,0.5344537686886041,-0.5453744153825082,0.7528917158388455,4.083222132660261,4.118909446501895,0.4796932231402375,0.48214002583161114]],[-100532546.89378348,-100532546.6156553,[8.280079306201351,0.760830036963053,2.7008871132450736,0.7071110465289294,0.18517426939668236,0.5160653464543828,0.263554989374685,0.7256118591801032,1.903335711675961,0.4770898358272936,2.521132883637292,3.060932621348877,0.32430464466533204,0.5594807391397442]],[-101862697.65817448,-101862697.24169397,[4.234197205065275,0.0,0.0,-1.1793331675306615,0.8150180760549237,0.4723693096914083,0.5064322790692162,0.9255246545663871,0.05315617539084176,0.8304125923648964,2.211633602350791,4.547669538790569,0.47027984734632355,0.46608586552712256]],[-103707514.57922113,-103707514.5450331,[5.061798035467797,0.41549841609825666,3.141592653589793,0.726674754735029,0.850249225731716,0.44955818353020244,0.23561178492941082,0.5211637716471978,0.739776018022879,0.545124170576955,5.838436249017546,1.4983336570566812,0.6056347571348258,0.703910566117582]],[-103749836.2012012,-103749835.6148805,[7.691964860289545,0.09407562008399561,0.2016289204094095,3.357598290147169,0.9559003346957551,0.74406726617598,0.0,1.0,-0.14472046939692226,0.48982670026430014,3.1826756180066034,1.0049585579374476,0.5585952384107283,0.6842101013368059]],[-106947050.72762859,-106947028.03111005,[5.891967586075721,0.0,0.0,0.10353193722023096,0.0,0.601459397905118,0.0,0.814909541212758,2.731493563437568,0.5447774575001565,4.269945345860688,4.191689416121775,0.5984982125328828,0.3009236075330244]],[-107263107.77247316,-107263086.10505581,[6.847542304308182,1.0,0.2577116945808229,-2.5463664152035452,0.41350071122293397,0.4680691168577028,0.43531993085711407,0.788565529015367,-2.4607917143621543,0.6374193812763028,4.19000689518025,4.6270863827506465,0.49742379066525455,0.603500451094198]],[-107317152.58531234,-107317152.58396691,[0.4225666547645508,0.7119887084421249,0.6023580209111583,-1.153989720506203,0.2194578440641397,0.12311279698686373,0.7597082745344077,0.6670406813517703,0.7297290182108621,0.7334906231731176,6.172111107004122,7.131732425398555,0.2839926420585237,0.5835797942071912]],[-107472518.26553394,-107472493.22900295,[4.835645543496541,1.0,0.11009085838934207,-0.911218480686153,0.5296289867757876,0.6214529949110199,0.7548375002270283,0.2996893844098928,1.9632019508778302,0.3205471201934836,5.633079068770863,5.7352275310096825,0.6122208226976892,0.437384145742783]],[-108583703.01659249,-108583702.25625706,[2.3155648022121382,0.020040371382923694,3.141592653589793,-2.099146752628251,0.4818960993384789,0.569091428131693,0.5592639625054849,0.3242544993711043,1.2208934007331933,0.594672343959741,7.042931426246362,4.7716411612956655,0.46386654107846853,0.3876581575164925]],[-109105736.97442724,-109105734.31550312,[3.02232480875996,0.04919064222411473,3.141592653589793,-0.9306637852684272,0.3710697535877153,0.6734045476278804,0.412384867666728,0.3813223900645587,-0.47512191360217615,0.1,5.312533697349261,4.408222024713249,0.40834167375972064,0.4612703002006499]],[-109938551.8634086,-109938551.40032089,[3.7358112778220436,0.0,2.9276263491790164,-3.3725801474230352,0.5627353213754152,0.5668072225897101,0.559519284592667,0.48570135073820003,-1.966985376575709,0.5019284578573796,3.4384288748452927,5.269425658460451,0.5941430665227531,0.5937077393976018]],[-110105161.07305577,-110105160.69053864,[4.578448084154244,1.0,2.027008302323444,0.6447063078384389,0.4714342896083151,0.556631020541089,0.6578135174625985,0.5485019300791772,0.7574234363467968,0.7817910650013065,2.5449236122626724,4.847760413767845,0.4860375207989739,0.43468541857975296]],[-114295636.01119462,-114295635.8517462,[4.10912482507645,1.0,2.4331174390018093,-1.7487960486037069,0.3443007094571553,0.54840969782486,0.7281652880004656,0.7795954389214583,0.972542299470309,0.6790779420563862,6.513991845413776,5.533428381219071,0.44201776173540763,0.5422809650151794]],[-116955199.25094612,-116955191.87133563,[4.469991437133695,0.2711168772097401,1.2714541622682909,-0.19515737809768985,0.7309936486448703,0.6330859259748784,0.5469548667827212,0.3091492024347219,2.893376334125702,0.4923282232489832,2.694698640920172,0.4225544519108375,0.5876125184572756,0.4930079511876852]],[-119666745.57489346,-119666724.28827202,[4.770245069780572,1.0,3.141592653589793,-0.2591284184545546,0.18098125844981766,0.6536288799399177,0.6198074785175541,0.5190502590315191,-3.3676845122053893,0.3408370113565925,3.105065124391953,4.239541572672264,0.6814578868285482,0.45310456748698824]],[-119704602.10320479,-119704601.604972,[7.872157636954448,0.0,3.141592653589793,0.7060557515139153,0.42384257755587534,0.6074278509590924,0.4352916507267923,0.6178848661134847,-1.9399881223758064,0.5659936592969633,4.731757146690607,0.48325486054092304,0.4840654232993148,0.5679984741639845]],[-121446622.49707818,-121446622.32091844,[2.8741467782213492,0.592430890408722,2.0295818644701407,1.9171506971579055,0.7131047591924817,0.3858157304097215,0.6416701032694794,0.9266839499176163,0.45562593692335784,0.9,3.7755822620453077,3.2624801376769974,0.8131745981984342,0.6113761692577875]],[-124416798.18044238,-124416796.95187473,[4.315093559259033,0.0,0.0,-2.3337074340757766,0.7618382055169284,0.6173206619891735,0.4142646507752109,0.5855341920385362,1.8346568293336083,0.1,4.054047044386556,3.7676588192736635,0.4033572349850237,0.5922754427846133]],[-126933330.36677274,-126933330.12617671,[3.456774378672983,0.7010281701815924,0.3391940012850052,-0.2693771289427433,0.32480213270369707,0.7738457903525803,0.7180217483676549,0.8808710053788609,1.39412924783033,0.1,7.344097885292582,2.13154311387145,0.3974829850841625,0.3333771871255913]],[-127449309.43809569,-127449309.43301892,[9.201394085457899,0.551659479605948,3.141592653589793,0.06951522118487707,0.24901033747513562,0.6617814343822463,0.5852528769550148,0.6052482977526135,-1.0070990879554398,0.8739717518018586,2.807817256813198,1.714425988160778,0.42920899091027326,0.315698102946368]],[-132567739.41002928,-132567738.89315021,[4.954199818020805,0.0,0.057533102230855615,-2.419089222699758,0.5306314555536438,0.4738520468158044,0.5355882501245898,0.5843394009800223,-1.9187523326084872,0.45172759586744243,5.583254118959655,4.466210795849935,0.327990984097161,0.7256327685133328]],[-137993691.99792287,-137993663.15442574,[0.6906029372485873,0.0,0.9596296186246905,0.9596807581241307,0.7119912979411962,0.3265532574918073,1.0,0.0,1.005241971173917,0.9,5.135315053698413,5.165619996629791,0.28081961546132983,0.44307826291264524]],[-140284217.64585975,-140284213.47437584,[5.729421390808817,0.0,3.141592653589793,-0.3622567257833505,0.46435710444239414,0.6526572614372976,0.6404932629030631,0.40949372968672204,-2.9417390137184287,0.9,3.4913085645864896,1.76594149757591,0.586153714666764,0.513091495614151]],[-142149449.16517395,-142149449.10055244,[9.63304429352267,0.15265638267189852,3.141592653589793,-0.633720769979901,0.22922230389342663,0.597507876862506,0.47819542138252275,0.671062458177506,-0.9553364652158758,0.544562882333553,3.5919171223712434,2.984150230517467,0.6050227446721477,0.6894081659522494]],[-142239295.5630745,-142239295.55030715,[2.997821356153616,1.0,2.147820150746795,-0.8824209368430687,0.6880695609632637,0.6853236738148044,0.5178230390323377,0.5328054605808437,2.538635043917194,0.15561628549875356,3.9937601011173194,5.660750337484208,0.5737292105021717,0.45830006388666156]],[-142606837.60535458,-142606818.04023302,[5.46495121320674,1.0,2.16910171340195,-2.3153626064267367,0.4337838754057508,0.7177811832007822,0.35207202050920333,0.2522668076049208,1.4924302321820244,0.537362959461658,4.388417258308412,7.406952251862956,0.538120443815007,0.5193094415520424]],[-143821801.21522307,-143821780.24669242,[2.6259098751640946,0.6255036736786077,3.061639908610201,-0.8795309377452264,0.6733627369432966,0.6754537341343969,0.366875189867094,0.6074940865673067,3.4357682366333293,0.2761657328264236,4.485488715637175,4.966920344551986,0.4448055239133218,0.5415199764708213]],[-146994420.74538493,-146994420.74538493,[7.0774243986388194,0.9631093722674922,0.5461841157323202,0.1499578262380986,0.6272311683996636,0.5204033243519391,0.41837350192399586,0.6161193571520591,-0.31664574832856857,0.7310197589103887,7.690710178627203,4.40855087445526,0.5406489105493189,0.7368757612316486]],[-147787435.13806862,-147787434.258492,[3.9313599592027746,0.8289386799859385,1.7531992858287302,-1.2173640743403737,0.6002053439008966,0.6860551425916138,0.6739215342237207,0.40434945774787606,-1.2864995937099022,0.30679431670811597,4.465398545459821,0.0,0.377088768400254,0.6347437661776983]],[-148364524.41444203,-148364522.676924,[7.4432045328180365,0.0,2.4745466669442067,-4.0,0.5303257107491665,0.5896080810873014,0.6864894073826865,0.7261931708498025,-1.0121481004181958,0.4953285959762615,8.813341136939862,3.5942590828051197,0.4404443603403385,0.48729286837377356]],[-157997262.2562107,-157997244.9834268,[3.8980004522557796,0.6254824470293391,0.0,0.26885052164295364,0.4222411968888525,0.5709149073922537,0.24635379592592427,0.38395944161823786,2.1720327143221696,0.5691003591638675,4.069208406934612,1.2298221129190372,0.32702094776281276,0.7776819834763682]],[-159665521.0525141,-159665518.8179716,[3.966040036468769,0.0,0.0,-0.4343114640548448,0.6967754878141714,0.8273482880912346,0.6097099885893067,0.6592853571510593,-0.9888704395776114,0.32678335928692187,0.0,2.807774699240967,0.5690048934910598,0.4967417984610855]],[-160554704.01207435,-160554703.341712,[0.9587041960920137,1.0,1.7821715009139947,0.4939795195202584,0.7267173015730851,0.61517049429881,0.7060280126842305,0.6740240952853453,-0.7056225462892171,0.9,2.853242455833343,2.601971347540881,0.6185164114661206,0.39215064569747604]],[-161178794.3832168,-161178793.3239299,[5.228801539264058,0.5434154849173608,2.729334899433306,-0.1162437203602521,0.3315586430938872,0.7787526013212597,0.41459525913566914,0.3460611456255601,0.8632554434305613,0.1,2.03546209926267,1.0793359764613935,0.5413703103074037,0.49260233836663164]],[-162018738.31761798,-162018737.9640659,[6.855268409796016,0.5112821692401156,3.141592653589793,-1.242893807586881,0.06669834015540277,0.650602205543624,0.5037960471621312,0.8002039383813966,0.29530656075932715,0.364373837665361,2.9724789594687273,7.1468859025425076,0.4103017623288266,0.30950600289296953]],[-167306439.9722187,-167306439.45520318,[4.781720708896563,0.8817720507148846,0.6014732210046895,-0.08104009683115519,0.06363756815931926,0.7765813118922626,0.22778138630624462,0.7532153391206987,-1.3142855400700393,0.5505013904805741,7.1032284878986545,2.768847399994768,0.4728621644461764,0.5140012934061253]],[-168661423.12200508,-168661421.62327957,[7.728328280848201,0.3801461601305648,0.0,0.3620603053143691,0.260061390980152,0.8320087228510633,0.5431220236276115,1.0,0.4551454627735926,0.3047704731241012,4.67346504012761,3.009446000475653,0.23377375920549898,0.3274796953142377]],[-174374531.35595614,-174374528.7581401,[7.21004729106401,1.0,1.3501157842283051,-3.4144617432854565,0.2798554110372451,0.5866008471043272,0.7641684193076357,0.17074313624509774,0.799527717830792,0.887744828560574,1.5713910516795573,0.46655533904951163,0.9014761189460234,0.7060424797527004]],[-182785170.60958132,-182785170.60817933,[8.015984726109737,0.6177609049520928,2.844429485511701,-0.03468800557906429,0.5080829991568093,0.8149046792605242,0.6610575004660992,0.48053232940642127,0.0835049166244161,0.48639508763556594,8.042424539323966,6.142209334942254,0.681455470272767,0.5862480387510624]],[-193981510.44672012,-193981509.86056674,[6.644897811622567,0.0,0.0,-0.2475148858948006,0.15991339464759097,0.6982574275510518,0.3728184601849017,0.7707024935403174,-0.7177759107032278,0.39150515489397053,3.626501578854447,2.7482649867606113,0.5036508384243014,0.7712101038891379]],[-197366374.0042787,-197366356.89557457,[4.867080259108945,0.0,1.8899834208771988,0.0630440421970177,0.8555441890745299,0.8044433497435266,0.38389500332225934,0.5145007763518961,0.651102923149282,0.7758141292552629,6.205571804375545,8.235675259511204,0.6225221602228598,0.40714859441401763]],[-199528467.54634988,-199528463.8826511,[5.708116426483918,0.5551994164911673,0.6466672493949905,-1.5687376812855969,0.4150778051353343,0.84735407171406,0.411079889126424,0.6351471471281381,0.26766480008299676,0.5585072223784393,1.9562866613331344,9.0,0.5890998686438628,0.5109742581909918]],[-203052125.3164888,-203052125.18985975,[8.489191095791588,0.4715081637414514,3.141592653589793,-0.032756405814663506,0.5755766763530435,0.8611227709184378,0.23457223509909647,0.2686364284258417,-0.2936293311811457,0.3099860308229311,2.314998209950671,5.798559086694262,0.40248307178170195,0.5870322207002814]],[-203063894.86091736,-203063892.09273684,[2.659802158908584,1.0,2.1108135898768,0.84352032554717,0.4416318353874484,0.836426537431636,0.32748641950539803,0.6968708062509247,0.3595749604295049,0.7013959115889241,4.950551612331418,6.358674318087068,0.4704868778854249,0.5653711283261641]],[-205780570.56967878,-205780569.31865656,[8.836104909837589,0.46688772545994295,0.0,-0.30021424725289175,0.6170473343603664,1.0,0.9352371628595211,0.3587692558485768,-1.6112562782966753,0.3187961006015686,3.1336670062653735,1.0172705061789737,0.6796353328948088,0.41960635574999877]],[-207295655.65497065,-207295655.65497065,[6.83187983324302,0.4064805144625919,1.4702731006550385,-1.0272869738089183,0.7064234759863519,0.9809398395340789,0.5227306646865371,0.640591504182625,0.16689080134873738,0.5807229116314256,2.6424634416669686,3.7127079989074705,0.3124433393456416,0.4286527587566939]],[-221279415.18662003,-221279415.02662325,[6.129574935140858,1.0,2.156259865573045,0.6121774983670036,0.5659426696570714,0.9087887099136043,0.6530406281805423,0.6179134910492553,-2.8951322569177993,0.6285746204250847,7.7344738191407245,4.826262922250956,0.38149667515557917,0.5584592124524923]],[-256434145.8772614,-256434145.6953969,[4.3525611131444695,0.0,2.9789507689154746,-0.5302534708192168,0.38348860939559365,1.0,0.6862280073919702,0.2333612037291013,-0.007569366963367153,0.540683936547082,2.46708770164584,3.6651691095041685,0.4804843678596494,0.5481366745238421]],[-259362192.92348927,-259362186.469841,[3.0942057917880845,1.0,3.141592653589793,-1.6425687950819152,0.587598128699073,0.9635937144071138,0.8548952307108791,0.5079766163215018,-1.740525176274906,0.6034677128140945,2.6257392029470017,4.5644645518612865,0.5283861406448465,0.6866803856373717]],[-260134546.3881658,-260134545.75444645,[0.25596669863456345,1.0,1.9918799607122828,-0.9345864186651999,0.18043612306108664,0.4760260608624988,0.5801353970228053,0.7409091537016116,-0.4280933596527988,0.72486415145253,3.233546788208388,1.3997311986922703,0.3525613710511688,0.5262861180367234]],[-265688925.79490405,-265688910.5844741,[0.67677697418421,0.0,2.68958831580301,-2.1977966488201046,0.6781715580858767,0.8079989286987768,0.2898785199375773,0.13779414436682008,-0.22621823753865433,0.6368530871901213,3.809237330212537,2.0525049462091998,0.4860487382010999,0.6313115233435735]],[-297903746.2158954,-297903716.3518021,[0.0,0.5268940435239641,3.141592653589793,2.0669194439368166,0.8494436415895787,0.6508378545850462,0.4198135014989345,0.08092087311796625,-0.9601532776575468,0.5370816751239477,3.6773831778315693,3.5397026941856446,0.5918458711125579,0.6124102478186905]]],[5.767300455916918,0.45843291666924374,1.2910342903224845,-0.033733622705725205,0.4299760747039428,0.20022837070579846,0.4555289464079475,0.5305153458742672,0.03426483822160717,0.36186825725697447,3.631446281451593,3.1336197692639938,0.5088502357131502,0.4125540003626678],[25.15601354252283,3.5964476671590218,9.313623625504494,8.970107694434944,0.23757713299546118,0.2823051174886342,0.24036404524708121,0.2534328779372559,8.518951919194265,0.24323222233401465,15.470790263025537,16.04242039656029,0.03925200895284336,0.04116090766909564],[[25.15601354252283,-0.11814302283728405,-0.41044920970130316,0.33606068502755376,-0.11244128264975746,-0.02628293819576848,0.058004301607915525,-0.03471807454533217,-0.022422947463293902,-0.024168892109652257,0.04639268298934331,0.1087779646415578,-0.006980242667152866,-0.0350141456334907],[-0.11814302283728405,3.5964476671590218,0.07354546294952384,-0.021497727211855878,0.012768712033352378,0.009679507318137567,-9.218289447130707e-05,0.012184651606421898,0.033013075055232516,-0.0012899705984464156,0.0604489586075953,0.13832509227871514,0.0073137448413695995,0.0034859551032606823],[-0.41044920970130316,0.07354546294952384,9.313623625504494,0.22514039683322876,0.03018517023878938,0.03993915163539694,0.02471820322500523,0.05779436309539642,-0.23912484774990964,0.030018140835108502,0.4342875236982321,0.502637164242489,0.0015012907486689423,0.016619207698425946],[0.33606068502755376,-0.021497727211855878,0.22514039683322876,8.970107694434944,-0.0008292390636105625,0.012333562668969034,0.034494628816233976,0.03651181205202535,-0.2988989710019757,0.04570362831842726,0.4083156295770352,0.3837683106058721,0.008042628764887165,0.0036881322869258795],[-0.11244128264975746,0.012768712033352378,0.03018517023878938,-0.0008292390636105625,0.23757713299546118,0.01546629346671463,0.0004701298975230109,-0.009660002475134342,-0.012187929792553462,0.007792828891692738,0.025804286468194024,0.009446012210375623,-0.0010101055050173303,0.0022579871421862406],[-0.02628293819576848,0.009679507318137567,0.03993915163539694,0.012333562668969034,0.01546629346671463,0.2823051174886342,0.011630792973108383,-0.014391395047994051,-0.016580073700104146,0.021033170450776635,0.0780159777963853,0.16541638775309767,-0.0006715740223176176,0.01204935288194985],[0.058004301607915525,-9.218289447130707e-05,0.02471820322500523,0.034494628816233976,0.0004701298975230109,0.011630792973108383,0.24036404524708121,-0.00425334570258157,-0.022335725267367296,0.0029187257750079307,0.02561682314973364,0.03028768694593953,0.0003226818459518875,0.005347689540545083],[-0.03471807454533217,0.012184651606421898,0.05779436309539642,0.03651181205202535,-0.009660002475134342,-0.014391395047994051,-0.00425334570258157,0.2534328779372559,-0.021663507529090156,0.0015817067239131694,0.026123613006200183,0.015332700871966164,0.0029404968336952655,0.00013591724918633877],[-0.022422947463293902,0.033013075055232516,-0.23912484774990964,-0.2988989710019757,-0.012187929792553462,-0.016580073700104146,-0.022335725267367296,-0.021663507529090156,8.518951919194265,-0.03242786345735507,-0.30374362835143426,-0.2558377927647797,-0.007962921723819419,0.0004377916346528489],[-0.024168892109652257,-0.0012899705984464156,0.030018140835108502,0.04570362831842726,0.007792828891692738,0.021033170450776635,0.0029187257750079307,0.0015817067239131694,-0.03242786345735507,0.24323222233401465,0.07452086790360535,0.05264236075788235,-0.001573918229403999,0.006068488539731294],[0.04639268298934331,0.0604489586075953,0.4342875236982321,0.4083156295770352,0.025804286468194024,0.0780159777963853,0.02561682314973364,0.026123613006200183,-0.30374362835143426,0.07452086790360535,15.470790263025537,0.5864239117503416,0.009920228586515534,0.011117128003432503],[0.1087779646415578,0.13832509227871514,0.502637164242489,0.3837683106058721,0.009446012210375623,0.16541638775309767,0.03028768694593953,0.015332700871966164,-0.2558377927647797,0.05264236075788235,0.5864239117503416,16.04242039656029,-0.001228131473117875,0.05505076204995636],[-0.006980242667152866,0.0073137448413695995,0.0015012907486689423,0.008042628764887165,-0.0010101055050173303,-0.0006715740223176176,0.0003226818459518875,0.0029404968336952655,-0.007962921723819419,-0.001573918229403999,0.009920228586515534,-0.001228131473117875,0.03925200895284336,-0.0005920420092797134],[-0.0350141456334907,0.0034859551032606823,0.016619207698425946,0.0036881322869258795,0.0022579871421862406,0.01204935288194985,0.005347689540545083,0.00013591724918633877,0.0004377916346528489,0.006068488539731294,0.011117128003432503,0.05505076204995636,-0.0005920420092797134,0.04116090766909564]],0.6435084780208499,[[0.0],[0.0],[0.0],[0.0],[0.0],[0.0],[0.0],[0.0],[0.0],[0.0],[0.0],[0.0],[0.0],[0.0]],[[1.1623842107018458],[-0.15742503792357485],[-0.6745174012838985],[-0.08517183001898736],[-1.0607931287912036],[-4.541243342434253],[-0.6736924255688768],[0.4622772729356287],[0.0865130615261052],[-2.0925591210466803],[-0.6979029856110671],[-1.6406003230317383],[0.33518076832309485],[-3.3118007582182476]],1,100,-22729038.42381292,-22729036.610570014,[4.478484885152002,0.0,0.0,-1.525481808735244,0.3780276097493206,0.10172329154877019,0.3509767390929478,0.34644707927670626,0.32719107919114876,0.1429480537619685,1.902880761585465,0.0,0.5183929743574844,0.32120334768873976]]
