["generation","mean","variance","covariance","_sigma","_p_c","_p_sigma","iteration","num_evaluations","best_score","best_evaluation","best_solution"]
[[[-25829638.656979945,-25829625.740287423,[9.547539805385547,0.0,0.2549634281352289,2.030238824283311,0.37849936322021394,0.31368705520802664,0.627876733852814,0.2426863937233139,-0.7761257927282146,0.1,3.67313450923203,4.2014915533113815,0.5958857378758388,0.3387006983853579]],[-32740067.5989331,-32740067.5989331,[4.074721186405493,0.35796948162958986,1.0896260547771537,1.0009784065987926,0.19183423012221434,0.25444843765070185,0.4978114473450935,0.5803676874489231,-1.0893793979633863,0.39850439775550994,0.3572623200284406,4.74944133426519,0.4761183319900746,0.3349941347372805]],[-36898912.27627235,-36898897.6305964,[5.558058673470864,0.07398340147050769,3.141592653589793,1.694269296013044,0.6062187422873455,0.08496811483273664,0.0,0.31434816252924525,-2.766418978262724,0.4899711776830168,5.206089419987013,3.560693524680142,0.4659394379290948,0.35652418736375957]],[-37703120.89110111,-37703105.89789057,[4.117525085568804,0.7187506419164733,2.8179483483175263,0.5673576306761894,0.40004198888871567,0.3724764196203435,1.0,1.0,-1.2154216236892186,0.19484222940181178,5.127664481867483,3.831762527071948,0.6198047810772934,0.3863725707130772]],[-43657114.8692046,-43657096.34178984,[7.719215665695849,1.0,0.0,1.8549816470032021,0.3169211603025842,0.2075182069138417,0.6156561520180036,0.10655689385986417,-2.0962942654268675,0.3712107662361792,2.721541226833285,2.2865320485489926,0.7453896084862286,0.5076428562831289]],[-43668550.70687986,-43668537.18129158,[3.627269705082492,0.0,3.141592653589793,3.566817227390773,0.0,0.3898733883009959,0.23876771602903224,0.42362402056571313,3.4039687123405544,0.41305512374105235,3.2065082401942635,2.231465094276511,0.6194371127695895,0.368560290234548]],[-47094149.40258086,-47094149.40258086,[5.938534125650786,0.6835551747481694,1.3700162040481434,-0.6441595058691383,0.6167865963049555,0.3133306321332281,0.48784531490818894,0.30067833408437605,-0.529984350814141,0.4362344880854426,4.733133257988817,1.897086018587458,0.4902493568221397,0.40578971784776746]],[-49434741.46073775,-49434722.70571673,[2.698850906390869,0.0,0.0,-3.450350427414021,0.5603933584909586,0.010297863870541712,0.15465314211236947,0.3082272955000722,4.0,0.28641298806189547,2.7197269054247366,3.380585975247433,0.4869073047570866,0.504629405986931]],[-49973987.68398706,-49973987.16493952,[4.812916658936265,0.7843276642638571,3.141592653589793,-1.0358995372043025,0.27416306044042865,0.21561579496694533,0.5536681694274833,0.3252727800323052,1.9827827840811503,0.5669436034097639,3.4515962622196907,4.0774636217176266,0.4642631762362346,0.3958650611202279]],[-50455622.75355573,-50455611.527628124,[5.429182716241449,0.7948977316224014,2.032817607234423,-1.2513299913415712,0.7593216776697849,0.0,0.13850821007649422,0.27076173490387384,1.3385582343466753,0.23391028159510496,3.262268461028066,0.10646233337832145,0.5860556103661818,0.5552775011255726]],[-52894547.328877844,-52894516.96103513,[6.6738889678727835,0.30564008481293004,2.598470068598549,1.0271412670589317,0.7493247027717158,0.30103170063151974,0.9385000851341287,0.12064906623082566,-0.3607615819134414,0.637689843274549,5.361825699652352,2.8347477224227826,0.5042900181758523,0.4130948299791113]],[-56325340.949341185,-56325324.518906295,[7.678928119817931,1.0,3.141592653589793,2.510705481321553,0.9029347207479369,0.9493382220525755,0.306460731674283,0.17972104822373536,-1.9118788026408466,0.2795240960238223,2.1534620117151437,2.756974758168235,0.595850468914082,0.42473768009395374]],[-58506008.95428306,-58506007.28094709,[3.125928781056113,0.0,0.5875272435095651,2.1080481634086956,0.9230899733478289,0.5189989229132702,0.9259742536521107,0.5498811378806768,-0.3677972345333795,0.1,5.298547497444108,6.460946475604736,0.5221126920521308,0.49455516640104935]],[-59535842.206828766,-59535802.2624073,[2.9278726348230975,0.2804238103626965,0.5182538771712686,0.3067576518881932,0.35592852421949434,0.46476344442709383,0.5636411231689816,0.0,-0.120919541103472,0.3694503362451995,2.191135156181919,5.925976171975202,0.6960807396008699,0.41337663088251]],[-59558165.86340856,-59558165.77479708,[2.9736640394466876,0.7541286716630624,2.4141213791778373,2.427833298193889,0.5589186936513544,0.34403906305465276,0.44035163945876726,0.747822103944574,-1.896052824825916,0.5193972113689275,3.835960984224768,2.9470263510976764,0.5488662608364243,0.4052952486934839]],[-60063495.791953474,-60063495.3293941,[6.743629802372997,0.058686844806302096,1.7717872325188693,-2.7435490364827304,0.6036375242719333,0.30120796767521063,0.9604903284503659,0.910768026476769,-1.734997975830531,0.27110151130083204,4.467127530733431,6.374787603611086,0.3813116726682051,0.5324580137005723]],[-60775880.11207865,-60775872.126766324,[2.727528755442256,0.4348718854906969,0.30397170238480675,1.6975049616818676,0.4476333376691357,0.8106059065492166,0.4757514056545274,0.2544533753139647,0.6884806131749578,0.20002331198016182,4.3558163810639705,3.797277433914266,0.7164255642174809,0.35608484704706944]],[-62666026.03141587,-62665990.13414085,[6.872578814471542,0.8848243634530275,1.9945249056118692,-0.6446352166195961,0.6484151337242589,0.3333143705362873,1.0,0.145768521939675,0.4105384915568268,0.5541795340904196,5.874258936934116,5.230527161293753,0.5731071475733259,0.49951530381780734]],[-63645285.21722262,-63645284.60726547,[6.909428436377535,0.6662624238001703,1.2298605366546007,1.1331758011232256,0.7680253183569394,0.3677915823213812,0.8479569644394143,0.30819282271731857,-1.089590679306161,0.1,4.871279312220391,1.5651607558937428,0.5475487775478971,0.6046747998101125]],[-64192404.24600965,-64192403.32703769,[6.368857578068797,0.5284636824294902,2.2809097196236867,0.010028920925242785,0.5287262117175449,0.3191388589399652,1.0,0.6956550985857763,-0.48641996713035884,0.4812887524280638,7.480327011366141,4.92675563048868,0.4774270032003812,0.5229098766040625]],[-67205493.01245226,-67205489.99199891,[4.163160251390469,0.0,0.9537023663718307,-1.4170734968293757,0.10256543906450505,0.3381665030269295,0.2662056175064391,0.29496100301292066,0.22491333945422817,0.40034433865748964,1.6561705578518975,3.5584015760242056,0.5382422648821412,0.5752462177010644]],[-68168457.585635,-68168457.45231408,[9.563906198146373,0.5648869908532854,3.141592653589793,0.22285804917121957,0.7684762709107688,0.18767175130333735,0.1751399115316455,0.4618774909909644,-0.9111039371340504,0.6125473574016531,4.170566465661787,6.193130350538725,0.5360248269003085,0.5600027784543329]],[-68479558.84087716,-68479550.19816744,[1.9640793935440533,1.0,1.777054700906591,1.5326449633240764,0.45033415288088696,0.35192781690940766,0.3870953433709225,0.7448577017681068,-1.8485895680456086,0.1,4.718720173926017,2.7536217023815546,0.5502154472718249,0.5444368677901883]],[-68809086.49143755,-68809086.49143755,[4.037391334326924,0.7541057427730133,1.2002892662923565,0.9811234415650163,0.6294200619983743,0.3921702009015867,0.48695250103336285,0.5148325187648483,0.715218363702312,0.3611274905297272,3.6806759314419706,2.8478562645010568,0.4299297853945521,0.5110279159954747]],[-70883552.90186758,-70883548.74603784,[3.796055073860863,1.0,2.105042668710593,1.9143245392481498,0.7503229428211572,0.8522864534482819,0.4814914027634735,0.2294382698030747,2.701020339794969,0.5299341895616447,1.8654088863418,2.5975531093878645,0.5507032324868965,0.4077635352207369]],[-73385183.96954411,-73385182.34230888,[2.6710775249533767,0.0,1.2149119779606885,-0.488643292138951,0.5264244470786816,0.48465370138844843,1.0,0.3252097338708081,-0.3942937856479408,0.2150336148048957,2.169684308500614,8.301260664638336,0.582216626239776,0.5648492297144276]],[-73727381.56988436,-73727381.56988436,[5.924199726344304,0.5505692202325676,1.1393870868711253,1.6531145916189711,0.6573647634161723,0.5970524691928745,0.5891949780120329,0.35129768109585574,1.6491006262019887,0.6021096383177552,0.8227191945957637,5.309337086888608,0.5238779460396715,0.4717334376989878]],[-73862435.29066768,-73862425.5174666,[7.821867205343878,0.9852625854094151,2.2147767224624966,1.6260571315826566,0.557313952493822,0.14869068382863226,0.4904262032001925,0.21964481071614866,-2.211834082496619,0.6433927250057208,2.1934886562159344,2.997014903472054,0.4372796537689287,0.5723532915790974]],[-75633860.23566662,-75633858.94932854,[4.498828963379994,1.0,0.0,0.01418858169655785,0.23941649048477726,0.4553448960364812,0.6733394336867534,0.5084470850375102,-0.39063471584640186,0.6107207774554698,5.703038173794285,4.98147732687691,0.34069563505356926,0.41536905952628017]],[-75826973.81593682,-75826973.55539626,[4.923953995038197,0.589726413397757,1.7197105968770867,-1.0176509892990646,0.26497024007854064,0.09102438348974068,0.26144642024949766,0.31142326240108453,-1.2502534514047865,0.4781039558566477,4.246490323687763,4.2685714450228405,0.5064962172487617,0.6398367551363624]],[-77452325.93493687,-77452291.39260435,[6.948703962131813,0.6249882797294246,1.4885445557215489,-0.6497567319427444,0.8348241362793896,0.4648941603906441,0.8229239975948817,0.34483170133678953,-2.3883827542786733,0.3421584839434493,3.3714407655861676,5.808872395983858,0.6542578183399064,0.5611546372900923]],[-77911724.25288256,-77911723.1724658,[7.799193009743451,0.0,1.0761002359754404,0.4453080852007404,0.0,0.3228566333883458,0.5646550231481332,0.2907819173518903,1.365919519399139,0.7669734649536639,5.359648939113166,3.4029850441889424,0.3629894076380855,0.4898800753519773]],[-79119635.78847742,-79119635.3950522,[8.689651871483552,0.0,0.0,-0.875991237149799,0.5862303419779236,0.5143964785801927,0.5341510690278611,0.23323305234782193,0.12684618150832738,0.1,0.2693732759730265,4.188500507212887,0.3308107794436403,0.4563479426406632]],[-79281972.92197232,-79281970.53506827,[8.52654701545584,0.0,0.0,-0.15231741874383348,1.0,0.5321549570942198,0.7832391942606886,0.4462864694799573,-0.49146450494332344,0.14540843988335317,5.345505644749496,3.2711147731585264,0.5388804747283794,0.5226846765702974]],[-80288202.09326074,-80288199.54138589,[3.1711335155803435,0.8479567729079354,0.0,0.7196350462479707,0.568907798859952,0.49782166033587105,0.0912667999425259,0.6907924687950967,-0.41549270926779575,0.24534639145837572,2.97869190044542,6.6409804195012185,0.5730131653428548,0.5062083764645277]],[-82362438.72450003,-82362438.60418516,[0.808682214520358,0.832391302005695,2.368509895573404,-2.187086507869573,0.5016753926901567,0.24299025329291624,0.39474696098662343,0.5418765533179335,-1.3573642119292486,0.1,5.351037624757631,8.731095226304912,0.3037628626440586,0.5376870383587321]],[-82620830.09304285,-82620830.04359806,[5.417667043031459,0.0,0.45744664752850595,2.867150778938361,0.47692332774338714,0.8816781351802996,0.49645445235693303,0.72985159831352,-0.15982655725021705,0.9,1.8190491408739278,2.8455286044618946,0.4495995801247208,0.38118795441024944]],[-83512773.08408602,-83512762.94557619,[3.5524743203607723,0.29321535545277977,2.43342612401653,-1.5420094288297144,0.2763039170530537,0.3051354341226444,0.4358490326735891,0.16008542115063634,-2.5264512184476766,0.7886319172002203,4.262660578111732,2.587702582677559,0.558045048195984,0.5426540253659718]],[-85397471.08646747,-85397470.91792929,[5.271188412720767,1.0,1.3972545824731601,0.9631573208191208,0.7939069303499058,0.7441992170871938,0.5786949504546909,0.39767351925159417,-0.017525283546842216,0.2625489925791514,3.1740347429967546,5.195311497512191,0.6771831414717162,0.5121266884161355]],[-85645123.2848246,-85645121.67934805,[12.19180319952015,1.0,2.427681633945291,0.34326874833788773,0.26779235886785635,0.4617805708299758,0.47009959122715744,0.894105285093844,-2.248215422086827,0.6814664292687816,5.4615588760612255,1.4630475888378127,0.33363027018472485,0.4428874537687984]],[-87578588.39993122,-87578585.18381298,[4.808080901049807,1.0,0.0,3.0477978045913137,0.13521858047118046,0.8336493646011784,0.17211929946711274,0.7063307872007746,0.8156585450558376,0.6191186194425128,3.0114384154672598,5.755093705168717,0.6175539048260542,0.5249294445389845]],[-88220044.03128588,-88220043.28432494,[9.011227732551482,0.0,3.088383976350231,0.30836535711569163,0.2714900781416597,0.0,0.33623029730267395,0.8951904859416338,2.228691046121261,0.648630061017023,3.760595557056718,3.139569604239083,0.4653086493608655,0.6424040917733045]],[-88527028.77259195,-88527026.4812007,[12.15471511724694,0.0,1.4991654646164885,-0.6721870217833196,0.22249881217146994,0.4976265148150347,0.5409454666310205,0.40411864412188603,0.9787871487034981,0.481592326260363,5.955040924359049,4.488508768361429,0.5567799727152635,0.5546312700079088]],[-89111816.73598987,-89111816.64347917,[0.6604261415356376,0.16945807219267733,3.141592653589793,1.7979267055886319,0.4702454489978539,0.0045549797409840664,0.5764796896717447,0.3211597745206892,1.0852867871064356,0.8027102428277291,5.372887569956262,3.7841121080940234,0.5636731171164502,0.5910709080081713]],[-93412848.74161482,-93412848.74161482,[5.428402346265113,0.2849955652527181,1.030034805642094,-0.5109162530099414,0.5240004242373534,0.4133123475519694,0.7356121792214241,0.5588160111019519,1.6784873708897228,0.7738428311892338,3.448125450632489,4.649172993561923,0.4479346799507936,0.5033593015090017]],[-93842804.7115849,-93842791.95126545,[2.9645745995256307,0.9712797634070583,0.0,1.3678199507246442,0.5824911985797044,0.40624154914115074,0.28031164689922683,0.8746166417136019,-2.2415775165059966,0.3200367726528079,3.8553532981718863,3.3533204128727645,0.53120216075181,0.659823196712751]],[-96048552.0815173,-96048551.63863254,[6.412450937216043,0.0,0.7133412480842686,0.6983436725579522,0.3868798308722916,0.6008270626097568,0.21011958448990603,0.6442630442902597,0.4772794822320974,0.26355797066511827,3.645742080712581,1.6920028060562369,0.3801030864594045,0.45611050728604347]],[-98390811.02006239,-98390810.96557844,[4.359927446609153,1.0,1.4922972687799416,-0.1839358807231693,0.312068046593688,0.5612100941840975,0.6386450853821304,0.37429011259025324,2.0258615956796975,0.48140063157095575,3.665107524098701,2.1107799300713186,0.39251940928357,0.4598196865132886]],[-99933429.27428012,-99933429.26432407,[1.9483068683075837,0.4027194869346936,1.6139508653180656,-0.24202006316098457,0.26187825459787384,0.29893792659440066,0.4799126699743561,0.6298994798852394,-0.4359433780736255,0.9,0.7242093485874714,4.009989039331186,0.5458566335730961,0.43649679410023173]],[-100291108.06180328,-100291103.54385114,[6.705958889136611,0.0,3.141592653589793,-2.156374416396506,0.6212854716866757,0.537348404255167,0.09344049982416341,0.8094204683050095,-0.5510915249612921,0.5129495446410538,2.3394733628233437,2.361940402090479,0.4422295070750827,0.5223566564519463]],[-101025347.4653979,-101025346.89045668,[6.54148387939837,1.0,0.8467490120054184,-0.28858114853513395,0.46142419031629656,0.5659049542511886,0.2815481304706138,0.6841306923574001,1.1233279537899432,0.5317926091708916,4.091357507782608,4.28969040385476,0.5881655396584909,0.39440685460729386]],[-102334981.25557497,-102334979.99493885,[7.36348357305965,0.0,3.141592653589793,0.5114438567078864,0.4407178066601357,0.6290904232246735,0.9571850071109895,0.475914047230937,-1.2583596245903879,0.4080113832879101,5.540362805346558,3.408484214441675,0.5616738799999452,0.43973553697440654]],[-103351610.64144087,-103351610.64144087,[1.9991392233757912,0.8862662619721305,0.10745583262581304,0.4381068082520227,0.7329195888189801,0.40909330529096904,0.5941268611828945,0.2544010637717836,1.252360703542904,0.35417768700287544,2.890267700742756,2.3847738829058427,0.4800553284297084,0.536328961368821]],[-106095964.56216346,-106095909.12370872,[1.2216678833401047,0.02759965600017672,0.7943858406421666,-0.2391364648455783,0.4643723071552649,0.2961609808897516,0.9266142707143032,0.12935542013920942,-3.7514991342444164,0.8573558074945153,7.732693531389069,5.396015928898747,0.3711878426012092,0.41403133673027087]],[-108028498.68289718,-108028488.83539844,[2.3992546064814673,0.5327576392836089,2.321982610467153,0.5963756280675164,0.6078503448171199,0.6632013591187114,0.41960255969824,0.1823652548536277,-0.2906129238049375,0.13430912454176663,4.387303261706594,3.53471723194231,0.51156568576653,0.5016522239397002]],[-108082176.5016845,-108082176.44164419,[3.9494540414194548,0.0,3.141592653589793,1.5089420231465174,0.14148304764004183,0.451759893659356,0.669837398665964,0.41578418653719695,0.43681647337216445,0.9,5.460542254014994,7.507281563611933,0.4609206192848281,0.5947523804574517]],[-111526795.62780896,-111526769.66173077,[8.907658586081158,0.0,0.0,0.3255181363442855,0.9693395577574246,0.5916627267447772,0.42333918490615174,0.2714016039701358,1.7378483015224608,0.2584093022129996,4.99446580744572,2.3267069634445825,0.4593740461482816,0.5841191688418144]],[-111620592.62475605,-111620521.0447427,[4.13226421062307,0.13072238034637051,0.3933231632509955,0.544921044379727,0.29384649045880196,0.46518671228497577,0.400554360985379,0.7634931368475828,-2.349260469849483,0.5939269204470541,4.613864744356352,8.445555659325802,0.623400725065922,0.6606416703924791]],[-115486692.73340373,-115486692.22994149,[8.83099546624598,0.9370309798471653,2.191534469180694,-1.5697005996759918,0.053034738137581916,0.5938591483032449,0.0,0.4783401601019331,-0.11126836635126505,0.5371609778142732,2.0506538194609076,4.311582324281041,0.39287245052339526,0.4375869904251598]],[-116288510.34939761,-116288509.24277651,[10.242414494997197,0.5882600128001493,0.755960186203702,-0.21060034611620074,0.16941839004499892,0.597006684269555,1.0,0.5773571833581843,0.31156777909429634,0.5992318726418526,6.245139492557151,5.08931028433521,0.5805865864083765,0.5139341600740679]],[-116811762.15400463,-116811759.29660463,[2.653840094164314,1.0,3.141592653589793,0.43642874635742346,0.1661233739086853,0.635094107427391,0.5597612015534044,1.0,-0.4553346855237272,0.6630172041897281,4.412114162059356,4.640306099379006,0.3098469127393578,0.4380879637802047]],[-118577133.37802234,-118577133.337062,[1.8000382963499728,1.0,1.0864983235406975,-2.016098939561746,0.7715916139364305,0.6036610985333639,0.607874692469877,0.7725449553759802,-0.26570623850989655,0.280482484772395,5.487938112718554,3.2929837606928936,0.5924418101682911,0.5723650109922441]],[-119530326.21252127,-119530325.41052282,[1.8334865997446181,1.0,1.599973801017515,-1.676500510835326,0.3075525093960151,0.590887005595125,0.8192957163350553,0.7779187815229616,1.633893403264145,0.3491461960007359,1.0508689289086575,5.323418132666732,0.49557588430785565,0.591525753814383]],[-119724465.59824617,-119724464.48705852,[3.984704227319254,0.0,0.3569817435488485,0.472473866621542,0.8648014529009652,0.6582429811314898,0.5468939360991096,0.6165937565319151,-0.995427479244531,0.5695287895169027,1.6414698427404226,1.0377697419464322,0.3415576220575588,0.4618225028792192]],[-121653078.41236833,-121653074.15526742,[8.022842444728196,0.0,1.7390460197604947,2.9322784139675115,0.3299084666281571,0.39861145877606247,0.6547582664321572,0.18933510403595982,2.956674360932979,0.8427104539307531,1.8556823158806002,0.8710535380620863,0.40921585892591106,0.6947246621799936]],[-125860555.06727175,-125860554.50328827,[2.473607231658186,0.0879695397804704,0.09999548953596449,-1.5081315754193076,0.3836045575694472,0.5005015531454724,0.0,0.48047869395389897,-1.0254418023739764,0.8242091953916629,4.829419167383207,2.4163625807155356,0.6685450013560899,0.5517356577620248]],[-127140286.79414997,-127140282.85077429,[1.8698036562848368,0.2187227965449759,2.80448243657004,0.2415858767468345,0.2060683316522895,0.6730778853497792,0.5792284729920124,1.0,-0.8723830444536682,0.1,3.688902538584969,1.9792588088796421,0.4390301949203675,0.4760329817580043]],[-127448504.71293673,-127448504.2342807,[5.209341537479688,0.00370122957343344,2.113820028771083,0.7791383251527728,0.3216555794996227,0.8193756548131748,0.7016947666441921,0.9484008690657166,1.6993200770731007,0.5072056017104826,4.130193428867527,2.2434723830778314,0.5432428410098757,0.4056412703300166]],[-128424931.58780913,-128424928.13386834,[2.1147254091917795,0.0,0.17028227598418222,-0.0935184300187322,0.39647433693742207,0.653301917862329,0.35578150749334203,0.662360474164673,1.83704445013881,0.2633329462531253,1.5329804325920589,1.9101820452432454,0.3598340843032959,0.5205414589438209]],[-129062523.09155607,-129062523.09155607,[1.5953150978169344,0.473915696109012,0.050108510771105896,-1.8176127869184244,0.25528330266007376,0.5000710301644176,0.5266137555122586,0.41025724220791315,-1.2501320776500964,0.606903289436364,5.144940345126356,1.4023998103093853,0.4517019362664941,0.4683437484504242]],[-135806284.63955382,-135806279.01853275,[9.827567582568957,1.0,0.3392122660461867,0.4556473839754712,0.13610773655056385,0.6413063276594185,0.6152947968149507,0.9891447412598213,-0.2392417700402239,0.44601374472541755,1.2137643952437562,5.113837809518016,0.6290392365487246,0.6629849260259736]],[-137061147.68056732,-137061142.45235968,[7.794942934324528,1.0,1.4897053066079309,0.41171440525175057,0.36700932664596597,0.5866446172587713,0.2816037676880802,0.16540894722534305,1.3046344729010217,0.9,2.0410380724745956,0.0,0.525990290696621,0.43259960924973745]],[-137628138.7441719,-137628138.7402649,[10.446397105625053,1.0,0.05124167239644972,-1.1462408279354743,0.35173945995378963,0.7321372500051077,0.44081826574006766,0.4033741183631465,-1.6895341861480766,0.5519038949019811,4.621476206558924,1.7135772107956102,0.4526027887056587,0.49271698826823185]],[-142098471.74159977,-142098435.57843447,[5.640386380427719,0.21565336467458596,1.5085455832463524,-1.507676446429456,0.5559943723932183,0.6629342616270559,0.1421611911066209,0.3380602513385498,1.0575125523278377,0.6489076462842646,5.8116892688997,0.0,0.6540923048027187,0.46123609739271265]],[-142283779.00449938,-142283779.0028081,[8.44093778813535,0.0399922104538839,0.945601081840275,-1.2513715779661754,0.6195118675983439,0.4921448382794802,0.5127061063166105,0.8467273896012923,-0.8250615690311227,0.628357655677006,4.294334380015125,7.025027370891222,0.3151076383702833,0.6424328490133682]],[-142861243.6921858,-142861242.42405796,[3.605643155171026,0.0,0.7742378255129723,-0.3654434906357085,0.19829197423088812,0.6241312044218964,0.1293659804358689,0.3667936867809345,1.2545334178237537,0.5638619056759361,0.9254996504784945,5.750271887632561,0.43006296018363155,0.5874268292091892]],[-144822001.09373835,-144821991.10504395,[0.885425144482233,0.0,0.8681657222214408,-1.0887628421178206,0.0913361184325362,0.3672857402929192,0.6394868107915158,0.1588866049185631,-0.9923907243645815,0.7458386907388672,1.6610783256544126,3.088960828776169,0.35271112695168505,0.5620680214597521]],[-147005631.81461585,-147005631.78860295,[5.761381911136853,0.0,2.094237934556859,-0.5699659720024177,0.05264093380766194,0.7726307658368319,0.5385379558595641,0.5079088370135078,-0.34828393956162346,0.1,4.227874603862501,5.077781694003112,0.49347562007510026,0.6022536859184398]],[-150912026.9499853,-150912025.07852185,[1.5586458311253888,1.0,0.0,-1.7663274901436135,1.0,0.41634396282533476,0.2586243609023724,0.5240077462724377,1.8862505007006618,0.821656906025946,3.2435812958418118,1.2844612782653182,0.6307818722720037,0.6317030119225998]],[-155132374.43591276,-155132374.18902135,[7.231869929894923,1.0,1.3485288414492795,-0.7878196958944442,0.0,0.625545998858445,0.5873421126414115,0.8328705395844683,-1.0160826465383208,0.7584028228064618,4.434796507691652,2.136302259284675,0.4583928023034459,0.6701627150836768]],[-160624635.4802334,-160624632.62384903,[6.955674795166094,0.0,3.135895072646595,-0.4601348027854909,0.2843098070062267,0.7650684047773502,0.3639133432504926,0.7509527555353154,0.09234876509723201,0.6434168346100226,4.504276022762048,6.066246654777517,0.43492804832796833,0.3816980096716891]],[-161883797.59561613,-161883780.55757844,[3.879650529915327,1.0,1.3951810229602633,-1.222909290250432,0.7546204609782378,0.737976997160796,0.6479843919838328,0.1893653594027428,1.4823997590015996,0.725341745113962,5.304725140996223,2.486247017613913,0.4935851685504315,0.4966452063317074]],[-163237732.61466667,-163237732.21643054,[3.3909274278899155,0.8734725260523398,0.0,-1.083871741138546,0.6851023971325219,0.8021859180866138,0.502647971552393,0.42565306915187645,-0.1565766081066528,0.33925058959387694,3.02727857565318,1.302447098535307,0.624974986887302,0.5711567198613144]],[-173947211.0430088,-173947210.1689731,[2.404327116973623,0.0,0.7257915437091164,-1.1016255030249134,0.4405929916866256,0.687866657035785,0.2835087522948192,0.481023024091455,0.781151704238305,0.5649277157421564,3.8500869564341156,7.719629268305219,0.5194035249761444,0.6930944150192555]],[-175283588.35970443,-175283587.88022506,[8.491338699500048,0.0,1.1672318054398176,0.5213080496961162,0.40277333731535375,0.7945219664849923,0.5507636175618127,0.5661953680357718,0.5120458374811954,0.4184040970466957,4.372022656038206,4.390728974405741,0.4473362605865349,0.585359242254886]],[-176591690.1448034,-176591690.0683248,[4.722881588353277,0.0,1.18762993961271,-0.21651264711801932,0.7557942279320821,0.8450968981086409,0.5807478712397173,0.38853699936593133,-0.37932416508886263,0.4980859015294627,5.25179971458564,0.9606734578311986,0.6080206490868513,0.48400668227068094]],[-184973559.72160664,-184973559.25698245,[7.324292276786728,0.3694489364745518,3.141592653589793,-0.1976408516984411,0.6653812049514036,0.8002682620095645,0.04261329107280182,0.4841834528328616,-0.770672199917003,0.5464529983083872,2.4705195578430486,4.757114121287088,0.249838896918815,0.5012550210344222]],[-187788045.68953943,-187788045.6853801,[5.255142933724214,0.3378512865473067,0.0,-0.45085631405077903,0.8347694618451331,0.766073167123563,0.2882380389755532,0.5022066547930045,1.0926068074196564,0.6022028633861616,6.716455660988252,3.2086532522855142,0.6016888675033794,0.5579680607403922]],[-197706730.43693724,-197706729.59931588,[1.496295053842727,1.0,1.2439116786213698,-2.1493074302358215,0.5926258982866858,0.8130198442437897,0.3600220881820833,0.6086629173233381,1.8923766714251762,0.4963551333418888,6.788109570069125,6.726755130362523,0.5226888712347052,0.5024163785830797]],[-217526922.77491957,-217526918.87046838,[1.0026290888456453,0.5015318767262686,0.2788310579295099,2.0629713009929507,0.7824744967030779,0.6719027293213731,0.3684899944837542,0.7034885653993785,3.2136330742869257,0.31272416683122467,1.8708576260773584,3.5349642661965017,0.4388224265018562,0.6034930653638159]],[-226021142.239337,-226021132.9988265,[1.1831976279632,4.869405466967347e-05,2.2850313056251528,0.24510746811231013,0.4833937017867409,0.8126904098048735,0.6598198806172576,0.3610134962090097,0.44239882197764824,0.7275519673744507,0.0,2.9989884221596084,0.5825058221576251,0.6858650763479516]],[-229888804.23194093,-229888804.19327462,[5.0556040115364524,1.0,0.09141226097861233,-2.2463519095778883,0.633564786294379,0.9819058089383161,0.514393583436339,0.34078141454567784,-0.15060458470271504,0.7257870762539651,5.528414831825494,4.1818908130822345,0.6961468976578938,0.33509458826442223]],[-230890466.8919126,-230890466.51578557,[7.9892186160086025,0.0,0.0,0.3296837249933301,0.2937436994674095,0.8604078265334574,0.12129580456321915,0.6633126021629313,-0.09565186864676314,0.8688299622632788,7.537478820145388,3.3222458622999786,0.6980380177868093,0.44811688136593125]],[-232074132.1524749,-232074129.499475,[8.347547941398496,1.0,0.6961723888368528,-2.6157133765593654,0.24017180499428847,0.8820619771952005,0.6474411616605409,0.798885423014712,0.09621222685583036,0.9,3.1392714718889696,7.506346232328737,0.5037613852805846,0.5367390383019464]],[-255890705.0399252,-255890700.82729578,[5.442467364229441,0.0,2.959145376748146,0.5788031907616995,0.27973635032466815,1.0,0.7059899140571569,0.15325906117266014,-0.34963162699615774,0.4911919628311713,4.109248748662171,1.4389733633127508,0.601234869127858,0.6637265544544492]],[-260595960.99789864,-260595960.78532255,[5.040820699058499,0.6011820852972111,0.6753054259328282,0.05221476097166403,0.3321538012719739,1.0,1.0,1.0,0.93976517020538,0.3551585346181293,2.7141707243999376,2.957391115508817,0.7368026342834145,0.6055611630399607]],[-303812191.5132342,-303812190.3532386,[0.0,1.0,0.585231580041313,1.488738607899733,0.8082738274979936,0.5086450803975217,0.38105339101960567,0.5475244558720485,1.1769063647509845,0.6733600678411514,4.653053378887973,4.356518362754608,0.43560818376379973,0.44877380744977924]],[-308471020.6853213,-308471018.48775023,[0.0,1.0,1.752480944354107,-0.7089905296474099,0.7514205930653307,0.5000586685371443,0.20378508843716175,0.3793763968856974,-0.5280831647191137,0.4075161485079441,2.323058569322094,3.4433561473591103,0.6371341778509336,0.6239463720984633]],[-310919360.51151484,-310919342.3271057,[0.0,0.0,0.5153789938045215,-1.1836590275342191,0.5764176537325431,0.6620724718300526,1.0,0.1392350755662149,0.2310039829649385,0.4621452148470628,4.011038925467286,4.969192253043641,0.45802817094764176,0.5686330806403862]],[-317976546.75992846,-317976544.66799974,[0.0,1.0,0.0,2.6183016835431157,0.6106766354958202,0.5389894093963377,0.3988617665010459,0.2442566528905819,1.508017432933053,0.4443311567465443,0.0,6.592927694566395,0.657414324686048,0.5482587363723017]]],[5.528005476860769,0.42645552339132237,1.6259401323620004,0.79983989965714,0.47264979771127763,0.313593218196744,0.527678099125901,0.3918616308015274,-0.33202095407092713,0.3466612220104639,3.6188647305048836,3.653480175551957,0.552886924436189,0.42567204705510797],[24.281779636708627,3.5765357372097215,9.298875976581586,9.49239232207741,0.24540976040481766,0.25446799340957355,0.2617956479708671,0.2547462272465485,9.470369169466231,0.24297203214406393,15.266950790408522,15.117099472559913,0.04006060044572113,0.040761667904055575],[[24.281779636708627,-0.012820365307192706,-0.18987780345606659,0.563357064383472,0.029577211036601894,-0.05267099212293869,0.0521158921928116,-0.12516506658412316,-0.7905237346173313,-0.06492192994759934,0.1377639504618864,-0.1790126096488578,0.026967420030836742,-0.02244839514518165],[-0.012820365307192706,3.5765357372097215,0.033962667936856844,-0.043313658801832,0.009075783787769314,0.013343492081663718,0.00846012630697692,0.005207771530251551,-0.052149741703753374,0.011703049617222584,0.012502679735617214,-0.08618451337448468,0.001983126195712839,0.007277081958663792],[-0.18987780345606659,0.033962667936856844,9.298875976581586,0.14884891658064406,0.014631185756647963,0.0005263132283072606,-0.026799121109983767,0.03997139859230292,-0.046174864685241915,0.03834530603415365,0.269257590045136,-0.14676001540737546,-0.01191704067495094,-0.0071997891135434765],[0.563357064383472,-0.043313658801832,0.14884891658064406,9.49239232207741,-0.04661159969768224,-0.004578815574768203,0.004657788126436584,-0.05753321878462932,-0.5748924665699363,-0.06927862236390862,-0.16926346351267357,-0.22261404560059464,0.048012023762029864,-0.05744987666595234],[0.029577211036601894,0.009075783787769314,0.014631185756647963,-0.04661159969768224,0.24540976040481766,0.005609670637599978,0.0015300489859304677,-0.0021510404633617985,-0.03975342228471708,0.001104681487528351,0.07971565745965724,-0.004533349798279964,-0.0026595404932419015,0.004619901974906952],[-0.05267099212293869,0.013343492081663718,0.0005263132283072606,-0.004578815574768203,0.005609670637599978,0.25446799340957355,0.006376702622528898,0.009807310552735274,0.019748292509666324,0.010604561491117557,0.026283569885640217,0.05586013534392926,-0.002177008216243488,0.005541563266585859],[0.0521158921928116,0.00846012630697692,-0.026799121109983767,0.004657788126436584,0.0015300489859304677,0.006376702622528898,0.2617956479708671,0.010326110681254434,-0.05000612278030136,-0.0072435967473119325,0.05846076625411513,0.07874658876638188,0.002458094455824528,7.56562018393564e-05],[-0.12516506658412316,0.005207771530251551,0.03997139859230292,-0.05753321878462932,-0.0021510404633617985,0.009807310552735274,0.010326110681254434,0.2547462272465485,-0.011192588052882695,0.004621201057789035,0.048369119629314644,0.06152133898889752,-0.005627045334497622,0.003057117749990611],[-0.7905237346173313,-0.052149741703753374,-0.046174864685241915,-0.5748924665699363,-0.03975342228471708,0.019748292509666324,-0.05000612278030136,-0.011192588052882695,9.470369169466231,0.03097051519419056,-0.15400306829753468,-0.1601247882391257,-0.009817739969880545,0.019794125258117013],[-0.06492192994759934,0.011703049617222584,0.03834530603415365,-0.06927862236390862,0.001104681487528351,0.010604561491117557,-0.0072435967473119325,0.004621201057789035,0.03097051519419056,0.24297203214406393,0.027498405488918465,0.01770320790377512,-0.00625151975415278,0.005356684387776517],[0.1377639504618864,0.012502679735617214,0.269257590045136,-0.16926346351267357,0.07971565745965724,0.026283569885640217,0.05846076625411513,0.048369119629314644,-0.15400306829753468,0.027498405488918465,15.266950790408522,0.020494815553721554,-0.015165437815368317,0.02176729985014712],[-0.1790126096488578,-0.08618451337448468,-0.14676001540737546,-0.22261404560059464,-0.004533349798279964,0.05586013534392926,0.07874658876638188,0.06152133898889752,-0.1601247882391257,0.01770320790377512,0.020494815553721554,15.117099472559913,-0.022175351875462667,0.004859436407435011],[0.026967420030836742,0.001983126195712839,-0.01191704067495094,0.048012023762029864,-0.0026595404932419015,-0.002177008216243488,0.002458094455824528,-0.005627045334497622,-0.009817739969880545,-0.00625151975415278,-0.015165437815368317,-0.022175351875462667,0.04006060044572113,-0.0017617561316941553],[-0.02244839514518165,0.007277081958663792,-0.0071997891135434765,-0.05744987666595234,0.004619901974906952,0.005541563266585859,7.56562018393564e-05,0.003057117749990611,0.019794125258117013,0.005356684387776517,0.02176729985014712,0.004859436407435011,-0.0017617561316941553,0.040761667904055575]],0.6078037209749123,[[0.0],[0.0],[0.0],[0.0],[0.0],[0.0],[0.0],[0.0],[0.0],[0.0],[0.0],[0.0],[0.0],[0.0]],[[0.7998760130197436],[-0.27853149875983724],[0.13295390931891352],[2.0194637430518214],[-0.4143284818190521],[-2.8238781596568003],[0.41929579421065283],[-1.6381892120361485],[-0.838298113118801],[-2.3229306466442643],[-0.721727740395553],[-0.6561790259727034],[2.0029613381288165],[-2.8149872142877745]],1,100,-25829638.656979945,-25829625.740287423,[9.547539805385547,0.0,0.2549634281352289,2.030238824283311,0.37849936322021394,0.31368705520802664,0.627876733852814,0.2426863937233139,-0.7761257927282146,0.1,3.67313450923203,4.2014915533113815,0.5958857378758388,0.3387006983853579]]
