["generation","mean","variance","covariance","_sigma","_p_c","_p_sigma","iteration","num_evaluations","best_score","best_evaluation","best_solution"]
[[[-19904881.8945475,-19904823.983914793,[6.106705939358967,1.0,0.24974089863776405,1.1581017529442512,0.30197809513322704,0.517636391525877,0.10872955627662456,0.2195379403384396,0.6170144817566932,0.1,7.266624603982043,6.3287467283425665,0.5075782498842254,0.20368316618492543]],[-25982034.565712027,-25982034.516077757,[5.084222381451208,0.533200552761225,1.2512073836874917,-1.0653913607046215,0.22889966696366165,0.28682178571556227,0.7212199572337119,0.7542506923729329,-1.9427297093483034,0.4298092293618496,2.951338922734738,6.9181569027897005,0.432332646676331,0.27118447000508555]],[-27197524.19095369,-27197522.490702093,[7.329227330884508,1.0,1.5436869364884565,0.23889768893155694,0.5408840906792161,0.29689491589207806,0.21572789607028575,0.6167709858292166,-0.362304258865001,0.3554757747743791,2.579733301656999,2.890139554016517,0.39072439401506504,0.28461116505416334]],[-30219115.011979643,-30219114.983856022,[4.95479153566528,0.0,0.9419765671956588,1.7791655736505456,0.41241309974657175,0.31585698805873536,0.31378290614100696,0.4180534420379064,0.21403861643427619,0.6997316538655358,6.341926539611212,2.2777699418035224,0.51782893076703,0.14767965390538196]],[-35578727.27807934,-35578727.25329465,[5.687124564321187,1.0,1.2562328113544936,1.824277235925487,0.6461956426690196,0.25212362662800436,0.5410894852198118,0.394819455072904,-0.1590710322152972,0.3814568055033065,6.03948186953016,1.3614493658593605,0.6026520742115817,0.3986513109947203]],[-36627299.842465706,-36627299.65965426,[6.548682859310405,1.0,0.8314434637765388,2.1261943700888435,0.27339861395287823,0.33932590930714224,0.36155296309392027,0.5966907405579553,1.3180898041440683,0.27075463121710874,2.895823417899943,4.562015544400563,0.5018083984018118,0.3871608265547277]],[-36776609.136423245,-36776589.58207214,[4.619994179054258,1.0,0.012158414620508262,0.1660017448005066,0.4978194870041249,0.3070842366360701,0.2173449394102131,0.3963658617505031,1.0009420236727673,0.1,4.326112230215934,0.0,0.4368778581892924,0.3935723592203279]],[-37356557.68889222,-37356557.64372361,[3.15299357088463,0.5886158320624804,2.7319632350754226,0.28986715033474597,0.6151717235627718,0.0,0.24078226767546457,0.3421203439444497,-0.4610288656405262,0.1998666921049983,5.282442441173227,3.208432571184141,0.5600459146647696,0.4527392418566794]],[-37619219.37438277,-37619219.342311084,[7.496750534574882,0.0,1.1466070477637935,0.6333946471907724,0.4848105435789769,0.18475343680553208,0.7171768992167138,0.31713201018903003,0.8481345571549618,0.5121230103153951,3.75062351402427,4.909891005739526,0.49125989609546133,0.37559965768255477]],[-38119989.43784447,-38119986.61074823,[5.007277851545531,0.8689059938412651,0.0,1.5585704871661548,0.4539004711388485,0.0,1.0,0.5907121225688583,-1.7894968811338536,0.5365593931310999,4.586917758626499,3.84575167214833,0.4115566777755244,0.33132093171189636]],[-38695759.89310697,-38695759.747983575,[7.742886024027351,1.0,3.141592653589793,0.756387226945373,0.21827926081747234,0.10932763510090726,0.2987350429708531,0.6912298844131737,-0.9212880226594353,0.4892586376422491,4.488439639596924,3.7010740542402085,0.5660178210729758,0.392375015251204]],[-45943339.07504177,-45943339.07504177,[5.319444432009701,0.05325629533668269,0.13820955968825843,1.7151441726698982,0.7437028877133416,0.268228881997757,0.5566823064356494,0.42925878332951434,0.8358413463950499,0.4052895121970312,3.0191456995972383,2.2427140914469,0.5384734536622309,0.44099716297869646]],[-50759180.87665628,-50759155.66820806,[3.7890662705749216,0.39912631076185445,0.0,2.1493889650651243,0.40887445956482804,0.9548157279532478,0.5252177381328185,0.7384061984204007,-2.259501767690527,0.41674710428889167,2.9839001127279117,4.811034236785251,0.458005623099774,0.31512082307697564]],[-51068541.49628647,-51068528.95172286,[4.42724161688354,0.0,3.141592653589793,1.3454785167829941,0.09303958731984097,0.2177523623650625,0.5922858850881608,0.25364331996670625,1.2969971977393253,0.2873261921929746,6.999743059338378,4.8546553836482795,0.5397128888686864,0.5413176693667747]],[-51163250.66395639,-51163240.18814665,[4.140499839225591,0.0,0.42242231714433465,2.0048100586254467,0.16597710842101993,0.19325750951692844,0.02875798146810088,0.9695420311168039,1.7716407272959231,0.4605005397146436,2.800523123318923,1.3961255158451786,0.49679965177162577,0.45938626875215216]],[-51491068.88877902,-51491068.42791045,[4.164161354497179,0.0,0.0,2.192822654172865,0.6286061908595802,0.6428089341026549,0.1723234586796028,0.775544865964074,0.6454457084692529,0.35190139118602193,5.362757045767173,4.112313877062582,0.23039195748243751,0.30810471242583815]],[-51605515.00545716,-51605514.06022656,[6.774730078471251,0.0,2.2229039114038818,1.0409473193697172,0.8817912325610379,0.4427580227018413,0.6782109101062431,0.6411212231036725,-0.8922752914139283,0.33126234794920756,2.625516158608544,3.04750223738159,0.44875697514739205,0.37068232103168297]],[-52847342.81522331,-52847297.545882106,[2.5584536737363717,1.0,2.301490642866236,-1.8077781091764196,0.6723542815099262,0.0,0.8748098380827339,0.0960675651196139,1.7626349496804932,0.45911261587724905,6.711702183979854,2.453167706174759,0.3608174192049881,0.44914377507218906]],[-55930857.65483371,-55930856.52955413,[3.092671196884271,0.0,0.26502139018123905,3.408062560172119,0.8317148252251368,0.5092571355867481,0.5801175419245309,0.0,2.119411146656179,0.4357725589112359,0.28145316253596864,4.708056734876173,0.5524034288919806,0.4009443730190411]],[-56673317.91862798,-56673317.68831551,[7.662510394075564,0.27964442776980725,2.6828663394900296,-2.318763499951602,0.9084826504480632,0.14524521867060153,0.6161261819225019,0.24967494022075615,-1.0847309002982732,0.635428672328874,4.236146869377605,4.162017433318023,0.48443619803038634,0.46773631388409204]],[-57718941.6915446,-57718940.24117279,[2.7462130965905502,1.0,1.5400288543466216,0.5893638919966355,0.6421932555260034,0.5120096908930135,0.7059228986833114,0.47230734524308343,0.38045581484041224,0.485377788237098,2.1063487459016663,1.5841714563425828,0.46777797694641254,0.20499327504159276]],[-59223241.15154812,-59223198.88886011,[3.8892271375382315,1.0,2.4952911328879295,0.645883386898318,0.6342809893222789,0.3468396618911872,0.029410335939170473,0.27172950879403224,1.8894071606734133,0.4896947120365353,6.394591077048768,4.713308163186396,0.46203461653117384,0.4315379332492078]],[-59463163.616334334,-59463142.709525585,[8.206862068181994,0.7578689115506603,0.0,0.9315448591046198,0.38653425359477916,0.4431935852196781,0.8260095590141354,0.13104269009416325,-0.8247307625912538,0.40484636748133446,6.368643261934585,0.0,0.41651441059760885,0.39930238457527567]],[-59982392.91818105,-59982392.91541761,[4.978964334561264,1.0,2.8784293262729506,0.30437365917569154,0.3902634776185894,0.15707897454989395,0.3345944753670602,0.6389358196177484,-0.14027876955059107,0.5516608742404618,3.1066508581516987,2.7494847332882877,0.5262980942770522,0.5177426129902571]],[-60793243.30601889,-60793243.18468106,[5.520833086699298,0.9156132573718623,1.9803251404969784,1.4471872439017128,0.2529171871495035,0.45700627069236055,0.06759405233672372,0.3747851600725646,-0.2649734010563755,0.5226408364813934,1.1883333092096917,7.024178905876447,0.5284578050329206,0.44678625721909054]],[-61002783.290092014,-61002778.75030142,[2.033112212244515,1.0,1.9636897715113675,-1.1308716079953998,0.8123660302784843,0.19470888703878492,1.0,0.637471403742139,-1.2792035973684843,0.21658124702247872,5.102151861703121,1.5577672625467311,0.3505050437321874,0.49877205919583006]],[-63948315.34938819,-63948314.98846567,[4.059647371776358,0.2674118566847063,3.141592653589793,0.27482666439362824,0.4751505101050662,0.08269023524886798,0.38198292806177137,0.5955039006598609,0.8111205224443856,0.13541148435890765,4.00018093339331,3.707033897215062,0.3666916204611195,0.5670402944305402]],[-64742226.682240695,-64742199.75367153,[4.256380156949293,0.8857068200572644,3.141592653589793,-0.11791997431509818,0.47367332209103197,0.23341493864194945,1.0,0.23204669077569529,1.2647875431321325,0.33909854914679405,5.013603044938977,6.849771092494768,0.5604804843190351,0.6236756316198853]],[-66706160.48573037,-66706160.4840318,[4.549192557722089,0.2329143397945735,0.0,-0.04328672391300153,0.49783292691329306,0.5224203006750611,0.4058073119429974,0.53404942176021,0.19307635920025412,0.2937797048736295,3.7511458472006867,7.294870563034712,0.6639313115493365,0.3824619990119186]],[-68542155.58009113,-68542155.56968391,[3.313629767692266,1.0,1.9444538636092739,-1.2081121382828461,0.15887588301168198,0.36374742328662935,0.6563940819570324,0.2453142085081199,0.6352382743698644,0.668154621717722,3.0072479323415884,1.6494004092879808,0.604643442934236,0.46826117532754746]],[-69214079.12521315,-69214079.12521315,[4.19198212601263,0.5871079069642958,0.7261171213044162,-1.432171024828027,0.16661085992583585,0.4570381880710891,0.6821877728455688,0.5803428718522017,1.650322748473258,0.32882650897896426,3.6491121082202485,2.8690900044407615,0.6340270724178055,0.508957828736659]],[-69723412.98539793,-69723409.47285056,[7.805835793903633,0.0,3.141592653589793,-0.5633036853671032,0.37500995434127427,0.48972802642121166,0.3547281962469035,0.685598995847448,0.10216137909268863,0.21507283415920564,3.657937996920123,1.8126876623455161,0.388544316070614,0.4216783780187987]],[-71308087.17037193,-71308046.26264334,[2.3375956597560426,0.0,1.7003362102108883,-0.06049061120995185,0.6104150445037095,0.22461832701990136,0.7687270042240619,0.21530325411553597,4.0,0.3318829506100225,6.313975369283526,3.4148493766213064,0.271830889616288,0.4706724691964961]],[-76843237.96898083,-76843237.96675587,[5.4298249035998305,0.6821958253139043,0.011140656749630162,1.9250971225659121,0.4495825654618598,0.732650674601579,0.7216678424529643,0.44918488844301285,0.6321103280412882,0.4159012754187601,2.3781156998068607,5.7076221686215565,0.6242854011199435,0.567731380097016]],[-77356229.93232004,-77356229.81021106,[5.670793275333097,1.0,2.560340747220024,1.0609604694077595,0.8129936790521006,0.7126633258023595,0.36817716887818197,0.446793687347032,0.9515515741027785,0.1,5.8633309999879195,5.030119736541749,0.5480318201281698,0.572270200923118]],[-77808826.77361512,-77808825.98689765,[5.6769571903300555,1.0,1.800150344106009,2.526009235350671,0.5644562417347366,0.5541377837389513,0.4964837060470685,0.7560579925911397,-0.8021826227292426,0.3995555412752252,3.0244369991392084,0.5467724504994247,0.4397354473587495,0.5644177153600887]],[-78242508.01161368,-78242505.58406103,[5.108900377733817,1.0,3.141592653589793,-0.6305820781524023,0.1957228506260859,0.004941869486218942,0.4463459031018218,0.34588514289012395,0.5135853366272077,0.6408750703224106,6.04373123743817,5.680416749777263,0.48289935740803536,0.5865509651381247]],[-78263953.17499651,-78263952.75149131,[7.516729026409619,0.3488962633292849,0.8934019710493142,1.2714103271218855,0.5126359226013494,0.4891371804353141,0.6796809201127492,0.5730970575411114,0.8555449046231358,0.6510655160183147,9.0,3.2921481098705803,0.5732452293422651,0.5032700250598935]],[-81418722.59841968,-81418664.82842809,[3.4110716079463854,0.07044076999959353,0.8126572129603881,0.058123332559793295,0.689116477517601,0.23964348428821547,0.3272806487547113,0.0,2.6326144146709787,0.44194816449518926,7.504689691752921,0.9113465827812393,0.49070871110505787,0.6344466700281745]],[-83138631.59995638,-83138615.32451224,[5.606414711264795,1.0,0.0,1.0995856375195503,0.22163069692517873,0.9786311652115787,0.49575469145791484,0.08842496364170371,-0.12730036150309557,0.6916490374048604,3.9355610355266166,1.3826907082578934,0.5604012480906783,0.4057067199428902]],[-84827362.99924494,-84827362.89771545,[5.517854097197686,0.0,1.6237447684365138,-1.1460116457930631,0.5611261663865431,0.3900155024681041,0.45975902214484393,0.45367406765799057,0.5466843664283687,0.9,4.769260965919219,3.0371765352938986,0.5921893640432171,0.4412406628207083]],[-84895326.61591569,-84895326.28741962,[6.5471195140749465,0.7650183325620805,0.0,1.2260378373081684,0.9523456516559361,0.4589176884032975,0.3030828069553769,0.7340347712583869,0.08667081412906891,0.752023091314331,4.274040311930947,4.546814576551446,0.4984093855706586,0.46048487326633203]],[-85939200.86607882,-85939185.66542828,[7.799421835701127,1.0,0.8020572490445891,0.26539358312845934,0.5110440303956134,0.24041079959492767,0.7742739200190332,0.22638250713387598,1.6341109339261637,0.7735689102371247,3.8236301037924054,3.4034094617510275,0.6045896286861187,0.5892796457434087]],[-86224090.71777722,-86224090.35967946,[11.325921339988877,0.0,3.141592653589793,0.9636058775888259,0.3826784790500538,0.8587241146211262,0.6468279723096999,0.6804326897861929,-1.9875126255681543,0.2842934631950741,3.664469093750945,3.262351413210437,0.43204546334836247,0.5411031027426235]],[-87061797.90411872,-87061784.56873387,[6.114886203514292,1.0,1.3073017939017546,2.0497668988189597,0.6907484317667962,0.01760397520291873,0.23895448955926868,0.19791268467167733,-0.12107714892375585,0.8230395538942599,3.6453127981423,4.09839306027892,0.5554312843442901,0.5713901301894146]],[-89846957.56982301,-89846957.54586309,[2.7222801540787547,0.0,1.1250589574023033,3.709784879752305,0.48245202311135243,0.3224654967158047,0.7930146849167248,0.554011539556661,-0.1675029099554122,0.3728381979785596,5.752363095845974,4.659645105128309,0.3240600031073279,0.6140497290136187]],[-90554805.38001615,-90554805.16034144,[0.6394693018559252,0.0,1.2998361316788098,1.2157061892367105,0.5364854334623331,0.19810847974157347,0.5610799848254565,0.34994974568578013,-0.2056309442896278,0.4080465626174869,2.590652907510623,3.0732860733054377,0.4067344308412259,0.4123091497041841]],[-90758601.52934399,-90758597.27194905,[1.7519832944412679,0.0,2.469031587429086,0.054033298806663646,0.2446201345340468,0.5345847735109125,0.2877131269498381,0.44161097026910423,-2.654733804299939,0.558945494417637,3.7054302328439808,3.605830055333773,0.4968404676990349,0.3856009091563505]],[-91098039.986351,-91098039.67718351,[6.625088725565294,0.0,0.3001463395771278,0.4594899755799215,0.3605906846595208,0.37777849451814804,0.3555715400272898,0.638363692791559,0.9531590462518473,0.5896186734752501,3.5489794211460803,5.814909118218269,0.5383005611462354,0.628885706761818]],[-91386071.06619303,-91386069.05424213,[4.150197235673586,1.0,0.0,-1.6750797801566066,0.45250543903041807,0.5735021323330111,0.7410715529072154,0.4178859333598842,-0.1604951622005155,0.4225010340164698,5.96426716859653,7.1510854268623945,0.5527254368929061,0.4338612767924944]],[-91529427.01686376,-91529425.5180375,[7.640426464117315,1.0,1.4681665188775517,1.245855809804418,0.5214521961124033,0.0,0.4383477918300263,0.6251293393180801,-0.6467352413266972,0.9,3.6887140275955517,1.845881287917344,0.5369770780277012,0.5599491805458372]],[-93569233.42841269,-93569233.07225621,[5.296303455090997,1.0,1.5378621860128303,1.394444044600293,0.27683285646300726,0.4009294521606461,0.4375591808702417,0.2809851710565685,-0.7566516593615262,0.739130083371791,2.1764865623508083,6.1039643735250255,0.597503268111893,0.5465996969293665]],[-94273706.13924575,-94273705.53096831,[6.7774042999756015,1.0,0.0,1.8483775542820449,0.22726706267025315,0.42804499590468226,0.15588712094099666,0.48729881749050136,-0.273629706148529,0.9,4.419273400042316,2.774372538263364,0.38217984969792584,0.5188541085294226]],[-94392692.74126588,-94392666.03760111,[5.236177347948118,0.018923558114728234,1.5987321295046488,-0.8195690490229888,0.7664405570604179,0.5465967594650414,0.14426322169075956,0.7409486484185487,-2.6817032004950563,0.39630848802117874,5.396879161086706,6.335636438103352,0.4303911273349684,0.5609190837076197]],[-94554011.63074757,-94554001.5224582,[3.363607033239984,1.0,1.9418206201926311,-2.7048129630375515,0.5345158543150241,0.5800427682656614,0.6512363682066655,0.8642852245101844,-1.6418909102260548,0.6748132224998281,4.686491078318714,6.2557686553942,0.5569980845021306,0.4448078370403704]],[-97320638.53163837,-97320638.29188573,[7.888183316618509,0.5753832440503824,3.141592653589793,0.7658829444346704,0.38320198215806317,0.6955892355007749,0.5658789842970949,0.4785550919610312,1.2971714237634373,0.43818212186135824,1.3204231738082886,4.630690772215637,0.5617566414620913,0.5570458736593478]],[-99300956.05101198,-99300946.70493114,[4.522005198086101,0.7529066736727035,1.6087919218705333,-0.28897474441599647,0.42717179874621514,0.49812172722837683,0.09351333503985437,0.6121401594499845,2.0684289656364845,0.11766720611691867,2.794112212661182,6.090190571368851,0.5552046083149677,0.5649168039711842]],[-99351761.89164124,-99351746.03014684,[7.644023584825325,0.0,3.141592653589793,0.3354635577814644,0.30199563905795057,0.6485234715408937,0.5268531066489375,0.6139557075726676,-1.9921916046617192,0.1933140068803273,3.739009016348835,6.446280461335681,0.4894167756522835,0.4238323947059471]],[-100382855.16995488,-100382854.23257697,[5.007849499470392,0.006383612482180612,3.141592653589793,3.5809657869211566,0.5105897585047058,0.7429912904257505,0.4015831972622182,0.7902568448181714,-1.0659826631644511,0.3678945137527687,1.779387724570304,0.7046807776150819,0.4245016647545292,0.6582700609947101]],[-101296216.29240836,-101296213.37650406,[3.1421410274290817,0.0,3.141592653589793,2.388225922113846,0.6731091000186482,0.4630693304591552,0.7149496838676059,0.7277606548961515,-3.0682270503112097,0.9,2.7889911489656436,0.0,0.4511062579226546,0.5213752757629339]],[-103500630.84098645,-103500630.71913493,[4.6273057906467345,0.0,0.0,-0.19460720353680386,0.5929190470784172,0.48186772448431187,0.7747163275153075,0.6193864849742892,1.0234443492955314,0.34137987860039537,0.6823212370809251,6.827185651419063,0.5832898787877474,0.7046797041674988]],[-103783239.22537711,-103783235.6395942,[5.193477742582966,0.0,3.141592653589793,0.2996199377039837,0.271954069719728,0.5919015336044549,1.0,1.0,0.2376510560830476,0.27548443957332513,3.325877109109057,3.79793407324677,0.5089875220173352,0.5098865372734054]],[-103885841.23703513,-103885840.99583709,[4.072026210416811,0.9898672953445873,2.7121430780156413,0.12546885293763588,0.4410182888508758,0.6534122833605431,0.3544408346861024,0.7772682267308564,-1.3934284282929645,0.20972572051219585,3.2674202552400806,3.767297432352606,0.47590066523670244,0.47209780779460875]],[-106299422.9200933,-106299411.06873512,[5.532331592844205,1.0,0.0,0.31845306717179334,0.40128601300387545,0.5491769469215305,0.6765045242182165,0.06696560961098347,0.08961856983025235,0.6080702883477498,1.653060267601648,3.4529848996964505,0.42924144011573356,0.5141352826129157]],[-106553347.56215885,-106553326.33810592,[5.884069083128695,0.890183108609977,0.5748773078442375,0.8867290204976312,0.12299312212201602,0.6550011086757019,0.7936652426465742,0.18830108299922704,3.234144430649038,0.4320342389181836,4.582073958582801,4.737886970987756,0.4916455591772346,0.6341526125240353]],[-107164211.31822437,-107164211.31822437,[1.6043279111536353,0.32424695125787256,1.3879875888571913,0.10117435794696461,0.24947616703894576,0.36203078339159206,0.2392851662652412,0.4716003249297268,-0.20182704600640983,0.5585119635037562,2.181921057563036,3.244731100476333,0.43476181392970725,0.5140011336844835]],[-108841147.35759076,-108841146.57886875,[7.388739207409413,0.0,0.8479475977408302,0.939732605090877,0.5563794462484133,0.6546869827229238,0.8891941277946702,0.6402521245252553,0.14057377031728685,0.660125940079392,7.170755619992078,4.208216092379519,0.5294987534318865,0.5169752292240439]],[-114383279.53751469,-114383251.42145121,[2.903472285729463,0.0,1.2535949261048658,0.3366184311867239,0.7576149225050435,0.5234362796422135,0.803593937275789,0.0,-2.981103705685839,0.9,0.05037218238962771,4.326953573547381,0.5995261952283322,0.4849808290655123]],[-117264444.30489977,-117264444.28076708,[3.2849069222451255,0.0,1.6012290317437192,0.21661488540309237,0.31570142862804473,0.6014409202783534,0.5655969781113128,0.4250720647488675,-1.0627454888803938,0.7050610154448281,5.091613583912155,1.9792398949933645,0.44786697907186823,0.4600822895538935]],[-119664079.24598445,-119664076.93094397,[2.0475108884490267,1.0,1.7913404362500607,1.573809292314897,0.6809433662995427,0.5366138950807653,0.7371603502234565,0.9000379380545186,2.177815409604212,0.2290699520591965,3.665503155402282,3.719160880203807,0.5950483643267677,0.7237936527062941]],[-123345709.2861453,-123345708.81711209,[3.3808480921298907,1.0,1.5182515642376408,-0.5695477294709219,0.3519243973994266,0.5104050827685115,0.5573036290408241,0.34762684144175576,1.210126764974149,0.6925912677812092,3.8453012355410117,4.889804811889358,0.5099341864651334,0.635431496637623]],[-133499048.50438991,-133499040.08851779,[3.345578621648909,0.0,2.723277851673518,-2.4544934693309717,0.5917160466272957,0.6767978087822705,0.7265425083241908,0.16448389773224598,0.8907223564327607,0.40847267205745963,3.4677211448898735,5.524389502893142,0.4682637207613985,0.541832920089052]],[-135492874.4583623,-135492863.48443234,[3.952085562386867,0.28522021062003244,2.484502414486003,0.21788086732705297,0.10689505104103275,0.675824094007313,0.8816330362859933,0.19970709170902756,2.464972476699293,0.7335894546713103,2.933507340462468,0.0,0.4188002451601439,0.5093595042958878]],[-137196178.55682877,-137196178.5176592,[4.174504992840674,1.0,3.1313664437648816,0.595778265098089,0.5164891718817277,0.604554382788198,0.453984234308226,0.24841153490525159,-0.6213126148453814,0.37677983654896957,0.20658689068533453,3.8614261862671,0.3415529494740632,0.6505503570224535]],[-145859099.41174427,-145859059.97646534,[5.231347246038632,1.0,2.140851551819008,-0.27181109139528603,0.7008435006341633,0.6810997824773014,0.5922822349456289,0.577172838908959,-2.2093964826748858,0.201330823726857,6.598246475900339,6.207269534292755,0.5796225312375698,0.6560852395512873]],[-147480797.4426433,-147480792.7069806,[6.413696695123782,0.0,0.0,-1.6118244811071178,0.6156857256899506,0.661149655144381,0.6966304597015686,0.6839964382150663,1.7678761013639857,0.7223543972808886,4.646474737905207,0.0,0.38767913030004275,0.5632109875140895]],[-150574393.57403633,-150574364.77113616,[1.3753710413074054,1.0,0.9371981977638063,3.770596383783935,0.2681965363127674,0.5651607586030618,0.4579257795726939,0.21671651556778682,1.0751194048639514,0.5079816534799712,5.3563269286402715,0.00023341439806401354,0.3851201642237695,0.5879309540409986]],[-156011700.32812157,-156011700.31190777,[1.8707845988330667,1.0,0.06196955716906105,1.0156709812765867,0.3807928617978723,0.6790687879883011,0.7099549926896733,0.5790419140399619,-0.31725605132001,0.8503859763699814,2.129654607359342,0.6536097128254208,0.4094497355731642,0.5088068695033521]],[-156958631.9323852,-156958631.9323852,[6.272958484594371,0.37745294324645823,1.1612574626958385,-0.18257359656821448,0.4725264863875761,0.7795555003573444,0.5271155092675451,0.5572785057393621,-1.2139503289286038,0.5504932112184329,6.393328324056333,4.1911057798024665,0.4652540279058958,0.4463773498332711]],[-161408873.514592,-161408872.38356566,[0.4108006621006597,1.0,1.8182151566238551,3.036665083322446,0.45776043145923906,0.3670875218124436,0.33339831916198714,0.46508211391858134,-0.2671028761828,0.6182205675320973,4.152001024065635,0.0,0.47667040474297334,0.2640990549979547]],[-168936278.14033782,-168936278.0490415,[6.827610854283941,0.0,1.8197481001631297,-1.415259469751896,0.39742758856879085,0.8409063058598034,0.6271641581374634,0.610432495212844,1.1535673562633488,0.16043401770795412,5.2882231152603545,6.684696031218838,0.6213261116560328,0.4191649570862051]],[-179042433.7046839,-179042430.35823607,[4.33504181281235,0.0,0.7387037678019525,-0.1789568993804781,0.34220614541559347,0.7315118762375417,0.24331001985492878,0.6004279300061552,1.460398330508274,0.8722707944265251,5.1764789090842145,6.423247097853581,0.5319527380431459,0.45221906653114485]],[-180579971.5675159,-180579971.213467,[3.3599062729607034,1.0,1.4529895672600657,0.6351006096354945,0.22484834976494872,0.7491910946161738,0.48716007622136187,0.26141365060238636,-0.5348903827985008,0.763680079709607,0.854454870557714,1.1613052809458755,0.6010455756631404,0.4450817923480675]],[-182801159.25860006,-182801158.90772295,[2.70652718238341,0.0,0.8454647090707317,-1.24168846448354,0.2622262140593763,0.869447006481104,0.25837054174775054,0.3111900852977909,-0.9031077269033938,0.6590715008643967,3.174182911138399,5.310952018987825,0.27129017767007824,0.3524049623086089]],[-182849684.63456166,-182849653.60847902,[6.398859333721039,1.0,0.663751766741484,0.37640574576165353,0.5943343241523149,0.8261439504777861,0.17644930750584414,0.5082886925731442,2.5871777316845304,0.1,5.17089520795295,1.8783834585031771,0.6502412460479102,0.44541875941019415]],[-187773985.05087394,-187773981.24521184,[4.257309664021211,1.0,0.34817426539463603,-0.2751285468389335,0.327290918484462,0.9028167543319771,0.3904104483624101,0.5681919567046227,-1.995784509503535,0.31006692173724926,2.824492791632727,4.345756740315031,0.5314629562439991,0.5474582580442545]],[-189061481.92752355,-189061481.72424233,[5.707836186716048,0.0,1.365622493914675,-3.1071626984910923,0.1279189888433332,0.7891502834543609,0.29385260536992686,0.39721038847805784,-0.017488794780966772,0.4991484379105674,6.311995302720763,1.857851225449926,0.5980692139803321,0.4805016203615363]],[-195529329.8515231,-195529315.1699462,[3.28308493127071,0.5590244854067933,0.0,-0.6348665520672445,0.6217288779840631,0.8025212901608153,0.031327354763369786,0.38298502979712534,0.32313431539700316,0.9,3.6350563515303222,2.954134864458742,0.31722325609682517,0.4665357077734797]],[-197130592.74263576,-197130590.63624334,[5.522672640088928,0.0,2.856029715757348,-0.8990532679033292,0.41543301876732985,0.6787593239159969,0.1497889808336313,0.7053675671441307,-1.130311116847874,0.31379221661007306,3.8465933914506163,2.558057998383907,0.24044233658514186,0.7727147529524543]],[-207173065.15246496,-207173062.7480327,[7.876473609636404,0.2855741968350143,3.141592653589793,-1.3361462325126414,0.48864118017554803,0.9432020120107796,0.43654877066804954,0.3693008558330989,-0.8615330572849142,0.25756382408575174,1.800532199163277,2.5696295664745277,0.6641649158542795,0.41304203538251427]],[-210694264.5573271,-210694261.06787944,[8.689034075175975,0.974669537574781,3.141592653589793,-3.299307395272422,0.8262879868820082,0.8283052323461814,1.0,0.38823880616316697,0.5670825636133653,0.3913349219371251,4.906456322062506,6.504776299207051,0.49896270420943567,0.6624414853552731]],[-210806840.41039008,-210806829.96399438,[3.5798750141384366,0.0,1.9480088618906084,-1.1583523153472626,0.8736120054641394,0.9038630633194449,0.5499927170088239,0.21456719435961918,-1.8195407830185217,0.6897304707681217,5.226994953306973,3.183738972046801,0.4619674177675946,0.5703308445734162]],[-226611781.66542968,-226611779.6195854,[6.375009939058566,0.0,3.141592653589793,-0.062122068417222974,0.41000845266955493,0.9281420740960357,0.7323126323615663,0.3906302066322367,-1.4590676256107298,0.6426186896520494,4.240467906502027,5.003074346176668,0.4900174901847434,0.5623151707370744]],[-232368152.2096211,-232368147.24466372,[7.522031414155272,0.0,3.141592653589793,-0.9575904372697754,0.30242566009986854,0.9983189253409626,0.427667975553696,0.343989356447468,-0.4938827649623091,0.8256992273689018,4.839998096495566,3.1172214297579512,0.47515564493948015,0.3703022841967478]],[-233115468.94357318,-233115431.91173875,[6.612797310963322,0.0,0.04760046329320322,0.5297458982335042,0.8404421742638984,0.9475021168317355,0.09201218730941135,0.4728343582045439,2.145695409955784,0.9,5.741110170492205,3.684624482864694,0.3502929825929668,0.3603979504686543]],[-250605209.73613104,-250605209.47546387,[2.201504318000106,0.44306553817285155,1.1086761061974513,-1.813783835082932,0.2621706905332475,1.0,0.4487869919145295,0.8907318217439373,1.7419837504057945,0.6065363144359532,1.8947200973197895,2.412260126629212,0.62001240940012,0.5681159723238783]],[-253011106.83628082,-253011106.08643866,[0.314827305938139,0.8008578252728359,0.0,0.3860584854774478,0.5540093790800096,0.695414304162495,0.7118135211071234,0.43890922704615254,0.11062687532315385,0.6587987467958737,3.990401718431402,4.827479959150436,0.4321294643312972,0.48951553623556504]],[-262507480.61649188,-262507474.59096777,[0.0,1.0,0.0,0.6994723070390186,0.4957784691059898,0.584775804339856,0.8095349246815915,0.22249064703379867,-0.1782620429263831,0.5638080906778962,3.077315741996346,7.5427616332639875,0.2856006151563689,0.4264043380643854]],[-270544476.7935833,-270544475.1441313,[0.0,1.0,0.0,-2.1439408331327843,0.3617889965216232,0.6582971229166511,0.634224344762208,0.38934928943731895,-2.2619287171303495,0.5643013675289351,0.0,2.1494545972449526,0.3658940461854952,0.6444689194448483]],[-364051499.0622252,-364051443.3713073,[0.0,0.7448289614855487,2.002332977353557,0.4009446219645134,0.5291857681109445,0.6217330693961787,0.007187825611723209,0.203220637820355,1.0350794044360245,0.9,6.5282419462035275,2.2960621311640077,0.4839074143012234,0.5087285683479211]]],[5.408543937775401,0.6245661577517903,1.170023823393867,0.8498896351710319,0.4509000855976165,0.3117231482002463,0.43207313978896333,0.4742846202845251,0.02782858851690281,0.3700469646296993,4.48580393261798,3.800620616993403,0.4811775268714194,0.3433172955402378],[22.991025852778854,3.600893110456588,9.200630911553755,8.863248938051685,0.23893618381199128,0.2537576839126333,0.2551848034999225,0.24142328580109784,8.536906683478577,0.24064988646347854,15.663589112555622,15.928319294791244,0.037925619016924934,0.051967963471262466],[[22.991025852778854,0.07680733435085745,-0.06578589452280562,0.1578389675664415,-0.02808294912158462,-0.03712358671045909,-0.03630586124553287,0.002907622081373322,-0.08043755908911318,-0.023695176013092303,0.02142322631475579,0.12456870652688933,-0.001361771126602274,-0.04408985571236055],[0.07680733435085745,3.600893110456588,-0.022001380431933216,0.0048081867185237855,-0.007271385210124697,-0.012906841150328384,-0.01374409300901115,-0.005722006493108008,-0.015242481545093696,-0.023008806490218987,0.07738394130431972,-0.018471672217650503,-0.0010972829458204044,-0.01036980690969096],[-0.06578589452280562,-0.022001380431933216,9.200630911553755,-0.38395726900104693,0.014512528062033668,-0.010751296252332152,0.024565082452773945,0.004111377233799315,-0.0551557663287328,0.038987134350497867,-0.09966138597366618,0.04302999489243233,0.010535137526416776,0.05244929332808329],[0.1578389675664415,0.0048081867185237855,-0.38395726900104693,8.863248938051685,-0.02038865807802994,-0.03793108740428548,-0.06715422561664927,-0.01772410321788272,0.23360793846620975,-0.051492695845324676,0.26795316475685377,-0.253521343292018,0.004470557949930087,-0.06810128724287219],[-0.02808294912158462,-0.007271385210124697,0.014512528062033668,-0.02038865807802994,0.23893618381199128,0.002858226498551788,0.006190205832899211,-0.004723452493706167,0.005990044820511047,0.004482869772195849,-0.03415132446360166,-0.07929944998270512,-0.0002279973810647829,0.005803125206504308],[-0.03712358671045909,-0.012906841150328384,-0.010751296252332152,-0.03793108740428548,0.002858226498551788,0.2537576839126333,-0.0008451858219332483,0.002649521929921214,-0.0021764587239814,0.0080806187126614,-0.04732356550320809,0.06569390291406085,0.0007324297930657973,0.009814119384902701],[-0.03630586124553287,-0.01374409300901115,0.024565082452773945,-0.06715422561664927,0.006190205832899211,-0.0008451858219332483,0.2551848034999225,0.0021782621869209247,-0.060416793661004754,0.012816577337746668,-0.06533935215582569,0.018679954760607437,-0.000431705607472791,0.00819930965618038],[0.002907622081373322,-0.005722006493108008,0.004111377233799315,-0.01772410321788272,-0.004723452493706167,0.002649521929921214,0.0021782621869209247,0.24142328580109784,-0.0576727205710535,0.005622686922717068,-0.1030457123815226,0.005483897546238866,-0.002499763181204762,0.001545114027754276],[-0.08043755908911318,-0.015242481545093696,-0.0551557663287328,0.23360793846620975,0.005990044820511047,-0.0021764587239814,-0.060416793661004754,-0.0576727205710535,8.536906683478577,-0.024837429571972814,0.20655746142928746,-0.2564550520848081,0.007116635721276309,0.011348355958466479],[-0.023695176013092303,-0.023008806490218987,0.038987134350497867,-0.051492695845324676,0.004482869772195849,0.0080806187126614,0.012816577337746668,0.005622686922717068,-0.024837429571972814,0.24064988646347854,-0.06348012147733767,-0.00974043935852619,0.001264510381621511,0.008994831181372231],[0.02142322631475579,0.07738394130431972,-0.09966138597366618,0.26795316475685377,-0.03415132446360166,-0.04732356550320809,-0.06533935215582569,-0.1030457123815226,0.20655746142928746,-0.06348012147733767,15.663589112555622,-0.0336751015586117,0.008645665182407043,-0.055111963100620845],[0.12456870652688933,-0.018471672217650503,0.04302999489243233,-0.253521343292018,-0.07929944998270512,0.06569390291406085,0.018679954760607437,0.005483897546238866,-0.2564550520848081,-0.00974043935852619,-0.0336751015586117,15.928319294791244,-0.0003316147084014398,-0.012535631537183527],[-0.001361771126602274,-0.0010972829458204044,0.010535137526416776,0.004470557949930087,-0.0002279973810647829,0.0007324297930657973,-0.000431705607472791,-0.002499763181204762,0.007116635721276309,0.001264510381621511,0.008645665182407043,-0.0003316147084014398,0.037925619016924934,0.0020451727693113083],[-0.04408985571236055,-0.01036980690969096,0.05244929332808329,-0.06810128724287219,0.005803125206504308,0.009814119384902701,0.00819930965618038,0.001545114027754276,0.011348355958466479,0.008994831181372231,-0.055111963100620845,-0.012535631537183527,0.0020451727693113083,0.051967963471262466]],0.7010637420397756,[[0.0],[0.0],[0.0],[0.0],[0.0],[0.0],[0.0],[0.0],[0.0],[0.0],[0.0],[0.0],[0.0],[0.0]],[[0.618903610686117],[0.4717634853528437],[-0.9662784518898169],[2.145831065140859],[-0.743815083231523],[-2.852207868313609],[-1.0290246693194955],[-0.38956253867659746],[0.07026259324432774],[-1.9686598031107139],[0.9199310654931189],[-0.3775500277616124],[-0.7128545735345884],[-5.93396955357119]],1,100,-19904881.8945475,-19904823.983914793,[6.106705939358967,1.0,0.24974089863776405,1.1581017529442512,0.30197809513322704,0.517636391525877,0.10872955627662456,0.2195379403384396,0.6170144817566932,0.1,7.266624603982043,6.3287467283425665,0.5075782498842254,0.20368316618492543]]
