["generation","mean","variance","covariance","_sigma","_p_c","_p_sigma","iteration","num_evaluations","best_score","best_evaluation","best_solution"]
[[[-17094637.03420593,-17094584.82177061,[2.9728192492496746,0.014171987309502143,3.041086927472655,-1.0208095099037509,0.33068312530294275,0.9411553940617381,0.28777205685923757,0.31993552078855114,-0.1554213831299733,0.3866664899638077,4.627486506038402,5.5172640888653435,0.5716588287208629,0.0955223189113284]],[-36749190.31564362,-36749150.88741684,[3.1685221594100432,0.0,2.423921903727229,-0.5229188293769356,0.5116657929705958,0.0,0.4766947467098159,0.5445600691968415,1.474274489317856,0.39599206032811507,3.9295607005685347,4.42645921288508,0.5376219853394684,0.33559331551053107]],[-48671764.38009046,-48671732.66759658,[7.4643367074894655,0.0,3.141592653589793,0.014680917004891755,0.7014657069309167,0.2834562336647489,0.43662484183675676,0.5009325646146248,-0.4123974285406686,0.40635390801847227,5.45186782747022,2.6125828709043892,0.3737458946132862,0.32821391370767494]],[-52675656.37800031,-52675635.95914745,[6.9458533862888885,0.5758929555769257,0.3803625307006029,-1.6899499465350707,0.514863568312704,0.4484820809841142,0.3166145254661423,0.3396935550451615,-0.44539885212994945,0.44862754813389094,1.156696052698237,4.3562066362094125,0.6040316359044721,0.31523848479183214]],[-53765869.75409706,-53765811.74843037,[1.547922437168841,1.0,3.0529782130212326,0.4878725534828865,0.6971679374159735,0.019254264327398407,0.47675084712818383,0.3982269594973089,0.7307505069584902,0.32943544486820053,7.099769071441422,2.413021561751128,0.6142129964968644,0.43095656101570545]],[-55667871.14301174,-55667833.1545586,[7.137179120838418,0.0,2.590772412328639,-0.5672782548267478,0.4856876244984024,0.4128596615059127,0.6850135009496098,0.6336387759451404,2.511803840569392,0.6818845892798442,5.454002597470545,1.9466291759397252,0.43536392001825985,0.26596975073263984]],[-63574097.10518149,-63574085.2424342,[4.6967091983677856,0.0,2.0001665924181724,-1.7553709897162046,0.37215956444796844,0.708364692652092,0.015735608864589412,0.8644472029576384,-1.3613572015683408,0.45523162608609463,1.707142172896742,2.504828089640551,0.6055256142818704,0.3458860361044839]],[-64429931.1986915,-64429860.685370326,[8.622568796859836,0.0,0.0,-2.072604351642169,0.5593803071977828,0.5203177731064162,0.4159451836388233,0.27035598891657886,1.8774809583854772,0.3825308617648901,7.632016537947735,2.4434309949418536,0.5478056252631136,0.38301777484797506]],[-65682082.6338269,-65682081.33214831,[2.797284522368552,0.0,2.4771777184934645,-1.5877362912109092,0.5318715349701688,0.16483106586591395,0.6166349689221665,0.9186740836028595,-0.37179500572498275,0.4219698644675878,4.613309603718757,0.0,0.2687783696279319,0.4339584737158002]],[-67715749.57615928,-67715685.88166219,[7.423745469921091,1.0,2.3737852249660745,1.5134932700772261,0.4229306023934696,0.0,0.5012606439365002,0.0,-0.8419689203209848,0.29301430823404395,6.6862471312662715,4.207949452548393,0.45415692591359,0.5502649321564065]],[-67732844.35872428,-67732831.8982259,[3.7336993103212404,0.6222030678741058,2.224354750954975,-0.33727917916826894,0.44200135646108035,0.7842157541020882,0.483791604134548,0.0556733774723035,0.5534653075284697,0.48942225650591403,3.2966294909842113,0.25658033496459653,0.6239936200291131,0.3532758160534869]],[-70377337.86343575,-70377329.7846866,[6.2842455399941715,0.22020084252481226,0.0,-0.18005143243709704,0.17970682825466205,0.5487647356541077,0.3140454089740249,0.8532352975972255,0.02644164587129137,0.3400810622697729,4.650614123841441,3.795737849897627,0.2831257932914555,0.37874603155116215]],[-70643197.39550549,-70643147.25608456,[4.212190426692524,0.0,0.7135803132676365,-0.6422131304337945,0.4654997389853015,0.12251205294270179,0.0,0.5922466364336931,-0.44583545758991827,0.5668482016833216,7.036007795720591,2.0831030694816235,0.5725551162567013,0.46127885330664287]],[-71245501.51640798,-71245455.94961345,[8.169439216974641,1.0,2.007655738770623,-0.3836320886854222,0.6170963748401275,0.4593347101853352,0.2166726980515421,0.271569754886251,-2.8230005979113004,0.20645901932816424,3.231218231281355,5.420509118843345,0.5976178806790826,0.4292173196644574]],[-71325183.60427022,-71325155.09839618,[5.040340492950708,0.0,1.6080297256137817,-1.5257790109680327,0.4388777186236632,0.7226254866413614,0.30318345217549103,0.5579793995273801,1.6854638686529029,0.1,3.2683943933452957,2.920795617225723,0.7035526690233341,0.38446011424745447]],[-71725462.97095178,-71725399.2272507,[5.010851060590846,1.0,3.05329663278169,-0.3343960314714863,0.2824514302390765,0.3875081439349338,0.4964546335980791,0.5684476741713461,1.6351586075475741,0.28329283655663706,2.4133232841331154,7.162636549061519,0.578280428971597,0.44915583030393863]],[-73138097.84267229,-73138088.31167841,[4.452348132282061,0.0,2.8109878849847405,-0.9905236156354582,0.8834506755653051,0.4879988686516852,0.2755829357741446,0.6477172337339013,-2.174821475023663,0.23901118334021276,1.8182895490565132,1.618870905745248,0.4274902553785589,0.4418306286496191]],[-74144746.62026201,-74144661.73306704,[4.977408928674228,0.4692942919358198,3.141592653589793,0.23599088667906015,0.0735016229975014,1.0,0.2718717692506407,0.5436510299022411,-2.4160192940441156,0.1,6.17615696839011,6.544758721629632,0.5683330691530281,0.3825599273260697]],[-75151622.34902985,-75151615.2612046,[1.3690315545194105,0.0,0.6518548082187045,1.4192935264784352,0.41392275478817153,0.7478626930405181,0.22499520306095194,0.58801813980741,1.0363564739297702,0.35119266354576795,2.1502715791077565,5.608872400977143,0.4471765091937439,0.41173309379429757]],[-75167072.73719288,-75167025.93927401,[3.022665597022578,0.7120881164699854,2.1216744905108147,-2.1664239175216284,0.47044109687168356,0.580439683329127,0.5664643553677138,0.6585123729444334,-0.9495940874996871,0.511657254379779,2.475620802351177,6.361336207109121,0.6391034223571648,0.41207595798546176]],[-75575349.69646645,-75575301.34435976,[3.3900914982425374,0.0,3.141592653589793,0.8998501922600863,0.4110976629906191,0.6535637678419295,0.1812398212748773,0.3419317328795661,-2.014348830551951,0.294647956552467,4.067069913173358,5.292072712710472,0.49267622065844074,0.4365764293769629]],[-76071513.66901107,-76071472.14506537,[4.937222189737515,1.0,2.6096741500031344,-2.015198388840392,0.5651045278779131,0.542962606749094,0.8558076210883603,0.8513350319537941,1.3067595032247954,0.3621441251964205,6.216421894202261,1.7206020427112079,0.37723675197959283,0.43486836938354617]],[-76599746.41876334,-76599720.14050204,[7.733324530785587,0.0,2.6568646660809883,-2.655567776836041,0.5212126039170424,0.26477445409384115,0.4627147418734072,0.42828538220381734,0.7219140962351482,0.2988802943759793,4.788213764674293,3.64919792597603,0.39212419416307853,0.49480938500734534]],[-76784246.18992653,-76784228.04179823,[3.847909173493214,1.0,0.347991071554693,2.249583214227845,0.7340954204468595,0.0,0.7312984792289039,0.7344994800559388,-1.2951162360053439,0.5653003138403276,4.80650759037523,2.969865215777557,0.5278992546302327,0.5459525316671531]],[-77177093.69581135,-77177077.17816061,[5.2609565268706815,0.0,3.141592653589793,1.5785803511034642,0.0,0.2455060071446694,0.2591197353418331,0.52941675165767,-1.078136815284347,0.3786996021796728,4.171061637884867,1.417525038345913,0.4111930338663327,0.5118761478897411]],[-77621880.76648968,-77621853.40130824,[7.716692276452834,0.08947164046250317,3.141592653589793,1.7044601279525633,0.21396545118454474,0.49094432431337054,0.9615623647766841,0.48786282267498127,-0.14380289875535243,0.8119414638069662,2.741813519080516,6.687405005666914,0.5697909040597378,0.32079609003596254]],[-79137702.54781757,-79137663.97519743,[4.108765631197101,0.8956143855730839,0.0,0.6724363864213729,0.31193362077637277,0.8918523820593014,0.80405475118625,0.5770118850843278,2.0645597720667714,0.390395543055043,4.24082125439097,3.705775273961677,0.5236211143779647,0.42418990595517286]],[-80700002.5966732,-80699951.53655517,[3.9787188599223424,0.0,0.8087047480781437,0.5551369601900441,0.6996809784948316,0.7541295049378283,0.5282757962448927,0.37566342427394506,-0.79532272218954,0.7253827779617419,5.651752544961697,4.271319815142067,0.40647634020948675,0.3734961918888893]],[-80918511.99671851,-80918505.29060394,[6.780775545644047,0.0,0.8875103362742969,0.5929709088531844,0.7452524844179533,0.5061023684187844,0.4681571697937795,0.11895541865326054,-1.392120473329296,0.22017236299807752,1.104831828602165,0.0,0.5920070974826673,0.47967265214102606]],[-81517389.10648091,-81517322.4075054,[2.857804200792332,0.3223476090866227,0.0,1.2144068547254954,0.6452674907546232,0.4030564093838889,0.5057926183147627,0.4585390676704409,-0.20819083875027278,0.6691997063581292,7.978857864337709,4.102454438620837,0.40434144417726325,0.44730059644507153]],[-82333082.72821397,-82333072.08685988,[5.893482136584718,1.0,0.9402291903294641,-2.1228478115004044,0.6021216907822267,0.33698686459709376,0.0,0.121847647263023,0.835687287491928,0.2659936929818755,3.0400648721544563,0.8353158275544081,0.39867232630430594,0.5200998792050815]],[-83007123.986391,-83007109.25335246,[5.569901712830579,1.0,2.285187849314435,0.9406652726829826,0.6493746567644155,0.7244834274007265,0.5459537658339857,0.46408479872811204,2.689536686999666,0.49326780054048924,2.0638106794454045,1.3645490167618388,0.4989236989156586,0.43422527805598227]],[-84092874.69200842,-84092845.93005067,[2.239447198030014,1.0,0.18839454822054913,-1.3361152281430468,0.17140839311336925,0.2683313063728608,0.30348078572122916,0.554505945895887,-1.6477704661208001,0.41131948985296407,2.343900114383364,4.677163731264715,0.6366611145015753,0.5427715257011793]],[-84321545.61146228,-84321472.5426979,[7.102612844264586,0.35044312550004714,1.394325126484901,-3.1272016726659446,0.7698967239531942,0.5583020034878104,0.0,0.568659605383516,-0.3152798060534942,0.5341757915330209,8.522139917685625,2.459029308365337,0.4920735764794941,0.4493245459947739]],[-85119351.9412475,-85119317.8163358,[5.488522169352983,0.5131069783088875,1.991260742152992,-0.4740071797499007,0.538619119387448,0.6753871176867386,0.45087117212736494,0.5276206091429285,1.12860003747165,0.6800643974486137,5.812200725349888,3.4439065099702213,0.3219007656721472,0.40454435127569394]],[-85688059.38558924,-85688033.52000433,[3.6943600549067055,0.4106680034696041,2.6382694849904587,2.3829711695881004,0.128260603498916,0.49461208620053,0.6157119248463132,0.49681851610866684,-0.8584247555009442,0.47139403003541525,4.4305787517458715,2.476010266150368,0.4846497614421318,0.5073665173106768]],[-85809928.15691362,-85809888.74222177,[3.7451216239189407,0.0,0.0,-1.5706622720482053,0.6474055068554081,0.4532441196701436,0.8825947625970638,1.0,-0.07810253427867736,0.5495810128503852,2.2017045369124797,6.675373815924635,0.5343781357738027,0.47248440034807765]],[-86159102.87623602,-86159063.30895966,[7.2148795774461725,1.0,3.141592653589793,1.0810327607635686,0.40421034247277016,0.40381820626054843,0.4314123572759624,0.9571936065047736,1.9207956217419064,0.6637162462015026,5.86593892608147,2.9435522994463055,0.4977162061311325,0.4428715208503306]],[-87227238.09479815,-87227187.70022097,[2.3269641349119006,0.0,3.141592653589793,0.5308718013937368,1.0,0.3955012314550177,0.3199198557686148,0.17542046395966931,1.1465967889550894,0.1,0.9139697997970346,6.811558135696789,0.4183157839170344,0.5065431518760993]],[-88671316.55285724,-88671277.65386117,[1.1629692663988371,0.39009013163375106,3.141592653589793,1.036734413534164,0.27766893005542514,0.13748549609849653,0.7654239998924162,0.2668551215072074,0.44376058530360674,0.6507963456876521,5.728019397100444,4.627124977136572,0.505786189124039,0.5353213839972464]],[-88815687.0489404,-88815679.96168268,[7.202802236185951,0.0,0.9467895408174227,0.3212216507613929,0.29399611065188075,0.26299920237767965,0.8006807025459481,0.9467640718081708,-2.571732519294859,0.802018686314891,2.8598178021286405,2.1503251897280795,0.504171548904778,0.4396939284445507]],[-89348108.2261157,-89348091.63545156,[1.3962629069952213,0.9166071393676212,0.4725852328293194,3.114972926472438,0.9663981365713723,0.1871544501330446,0.9225466174417043,0.601107672981717,0.4678779802812054,0.5552246838884065,3.7096993909236082,4.466621767697739,0.44253556358822355,0.5499225751390022]],[-89474926.87773451,-89474911.53838861,[2.276465825762972,0.0,0.9126147551315749,2.4443914477886945,0.5357202356761368,0.2145926567526541,0.4194161790812708,0.2702258813621278,0.44902670109770154,0.7053206177067555,3.727261388973016,3.351860339143898,0.3902708688462858,0.5261641907045995]],[-90176681.58581209,-90176643.43662167,[3.1835591008593846,0.0,1.17287197669848,-1.5196749840729853,0.40361531668708467,0.3265421023579363,0.4756155143878957,0.6758174472538805,-0.9177153556282516,0.7623721702103229,7.6864337608192965,3.2553080509921366,0.5659294369844167,0.4444979485026528]],[-90200557.24287565,-90200527.20463341,[5.600528643439262,0.0,1.4825702059188348,-0.5231869338120759,0.7609718552781788,0.34337286880778084,0.7441426955956985,0.5782187905586752,-3.5648857884617735,0.5882552696690817,3.782010145646849,3.813355896510365,0.5215563502001619,0.527029937317523]],[-90811781.84502213,-90811736.52595174,[6.082965520179691,0.7061419657077357,1.6649152750677656,-0.7560951768996167,0.7768093765185962,0.3136147390135383,0.7549546892682844,0.5438312441367861,0.5222774988771927,0.32297840013081847,4.697201487950746,4.700095235601732,0.4997983538366973,0.5841755142894082]],[-90812474.56673448,-90812451.7916866,[4.4108273011930725,0.0,0.0,-0.7140895479541146,0.4211479599151558,0.5817063040399919,0.04163846773472557,0.7311538771023133,-0.3170748847642782,0.19234028705092537,0.7969256718539275,7.77643464778486,0.35164009122477646,0.518834579828962]],[-91963465.26449254,-91963437.37567776,[4.00265208811494,0.0,0.0,1.402314799370518,0.48247494190149426,0.32137754930788065,0.38791010497103834,0.42830109561102936,-0.9188001557753527,0.5501756911913008,0.955773422531399,4.952980852718598,0.4036719710191098,0.5683706824761696]],[-92028625.53920263,-92028603.312747,[6.2636794702157506,0.8842389348799369,1.0443145121615063,1.3090814101036456,0.5887315447058574,0.38909938136076017,0.1486065262865892,0.3909577384914117,-0.468298074344231,0.26338118286013523,4.3561150756204015,1.731854225861599,0.5684226743826842,0.5671278539243013]],[-92415019.96467277,-92414991.75601423,[5.30936181991528,1.0,1.6004894808653525,-0.9632008932395931,0.5640800463619048,0.6416492683051914,0.5780170783611863,0.9940457651609059,1.1359933237834654,0.1,2.6840808029872125,5.714674976341443,0.21350412741837027,0.4916112684080744]],[-92842421.27632257,-92842370.58217001,[1.2087298244731066,1.0,1.985827668242318,-0.33852703483674706,0.36275424466889483,0.48707428037753975,0.5644658752421177,0.7051470519104146,1.0084730572801945,0.3097296599630589,5.351811740517249,4.197449347573975,0.5706318175078698,0.5566513297112926]],[-93125013.37023254,-93124997.95315301,[4.671545824896336,0.0,1.2884313904574,1.17456498596712,0.17353949130733948,0.24704246453737477,0.0,0.36501841275907376,-0.24522276472691318,0.7804071520953374,3.8574940629521506,4.2189641384018675,0.47447836544332606,0.5102301784292752]],[-93674505.56282406,-93674430.37402552,[4.510950777835349,0.38565001233569984,3.141592653589793,-1.4344889640184346,0.21314550428462026,0.5477718271785039,0.5634690965486768,0.5078151793160945,0.6036900600692354,0.23960736293930107,4.008666108618427,7.534734115769248,0.4391765571313385,0.5528448126470172]],[-93676833.54365008,-93676790.3246693,[9.77971852961366,0.07746238851221332,0.25086865542701386,1.4286996380498582,0.2535815212556847,0.5396571920080863,0.012540077215078382,0.4209894933931355,2.668614547165527,0.5052051534916633,6.008288408027866,5.17902690188644,0.4849798358095343,0.513516106101]],[-94141137.9496668,-94141087.68779027,[4.4796812107235375,0.0,0.7875611577813955,-3.62926578943898,0.5055866693245041,0.4409525601004301,0.536075116200844,0.19472990852821703,2.1551386605042193,0.30550752812390514,5.3378656177070525,4.64583357045326,0.4040081959543745,0.5620046804240983]],[-94268862.13384202,-94268817.29209101,[7.120032203260999,0.0,0.0,-0.23024562766214124,0.6938625350043094,1.0,0.4389961232441455,0.49557040454454526,3.4015459122269665,0.5239609090854616,5.7199511625715544,3.673004016852813,0.4660992465346796,0.4592423873159345]],[-94376817.0841915,-94376808.04666486,[8.021664990889152,0.0,3.103018206578639,-0.2993653427585927,0.6684165759329612,0.43360946504108067,0.5511097312980755,0.963635686724988,0.5512025143462561,0.4560176135052316,1.2878306429924145,5.654909962777572,0.31660032938099913,0.5251099042481036]],[-98327686.13795306,-98327628.15669537,[2.903280592581268,0.8740646801174624,0.5272268057513851,0.34418809751973045,0.7449561533917246,0.3220924876720679,0.6353658100381164,0.7461872693466695,0.48733150970511796,0.7117151039374693,3.390648266266935,8.36275854401977,0.5810662267870728,0.5190784042103888]],[-98440853.17948897,-98440797.76412761,[8.885039950126856,1.0,3.141592653589793,0.287550084141885,0.909123959859554,0.8734294907301152,0.6482586598049747,1.0,1.6261584077772855,0.31950467700130647,2.761427927422028,6.346548297720451,0.49488932923756596,0.5386448827051922]],[-98478734.19376066,-98478709.79112905,[11.045230956155834,1.0,1.9411822820036082,0.5389242504008986,0.2364059288414634,0.24701325490523923,0.29650316722421244,0.801344046790679,1.178412149068679,0.5233876680027139,4.619473710375961,1.0572808522000328,0.4401822035129944,0.5951703979718963]],[-98750357.65458404,-98750340.725662,[6.506478829123104,1.0,0.0,2.950690242404586,0.5481614475017007,0.30251190820880314,0.5072604644767734,0.5385431598724767,3.533792797136691,0.7911365198686057,1.3626710883135478,3.6705683481929805,0.5363211287459808,0.49477073069633526]],[-98796328.54608689,-98796306.21312821,[3.0773167487432542,1.0,0.0,-2.3578459421095186,0.4089620778444849,0.17237969230787353,0.5537303158758071,0.22828672827319058,3.261459245164918,0.8517310287411114,2.8387376107530837,3.547432186630607,0.4634867781028603,0.536110209830456]],[-99571133.25875866,-99571120.47082993,[8.49243781252847,1.0,0.08436687643614493,-0.2224116324420487,0.2587745069241031,0.9413153378747303,1.0,0.8916522138646923,-2.571900232646709,0.15234589916620095,0.8419499757392108,2.567745709299794,0.34994711126674116,0.5271448704714723]],[-100155857.93766128,-100155841.53614074,[0.18414616759586622,0.2696234439276558,3.141592653589793,-0.6356452761111763,0.7354451724797723,0.2542322344635811,0.11088026802975082,0.22795733199171142,0.3349150929537648,0.564465772385605,3.930089886956927,5.315737368956945,0.4777949916911633,0.6144876802223415]],[-100850636.68819675,-100850599.10684675,[2.845999676518779,0.3235518064706223,3.141592653589793,2.3044147817614835,0.8343058697548371,0.4565149352281664,0.579986664654398,0.3462547192615929,-1.9794226994437991,0.6172243187662589,3.802893912905608,4.45265648463389,0.4911825219487699,0.5747565035598511]],[-101246373.44032137,-101246354.37516302,[6.414620918445271,1.0,0.34341654782934805,0.07703741957213585,0.5855710903241167,0.869067339945057,0.5831195019858114,0.0,-2.853941688453487,0.2611008979729748,2.580011329204308,2.065666116129795,0.529963420701252,0.5560664314040663]],[-101415383.28999536,-101415330.71581185,[0.0,0.0,0.2674346005919592,1.288331640308345,0.9952883106258791,0.5812876386118858,0.009054238661814151,0.5293717438712798,1.3440699835248013,0.5692771942134781,7.0250941183943105,3.614621083117921,0.44987783980269486,0.5060998734800767]],[-101941143.64273714,-101941123.17331141,[7.005143138307187,0.4310344968289455,3.135607034275961,0.44233882252699924,0.7128231223633807,0.6000119625796303,0.3029701886786008,0.3654912461309372,0.8094761963175106,0.3318859358171995,3.309146192489556,2.7657308570086476,0.5382496232609308,0.5910136946647432]],[-103319925.99992728,-103319889.86780363,[3.6207480643030707,1.0,2.748402655157393,1.3506342099496298,0.5158415117894598,0.5893744801543717,0.38800075254790334,0.05940304369426119,-0.1666195799290607,0.16990974192530722,5.226379970637164,2.856259103087515,0.4389031434569036,0.5888418231984143]],[-103584904.59272057,-103584873.17871082,[3.1753199116554844,1.0,0.18583106528392368,1.1341754344389499,0.9377315884320927,0.9018463439426738,0.6910218125371739,0.7102669822369904,0.35851671910630867,0.7595706474954962,2.290275867838613,6.018669891278929,0.6130885019663375,0.44058434914711675]],[-104688455.25967042,-104688427.6807273,[6.1974407696754685,1.0,0.21965682331668646,-1.2828013085489156,0.5645152499606373,0.3061875765025528,0.453703911725424,0.46182137192404277,0.8837011640286219,0.1,1.7119650937465338,4.756734086605207,0.5971333236943437,0.6170900227476109]],[-105181630.60493702,-105181613.69689697,[2.133321078284424,1.0,0.0,1.89730016613874,0.5931095938811646,0.16600481098210834,0.1585859278392494,0.8321840220068111,3.4829628621075317,0.7029955740271095,1.4817270057276963,5.611002799634121,0.6549606210931895,0.6075364714807261]],[-105480352.05883831,-105480308.06779557,[3.1041570583019595,0.0,2.280078871498029,-1.2143677392374634,0.7946471578184315,0.6891407307492423,0.748645317999722,0.5164359600400337,3.174865823494685,0.12061463415409557,5.506187245350172,0.07894344399624886,0.37686131793333577,0.5768398504588425]],[-106112269.85571869,-106112257.69003457,[1.26360162000086,0.13537064916582592,1.7480425546146363,1.2793620733046724,0.0002036108921488755,0.36565966733645183,0.0,0.5613189011381141,1.5594776940064212,0.6524173676490097,3.222691132369109,1.0896891918884073,0.4585451153864327,0.5887834866288377]],[-106938072.49305917,-106938053.70879135,[6.615140266811953,0.6384060109072658,0.0,-0.17064031210231995,0.7995567179706606,1.0,0.7555083352157828,0.6834482918170035,0.48747773680872086,0.1,3.4671390304793954,1.0952369586993949,0.1872272541927496,0.4792398062810221]],[-108218444.4159628,-108218412.99774426,[4.732123345281792,0.816972427399253,1.5800308182976495,1.6363511840957508,0.7972288521958572,0.6339411076240389,0.39107506267682374,0.38583625977872454,0.34968384694213506,0.8242731649779462,5.586385030982822,4.16033820256444,0.5340251838751189,0.49914711753386165]],[-109297785.55934072,-109297767.96332979,[5.128497432903269,0.4353944510928206,0.0,-0.2617911833266166,0.40469035396968317,0.6718490446010832,0.4886410224447537,0.717928939381517,-1.552559099846059,0.11768005282215954,2.449935406336395,3.1221449106703125,0.46644859194826427,0.597880800117259]],[-111944070.9646451,-111944062.61143237,[5.111869255552284,0.7874748149792992,3.141592653589793,-2.025803474123069,0.48211847830645227,0.7090795581076252,0.05132310894487507,0.604880124398432,0.8047857540270735,0.7308208689308623,2.8141063931633252,5.917119813184506,0.4210138882664715,0.5280376407405127]],[-112396258.83519001,-112396194.83126283,[5.648321467668222,0.0,0.0,0.4078992072453569,0.5209813175946854,0.9735183068183857,0.3205158290712975,0.5765621531595327,-0.9628051431592244,0.32868330538282564,5.523382328391422,5.935955005675316,0.45468195286423396,0.5991751416873623]],[-113112349.48130397,-113112317.62548393,[4.9296285291055915,1.0,1.0504976181595937,2.706766644423881,0.37666512310582967,0.34526082401373115,0.8118859895975619,0.606741078318426,0.3736157650773865,0.5943738363007516,5.035692261964499,4.202900976839233,0.4296190815587243,0.6367576084808766]],[-113349362.10068692,-113349340.5944342,[8.081584406751563,0.18322574044876583,0.8583336042706889,-0.6542134707852381,0.6995466039908553,0.9778866716995562,0.6321768500612388,0.2346610158181488,0.18007115697091006,0.14697802904331264,3.2874436815619754,3.1623204674343763,0.443394536731013,0.5970974645778362]],[-116592424.21970366,-116592364.5022853,[12.42195244724179,0.05043419024709073,0.0,1.9922547142739526,0.34380875720853077,0.5121187974782129,0.5719063112951402,0.46452909906606277,-0.8048417731087004,0.8443762776636212,3.463150134166271,6.965023228897625,0.5254278506024297,0.5551421575058068]],[-117130499.71008584,-117130463.45620084,[5.701733706228122,1.0,3.141592653589793,-1.0642016401247276,0.5664519666331683,0.5294568650406786,0.3723913067712286,1.0,1.69002606981678,0.8139051501811345,5.86655320053627,1.1435956818874184,0.4159493319657003,0.45738722715767577]],[-117821707.24734116,-117821618.15904623,[5.282055723040072,0.0,3.141592653589793,1.2323223227618596,0.6912925959691987,0.272993693641189,0.8806759276785203,0.6614057866653583,1.9222129738528193,0.6738834303952591,6.124595386055983,7.6219113827844485,0.6046049876390198,0.6677098583107823]],[-118472748.97525175,-118472740.7175886,[0.5326648664907392,0.5009887973930057,0.22429335180616583,-0.8166381439275427,0.21627753321214727,0.6788524242252711,0.5477200677295904,0.5188732798850314,-0.9082612060980233,0.9,3.686518866994267,3.6931892645969033,0.31428430913754724,0.5342008055206465]],[-118825887.0487647,-118825845.85753006,[0.0,0.0,3.141592653589793,0.6388442692388946,0.622442093246713,0.5061794492571864,0.39128816716444853,0.5438837934315335,-0.08149483711237826,0.9,6.2526936282391175,7.969528637250862,0.3937431951618878,0.42274369335232453]],[-121500417.2485118,-121500359.68587548,[4.725610885510786,1.0,1.8484276498048573,1.3243304690430582,0.6809420485155118,0.6166467873570132,0.49270890349057095,0.45081980826407486,-2.7518056141713827,0.3029557570121667,5.8694218437775785,4.13559410572923,0.5678253690602809,0.6985177860912949]],[-121918860.48699057,-121918780.5090056,[7.2451364555296625,0.0,0.0,-0.5941826221570048,0.6159992728645127,0.5564533329884651,0.4181456874251416,0.9076920792257724,-1.1657002353644756,0.47269965293259136,8.15485660524886,4.4639025965769585,0.5516534877059335,0.6918231786976681]],[-123172326.68180309,-123172282.33351362,[3.199688868416157,0.048831911829122776,1.5291693533003807,-0.32757227622882884,0.5177814735862768,0.7462727321742959,0.15603552060395043,0.5830984736711313,0.9579250416791365,0.9,6.593821469956966,4.933820140239904,0.6217535975501448,0.5054931222094843]],[-125179956.77097033,-125179912.67438215,[2.0893981874748997,0.2505921471869575,3.141592653589793,-1.6500459982374163,0.5156612013120953,0.8034181112856831,0.3676416676285161,0.6607913508313192,2.4105610770708763,0.20277128219346435,4.703836657277468,3.66710481673498,0.5885135087835563,0.6866249669857825]],[-125467488.41593361,-125467453.47887707,[6.885639276743243,0.6349143893636597,0.0,-1.242928080696611,0.2791786283328669,0.667599856541655,0.7899985642650881,0.5401371771465799,0.8938345376834655,0.8724172932978677,5.246235246865277,5.655819120211145,0.5408586352237971,0.5522580590089017]],[-125705640.84494333,-125705598.84252954,[1.7102498675854756,1.0,2.22213647722606,3.9750578961546656,0.45666857911325337,0.8378079819432078,0.5580575494225529,0.6198492694966263,1.6878949402756094,0.7001583134055058,3.2423645401642145,5.157221557107089,0.7917434998946657,0.5923454981471349]],[-131238059.31002256,-131237994.24029881,[1.2105286450901027,1.0,3.141592653589793,-2.4080764043634546,0.397158310867661,0.8435532676780519,0.7671386597532244,0.7390176325817968,0.6232907796221916,0.12666668910701395,3.782896170207308,6.929235448387676,0.7724661369741255,0.696958766563898]],[-132524549.1961654,-132524486.8615349,[4.464377957458388,0.0,2.20209078316974,0.14134061425094274,0.526648172084236,0.7851373940124365,0.30323923017344856,0.4360286446346231,1.9289749972839347,0.3046325282668506,5.75832273201198,5.9311414762839965,0.45941711624283893,0.735625005537037]],[-137738734.20859653,-137738699.92903197,[4.715258058579594,1.0,0.471587376197002,-0.2568295837494556,0.4088725977141647,0.9925842759173256,0.07674394778007004,0.2257496633049103,-0.4627083978715385,0.7263645352926071,5.044031327157205,4.404284198527682,0.47333551177547883,0.6671537536612393]],[-148546363.5005295,-148546348.37989485,[3.9621560106073668,0.8970780970922061,0.0,-0.2521578159908359,0.578754060084567,0.7457464715095055,0.11451005475817622,0.6246718801285752,-0.609996900781634,0.8858242717756399,5.2115976032370375,7.8803199343806085,0.5298926236764185,0.6673045227747872]],[-151268176.51662174,-151268170.6035837,[2.6126504104451986,0.3096490525883964,2.883140207615945,1.5963223685240657,0.8347915565953243,0.5605599420448444,0.15659988768599853,0.15927903472979987,1.4970204766121213,0.853536848107445,2.07856135290955,4.457405031642944,0.48418933521489876,0.7396609598449848]],[-233741772.23939615,-233741744.85312277,[5.055975606401791,0.0,0.3618226005099665,-1.579119264342113,0.2220248273307232,0.7388987760587803,0.5761697016416616,0.3682255955579965,-1.8509665934564978,0.5877559670917955,1.9849423720305732,4.539750225232154,0.4558578257591065,0.4544400191022103]],[-273988092.1191531,-273988074.3685522,[5.287081820436245,1.0,1.3644744437765166,-2.4471702233050707,0.5464550885042616,0.5229293477975697,0.01486078014079506,0.3651654567909648,-0.9226018618862426,0.8886023786615682,4.106753555011192,0.0,0.5187031256011829,0.393029202064784]],[-358598502.2421348,-358598488.0204705,[6.5567359671613685,0.0,0.0,-2.2646906163476297,0.38670654776325164,0.9128009023584973,0.0,0.7390888218011074,-2.3698572268122895,0.9,1.0280050952283992,3.449750452682023,0.5569059578821357,0.5532408285360655]]],[4.951071665598966,0.2828029794892268,2.1099662445857046,-0.580952858888988,0.48205873900886953,0.4409678191350273,0.3971090457127749,0.4846203905606192,0.10411779521927153,0.39709903719927003,4.4325119176989025,3.499901368833253,0.5152750299949902,0.35343038093078305],[24.081808195333767,3.607543752554829,9.333538647326204,8.573802987082601,0.2322041025379949,0.2674397521864403,0.2410067042019739,0.24392996969212133,8.709822053370962,0.23206434088076466,15.732299419182361,15.658798916250252,0.04066574452308378,0.051311494391086024],[[24.081808195333767,0.004733103879262637,-0.35416790370579293,-0.11058491687861768,0.015317333676785271,-0.011552015589759402,0.015919593470397377,-0.040817377536262946,-0.056253412510399295,0.01082456019893656,0.07380138850895385,-0.11010365252122076,-0.023764272056697622,0.02235577997296198],[0.004733103879262637,3.607543752554829,-0.061355783616818094,0.12241260234738477,0.00520457403958249,-0.007175830001708677,0.018701229514423517,-0.013234819681703296,-0.046539526192941105,0.0047036993374995175,-0.0292604441691079,0.09733969862159055,0.0040294687698902995,0.024748642180434002],[-0.35416790370579293,-0.061355783616818094,9.333538647326204,-0.02966713347903767,-0.00106701232722327,-0.01920015992551749,-0.008098390536782072,-0.008128221196945368,-0.03233541840134999,-0.033883569387391455,0.23490502814224806,-0.05201491365451603,0.0006218932524570603,-0.051569005512634575],[-0.11058491687861768,0.12241260234738477,-0.02966713347903767,8.573802987082601,0.004288323833601953,-0.029537542138543142,0.04736085398334177,-0.021942992798689158,-0.10712442467252074,0.025826416845208377,0.13298974927025306,0.24483116562408974,-0.012639637275652326,0.05826296650769855],[0.015317333676785271,0.00520457403958249,-0.00106701232722327,0.004288323833601953,0.2322041025379949,-0.011564628703206055,0.004169054888494256,-0.0010449484979621554,0.001050629582320297,0.0014010308129370505,0.015583370770517958,-0.05587377551333623,-0.0009746066063532369,0.00352763029135734],[-0.011552015589759402,-0.007175830001708677,-0.01920015992551749,-0.029537542138543142,-0.011564628703206055,0.2674397521864403,-0.00655974014211763,-0.0025790617878658144,-0.03935418221340744,0.0011498136418620127,-0.09141870502042464,0.08969200270875803,0.003687985644069299,-0.005711484370104268],[0.015919593470397377,0.018701229514423517,-0.008098390536782072,0.04736085398334177,0.004169054888494256,-0.00655974014211763,0.2410067042019739,0.0011457677804995851,0.05264374913648791,0.008431951151375525,0.022404067407867684,-0.004589622647253222,-0.00393212774432561,0.008452061796632878],[-0.040817377536262946,-0.013234819681703296,-0.008128221196945368,-0.021942992798689158,-0.0010449484979621554,-0.0025790617878658144,0.0011457677804995851,0.24392996969212133,0.003111265886833633,0.003103366540580083,-0.03786840375285981,-0.03909343039953131,-0.004864293695185613,0.0023580234434296345],[-0.056253412510399295,-0.046539526192941105,-0.03233541840134999,-0.10712442467252074,0.001050629582320297,-0.03935418221340744,0.05264374913648791,0.003111265886833633,8.709822053370962,0.017483745416928098,0.31948932990406087,-0.1966064029328264,0.0012762259317203874,-0.017006114259728134],[0.01082456019893656,0.0047036993374995175,-0.033883569387391455,0.025826416845208377,0.0014010308129370505,0.0011498136418620127,0.008431951151375525,0.003103366540580083,0.017483745416928098,0.23206434088076466,-0.01872145032388833,-0.0030838763814499937,-0.0016239060122626233,0.0055786186745522505],[0.07380138850895385,-0.0292604441691079,0.23490502814224806,0.13298974927025306,0.015583370770517958,-0.09141870502042464,0.022404067407867684,-0.03786840375285981,0.31948932990406087,-0.01872145032388833,15.732299419182361,-0.43032913832120695,-0.02004709155328704,-0.017507192403476132],[-0.11010365252122076,0.09733969862159055,-0.05201491365451603,0.24483116562408974,-0.05587377551333623,0.08969200270875803,-0.004589622647253222,-0.03909343039953131,-0.1966064029328264,-0.0030838763814499937,-0.43032913832120695,15.658798916250252,0.02655715327105176,0.004780659597033549],[-0.023764272056697622,0.0040294687698902995,0.0006218932524570603,-0.012639637275652326,-0.0009746066063532369,0.003687985644069299,-0.00393212774432561,-0.004864293695185613,0.0012762259317203874,-0.0016239060122626233,-0.02004709155328704,0.02655715327105176,0.04066574452308378,-0.002143537363619821],[0.02235577997296198,0.024748642180434002,-0.051569005512634575,0.05826296650769855,0.00352763029135734,-0.005711484370104268,0.008452061796632878,0.0023580234434296345,-0.017006114259728134,0.0055786186745522505,-0.017507192403476132,0.004780659597033549,-0.002143537363619821,0.051311494391086024]],0.6443549254182988,[[0.0],[0.0],[0.0],[0.0],[0.0],[0.0],[0.0],[0.0],[0.0],[0.0],[0.0],[0.0],[0.0],[0.0]],[[-0.07412158161139058],[-0.8225799467026013],[1.2999601246274617],[-1.4668100896836018],[-0.27179233812978665],[-0.8942790849608162],[-1.5586960722523795],[-0.23298585373228292],[0.26288024958737904],[-1.558847691321297],[0.8190159086260478],[-0.9469998814987947],[0.5785039467673804],[-5.550961479980199]],1,100,-17094637.03420593,-17094584.82177061,[2.9728192492496746,0.014171987309502143,3.041086927472655,-1.0208095099037509,0.33068312530294275,0.9411553940617381,0.28777205685923757,0.31993552078855114,-0.1554213831299733,0.3866664899638077,4.627486506038402,5.5172640888653435,0.5716588287208629,0.0955223189113284]]
