["generation","mean","variance","covariance","_sigma","_p_c","_p_sigma","iteration","num_evaluations","best_score","best_evaluation","best_solution"]
[[[7402170.898935113,7402171.404513359,[3.880112654781155,1.0,1.4603796606619193,0.681033107780485,0.6586234210138929,0.4074954124924002,0.4941746220603875,0.6909243107247568,-0.29875861773469736,0.45101062423604954,2.956673633171569,4.442915170257039,0.5202739659326797,0.3303760620288518]],[3827982.7437178483,3827985.5159841776,[3.957621677530767,1.0,1.5940070361557268,-0.6170657600818643,0.596629461559952,0.44301548354687237,0.7594153535189865,0.4577398233030926,-0.6846223107316932,0.2807703494425725,7.764349740568066,0.0,0.5619114320504073,0.4175837694621397]],[-1240716.9863736492,-1240716.8044577837,[1.9742989226712697,1.0,2.348429693781891,1.8240827958731844,0.21809668377749186,0.6517785741676623,0.6171108051335197,0.6241146135661303,-0.81856573252102,0.4197241355317329,6.930435314071975,8.599391678155273,0.5950450848171278,0.31199413556969446]],[-2683379.9682765165,-2683362.807385564,[6.352645478446518,0.0,0.02960442789210882,-0.3907254640992742,0.5724848354021492,0.3249690927273855,0.0,0.2967277582699648,-1.9013705386276265,0.17940556746888675,4.01670666622691,3.692536960681371,0.5050996617990813,0.4112223972391494]],[-5473608.829640359,-5473606.064043045,[3.773415691329669,1.0,1.5295633079332571,-0.16000172654775904,0.5767409176540816,0.4668612565751387,0.48964296734161594,0.3229898498119218,-0.808885666867224,0.46359667503751073,7.743036774106671,2.836169920322536,0.29220125453296397,0.37724961151646796]],[-6301759.338085741,-6301749.9758268595,[6.571535039510524,0.2688651604004567,3.141592653589793,-1.7547134343960595,0.7254477926557159,0.20630536821286338,0.11572596930672802,0.38361695968856113,0.5189854251902819,0.5343967555992151,2.7132865351572844,1.8489293837807992,0.3819824705014758,0.271594257080957]],[-7578875.800022703,-7578874.664688587,[9.043255102411916,0.0,1.889631132468352,-1.3296957754567726,0.6600917561583821,0.6772417607570778,0.6853826601982487,0.5785261268040267,-1.2307655145186138,0.25371283399066313,2.6430192993042727,2.1901404841873475,0.6584352556439259,0.39074408099229213]],[-7866282.033198357,-7866282.033198357,[5.466990387975464,0.05571537747579347,1.7542667886187115,0.4115033203259515,0.758168045970183,0.3348472173595229,0.5749781312337384,0.4844051396603232,2.3167503633551974,0.3335858222205771,6.853050688490299,2.3023060763403267,0.700876504633952,0.44864690043454086]],[-9560954.623113183,-9560953.981045306,[4.086584038144165,1.0,0.8617327215030632,-1.849613217248286,0.3145373929841129,0.29587186759860346,0.5472635452757623,0.6433938342162313,-1.584406478444663,0.590720364782827,6.832611639959692,5.6951810441224495,0.5009928776481779,0.35929985811787213]],[-10988410.670260578,-10988386.509132743,[4.886508630608789,0.355866431238506,3.141592653589793,-2.0235471754832774,0.6152977459522158,0.37318440569905953,0.5783779312542315,0.019745132600348547,-0.6255159513846826,0.6769313442511563,2.1346193133104396,4.354199013850761,0.5350052754450592,0.3322501075268922]],[-13732332.952883996,-13732332.717987418,[6.027949795725311,0.5306502439005706,2.06061506727695,0.3282382405275135,0.6583440728841389,0.4727927649963487,0.8484852950478852,0.4647153970875577,0.3544283422064954,0.1,2.1685814984356675,1.8296212081825982,0.4377816157883001,0.41574295277656625]],[-14916304.148502136,-14916282.871236205,[5.883287236578987,1.0,0.0,0.9891778383073904,0.5436814520378506,0.693199093710263,0.07304707691012813,0.8443758687659253,1.746527781020287,0.1,4.400679908148393,4.934369955958526,0.5436145981833191,0.3663880740082179]],[-15448325.31398654,-15448268.115537047,[10.306883940655954,1.0,1.4724334889529136,-0.49967913553497934,0.7402131984763919,0.44477226749218585,0.1109376443093496,0.4675192523235651,0.7293653698906906,0.29733543119671463,8.13789094336289,4.67532898683313,0.5547302760259679,0.40940241798581917]],[-16596752.996471364,-16596752.022684634,[3.3579136782490653,0.0,0.803533495770407,2.4399831682435655,0.8081489389358731,0.3009378168661701,0.670261390128921,0.4170517842077807,1.7420032649979746,0.32059515254763615,7.318046791339479,2.359841094303687,0.4494156324102358,0.39897060449716254]],[-16737068.944975583,-16737029.902418137,[8.386185960892634,1.0,2.9624252602331156,1.1077414860140782,0.5260782899642824,0.5455386057463568,0.8075619015888845,0.7270097903712139,-3.291457250574348,0.4819036745103509,2.6612406597835108,6.035076005620194,0.5420357769043949,0.421961669250509]],[-16932094.64113039,-16932094.079809666,[6.576227707303783,0.0,2.5214368658137736,0.6541697783640743,0.7938831776315747,0.34020533623069465,0.14302318949568138,0.6336962680983227,-1.1202431774647756,0.31927263132019346,3.85241637704005,1.9687226136580707,0.5569008296063559,0.5077936284759624]],[-18439000.064363193,-18438999.32073784,[3.330657222841377,1.0,1.0409873824164502,1.5548625311030424,0.24693173045208155,0.6248133598724999,0.7733566712276325,0.25801868739329076,0.11354132817965501,0.34932201940383245,4.461646272395593,2.238391825434263,0.49182068930641715,0.43060973612772663]],[-18597822.840364538,-18597820.855235815,[3.4024398892443752,0.5874034170492455,3.141592653589793,0.4232182173539003,0.34425423823479673,0.5251361304321635,0.8198874400373344,0.40649773494497204,-1.4138010632436762,0.5141517167346771,3.0372617842552825,1.645872976080891,0.4417095804052685,0.4122973653771596]],[-19636126.195980053,-19636126.147631764,[6.656351837484374,0.0,2.671247071247145,0.6269254256789047,0.4385582900189184,0.17221551422560732,0.6322525803325668,0.32092974475624336,-0.2438280020766575,0.4576350055997026,4.246072942478188,2.416872340296379,0.3511113252283991,0.35137465711207594]],[-19966040.128086433,-19966040.09541738,[12.229965741107035,0.0,2.8296341338666675,-0.018592028884991046,0.42312404409623544,0.4452139594924961,0.6269367989581358,0.5064900198186847,1.8641975679387255,0.20523237215303913,0.17453918580682393,2.587322580507747,0.47066833262608765,0.5184846912385029]],[-20082027.622009084,-20082023.675040245,[4.476786095820144,0.0,0.0,-0.2927885440998748,0.5160498780524886,0.6177984937887531,0.4756288489145889,0.8717808721530006,-2.4201375667968956,0.12082686759265393,0.9234969872855725,0.9755942356630034,0.6078314218253018,0.38484627110875314]],[-20569443.646057136,-20569443.26904112,[8.223982752317465,1.0,0.7588123371506754,0.4975189445275317,0.6527261596431477,0.28947247192470066,0.26912205813337836,0.5922476095284305,1.865692544601152,0.8375782735009012,6.47595773790784,1.7971211813339378,0.39185902549637064,0.3355776235040694]],[-21248039.460584167,-21248039.45967728,[6.990740436938605,0.8562559579466049,1.1646260361905874,-0.7765242314580881,0.25720149327442876,0.24713698978483722,0.2178605774875178,0.44219824338706615,-0.5123616637541551,0.3601303071765548,3.224681352617898,5.745208697929046,0.2634915456618574,0.4436651851294101]],[-21391376.870118342,-21391376.669899344,[4.2634114486791885,1.0,1.8480975673450548,1.8387639854880682,0.31993784660274627,0.25438212556729,0.2224444996304788,0.5550236681104325,1.1718550213848866,0.43521259056120376,0.8695114588979775,3.607307517925456,0.6038127080969815,0.42835834483787794]],[-22433841.600222435,-22433841.353483558,[9.465128606423876,0.8139799396251908,0.0,-0.4761220988271596,0.7307947364036451,0.4649309345336401,0.6857335029032132,0.5974435558229795,-0.7175488068331668,0.2001710904245339,2.7903617310419286,4.18925552470013,0.5210289753020018,0.5059215307904389]],[-25138060.164979734,-25138059.81962812,[6.221246643615844,1.0,1.3354265530989515,0.01829716473304184,0.2762498367089219,0.343919533623283,0.0,0.6663891486751886,0.7165111310249992,0.15743529975256199,0.20144831340091862,2.601392950699556,0.45771788235292765,0.5187195652751068]],[-25835144.77022361,-25835128.692143798,[5.6792546051746475,0.5608193906814711,0.050781751220007276,-0.7102186323269679,0.695976232511428,0.5215787596238838,0.0,0.8138657931649474,1.9435894789389634,0.6257799805181146,3.8414280224233877,0.0,0.4944779816463318,0.40223036914900145]],[-29952673.066683576,-29952673.011236906,[4.492729101739311,0.0,2.673562353134856,-1.75801632117525,0.8032603291532568,0.45675978631533715,0.5779260234812048,0.8944445057421431,0.7792267898293856,0.5442832099437416,1.4482086898572781,3.590448268949234,0.5466372649755534,0.5035829981480218]],[-29973755.783649385,-29973754.719251156,[3.7922536888211535,0.6243334396069712,0.0,2.0928783679684266,0.7127017454926631,0.3512527461622737,0.6162329640825853,0.3410300501208539,1.546083663893273,0.4672065358634565,1.4004713536450026,4.62989054745403,0.644042832544327,0.5347764360634374]],[-30842038.303572893,-30842026.043614507,[5.872260877267857,1.0,1.4780220223339466,-3.9250211434370303,0.3826219318330046,0.32382589676499507,0.28485949039806147,0.1060121233859238,-1.9257857995114955,0.45089048099883977,2.9621558799162155,0.0,0.6125355059082451,0.5255901587995028]],[-30942023.419415712,-30942022.35038054,[3.4433365701289516,0.3227225985902481,3.141592653589793,-0.24797545344829366,0.10639150581526718,0.4450211290247955,1.0,0.551701631246612,-0.5652486954573982,0.35853683189053975,3.2116744652243803,5.59631009471893,0.6662609794143922,0.6165380489058088]],[-31512846.63537093,-31512846.498447895,[7.066712446073119,0.14790253874909437,1.5018237430688988,-0.04858436448837328,0.5870801549783548,0.4339659189296195,0.626198333008263,0.885704497160241,1.518919566773412,0.26290554159083,4.288475108731748,3.3945693724737724,0.4700938638184336,0.5836970031833537]],[-31836859.27491238,-31836828.640030026,[4.873517088023492,0.5241593707758012,1.4805723214245448,2.199725453564856,0.7440032666443166,0.7559688319695063,0.39302371140316816,0.22705493265351379,0.6100950512673513,0.2078909588214442,5.525871566577013,3.471658925058737,0.6141957897869229,0.48104703050874364]],[-31941467.092401735,-31941466.947010756,[4.515230454785948,0.0,1.5933428121191673,1.2863506820556025,0.5115747441867433,0.31526624208034226,0.7122059072524775,0.590967734489917,-2.108284352317554,0.5904548218602987,8.714204461934319,2.3989120029712354,0.6780294176756977,0.4974368257910684]],[-32398990.663643494,-32398990.553670645,[5.918256772589664,0.11488956298507202,0.7186898539293141,0.2895943424931984,0.6001770975205021,0.6555043444175692,0.313858104760262,0.4850223765773678,-1.0819626015261568,0.1,2.7311173860259146,3.92563896457468,0.619431027953958,0.5010163837289761]],[-34167857.11308795,-34167856.69041109,[5.012663427754999,0.0,0.30176793837607097,0.1984561417469437,0.450651492507054,0.3904665389886893,0.5078428494503004,0.43306577495355303,1.531528655226328,0.7471764432855699,3.769756075788496,5.728877110032568,0.5307440902328885,0.43187956613063133]],[-34779753.775567606,-34779716.53913343,[5.948807461463176,0.05085508339481892,0.5021326203194798,0.4972377306746524,0.09808256068088345,0.5968069670854448,0.34925507720571614,1.0,-2.006673837805063,0.8149196303643653,2.073615588873093,6.026689063038037,0.5259351104079648,0.3577851065563798]],[-36379415.20398973,-36379400.1353606,[7.326326130990019,0.2726172900623508,2.1479242688434503,1.3641045103638603,0.335033018641157,0.5053659924416594,0.2804650027798692,0.31315266871959774,1.289410489227326,0.4175624839131327,3.8547796121267406,2.2189323256624713,0.5975445060623025,0.4861109567213465]],[-37053555.52183651,-37053529.79671073,[3.5338171593365777,0.3738899206244063,3.141592653589793,0.5904627225106867,0.41845258555177794,0.4456001812956957,0.6345083095745147,0.17249922351245023,1.2384565859996322,0.9,7.177913243676241,5.342896757541497,0.4379054145737924,0.46332849940299525]],[-37633664.1632954,-37633663.87923849,[5.407766933491268,1.0,3.141592653589793,2.572969631896709,0.26231548657962733,0.4328069448785693,0.19033994691325984,0.4217468351823842,-1.7520917628545385,0.8364826394698401,1.9972947720241443,0.0,0.6021153887521592,0.33079241216696964]],[-39703707.510491334,-39703706.22523272,[6.105466263510645,0.0,3.141592653589793,0.947050616337638,0.5012999013290388,0.7990142268534999,0.12048118139666081,0.5715237368771773,-1.3671413290429482,0.6619513706375988,4.153002348843649,3.9871769351438484,0.5876183337131514,0.43245216777723994]],[-39905802.15128178,-39905767.98742896,[2.271403663304322,0.4722154329488102,1.6412650210564577,-0.7418650748490323,0.580028569216875,0.23454190201919917,0.3285848667020397,0.20649757198699548,0.7187234232692166,0.1,5.819770495147148,2.983129511845674,0.4605001359432948,0.42758944044065095]],[-41167722.655720435,-41167702.67210364,[4.081531388648022,1.0,0.0,1.2123747039973534,0.7856857343949444,0.6083217296390193,0.4089908259551205,0.5129030404949386,-2.277089932538061,0.18197897616942377,2.2001217968469335,3.931578181125491,0.2937081716087896,0.5730112978298205]],[-41240355.75248284,-41240350.97831607,[3.6614991243547554,0.7703061496620519,0.0,1.5993725946067603,0.0,0.7763310973723145,0.8546166853315555,0.483250108333734,2.13986851378414,0.1,1.8517476689320715,5.77837705499353,0.6594304773631372,0.4962927969305851]],[-41277040.17977542,-41277032.29153144,[4.895014835514584,0.0,2.9527457459055597,-2.8084220155434223,0.634271755221818,0.5329757915930629,0.91540064937826,1.0,-2.937360652696339,0.5124587799259376,2.5054790555000093,1.401121913149137,0.6476585443921549,0.5601008356560626]],[-42046035.717700906,-42045995.02272755,[6.188005103537139,0.0,0.0,1.6433898015270736,0.05467133859951112,0.7599403003006178,0.05954989850990916,0.0,-1.6754804242386767,0.1,3.4978206340479545,5.039900075756391,0.5282406207360782,0.48503564680104516]],[-42791771.23289758,-42791736.91564536,[4.919189326082694,0.0,0.21669681716384503,-2.0822088846337135,0.7897760790649403,0.15229907480335614,0.3651283049275176,0.1126967682160922,0.7527075791384508,0.35434523005493546,5.7961428415919,2.0633119499010384,0.45596244393279556,0.4834002201442694]],[-43076460.008456066,-43076460.008250594,[1.8017387620185477,0.4987097461789026,2.892824954968031,0.2286637917098379,0.8475520798457641,0.7297922624585562,0.6790255606278087,0.5534889927772184,1.3573333919728665,0.17496612853626287,2.682080806408905,7.889396469253745,0.4422197482720866,0.3964539949972342]],[-44629024.3890022,-44629023.938912034,[4.873392366008489,0.5355091270650288,2.077433576843108,2.169290924134413,0.9915039409705189,0.30682147479903304,0.39150869270145255,0.8839194335713532,1.9885956432005703,0.31369754149924856,6.08155170783553,3.012820204402189,0.42350995202508324,0.6218975310602715]],[-44710410.82809501,-44710410.82616544,[5.354568208128665,0.0,2.612804168340035,-0.26386056035606315,0.6558106944041029,0.7178703626637639,0.4330108453839834,0.5542801296926231,-1.5564007187387197,0.3378876357255294,2.2853341452416878,5.338994464781837,0.3737779343030384,0.460404543767009]],[-44949411.69258493,-44949411.69258493,[2.593073349115939,0.2382017097744275,1.48639367054373,-1.97909303446889,0.5793650566228523,0.19706335086185056,0.4646734748563505,0.5667403348362968,-1.084330884968503,0.6020690118010594,4.050299676028181,3.7041253968112784,0.5158021350225085,0.353909568122835]],[-44985213.07823913,-44985157.12070608,[10.226744694666117,0.0,2.5692241255775703,-2.8048293714382613,0.41466615080350083,0.5664593045257698,0.3053252699662884,0.40425652396895917,-2.7070148705791666,0.5705947982059932,1.4954831493013243,7.196327217700025,0.54427913508512,0.5373176269153724]],[-45235655.64538188,-45235621.99825585,[10.681293343059743,0.2313134268752583,1.686493167927986,0.43085266143840134,0.5859274198772862,0.23843204251670863,0.448956789374064,0.14658157720616272,1.3218932217163595,0.392698747692617,5.760561806292787,1.7262933981285977,0.47867447376214417,0.584071905122309]],[-45929968.25495951,-45929967.432790756,[3.1409826575092934,0.0,3.141592653589793,-0.5556748822990195,0.7815774963928204,0.363152958561498,0.07547355463515298,0.5692228827775093,-0.7923129012127226,0.7285912364771171,5.331516724974919,2.369726965461022,0.5264181250410725,0.5012509948534531]],[-46073687.10767412,-46073687.10767412,[4.242381222849235,0.7174380047089223,1.2973745283281495,-2.580856339434251,0.6715079594042973,0.47505216893594376,0.5563431376874343,0.5433189902677895,0.6087875711771478,0.7318141467562892,7.039330651774362,2.2248994741490136,0.5657600168225525,0.5442222186115553]],[-46800216.72251134,-46800210.73875797,[3.0464921130218174,0.9302279170730007,2.9245738383608186,2.3092493715051017,0.27244062365237715,0.6219708897939438,0.5454233401546694,0.17617210368111275,-0.6594653372361062,0.6396578467101757,5.555836426068235,3.969447349620227,0.47960276224032744,0.49518240513306977]],[-46899445.485486306,-46899444.9548623,[8.312290705844713,1.0,3.1216405723884497,1.9538584128474017,0.7480284148819605,0.6351066611340992,0.7500697412690998,0.891834192842865,1.472274118778751,0.4333992179531996,3.8619013154947504,4.138454723442115,0.48349218539492045,0.4603372173599433]],[-47581748.19946086,-47581745.72437751,[10.80242363065713,1.0,1.9612505728799163,1.1068033951596505,0.43854860153276165,0.45104508248746666,0.5922175287973876,0.2878270177971522,-1.8022713643266952,0.48005904291872,5.001956364634351,1.9426346100877048,0.26396746749989286,0.4955073091885735]],[-49307638.83542362,-49307612.49055022,[7.610640573242371,0.4077409983730485,2.836115074227688,1.3142426205773161,0.48332390168338035,0.5926431385128232,0.4102429963886278,0.1187836972954277,0.48550044253458,0.45792537902880237,5.104874333327308,3.059743227035171,0.2859251539557498,0.5043353381609872]],[-49876061.12503659,-49876060.49705458,[7.638633211755641,0.8945540483968231,3.141592653589793,-0.6550539204265887,0.5891288816113479,0.6030305696669456,0.9056759194375849,0.48951174986631646,0.4174820905482136,0.7954553250095099,2.9373557593839212,6.402107850843697,0.4429695212173721,0.44609947295268293]],[-52654733.24418088,-52654713.42105603,[6.742744488178044,1.0,1.789598079564533,-0.96956728691373,0.5105902924518535,0.5322240394422493,0.08066390383797839,0.10598889461541056,0.9435949783922374,0.8062646482465561,4.320759199206469,3.7943935927866557,0.38769863132621585,0.5383929848117942]],[-53892181.271580696,-53892181.271580696,[8.197318797877443,0.8933365704833,1.3947887891245738,1.7009885141480918,0.1492253657487893,0.4326222049790651,0.46403072235581544,0.7423026979276128,1.2522688773662933,0.4344817954954704,1.9458048314849878,2.35839284293967,0.5052499165929195,0.5672075841053111]],[-53932435.45500035,-53932435.45488709,[4.2275783459021525,0.7568754802245847,3.141592653589793,2.89090180955772,0.8039186055706733,0.2841584358155148,0.48132605839988846,0.4291150996688389,-0.5324525053998018,0.8433059749605085,4.347877447032333,0.8097177486595939,0.4404953264486456,0.5402687992308355]],[-54430935.57161581,-54430934.88208631,[4.430940120754656,0.0,3.141592653589793,-0.826852537021826,0.8727376827977369,0.0,0.5235564841783859,0.6212133724682609,-0.5503112919736929,0.789912278267776,6.159924009862824,5.15557893749642,0.48803992363795096,0.2648086680292663]],[-54899911.33830576,-54899908.03145641,[7.9957825152599336,1.0,1.9094584789446052,2.4130254901943964,1.0,0.5154091091310039,0.12136266441173238,0.29350475934702114,-1.4147356282646235,0.4249880136247185,5.03275639379544,2.378623140382093,0.5486815190320868,0.5187754738899281]],[-56265479.821239136,-56265479.667292595,[2.926382666982934,0.8078312626644113,1.9637675558688588,-0.9129954687846717,0.7043645595200723,0.06268779981628436,0.8356127217578195,0.4787931797229929,0.344884517265876,0.3474469256061984,5.5748485517551805,7.814484064659148,0.6815002204781863,0.4958673138901696]],[-56978800.34524097,-56978764.93160081,[2.621844924855732,0.0,1.17954889292394,0.6117900281578418,0.3239717981654072,0.5028839038614429,0.9691536068202005,0.624075334939684,1.9530781188319537,0.18295943430640554,5.80198962298306,2.817628546504073,0.48503358082195325,0.6138916518437687]],[-57481707.13792612,-57481663.3055979,[6.723329097990986,0.0,2.0754437361649325,-1.8201598784386803,0.4336720168270476,0.5682667829139016,0.6088869058593646,0.642912514775293,3.56994573111266,0.1,6.505910642339645,3.310544696943646,0.41710309269447693,0.5896511494250831]],[-57523015.6723991,-57522994.84571606,[7.168166768710134,1.0,2.217728934041723,2.6335051975994537,0.10048261298137973,0.3559123270944514,0.2709569321870435,0.38308568516917546,1.7980987668422452,0.34819196500487865,4.492059167454427,5.634516543105719,0.4766902643842895,0.5756108777475811]],[-58412469.518689334,-58412469.46477997,[4.542330862376604,0.0,1.0324524408490157,-0.5732297034598833,0.5435870657703638,0.447352378846093,0.27193281429068483,0.5827183384017812,0.27263111042551064,0.771688029964385,3.453792800909906,3.458735543608275,0.4889138697165336,0.5859080249575894]],[-59144206.74984806,-59144199.22830391,[7.621733747144832,0.6543746468952261,1.1702953536999765,0.05891233938286143,0.5552717806791215,0.6875351653639693,0.7192818286180573,0.8250135829920135,-2.168564198582464,0.4381780666752831,1.160835453863894,2.720187489829864,0.5005577582789713,0.5134802081700993]],[-60234470.21974405,-60234453.359452724,[4.577410914969092,0.0,1.868858512524019,-3.1617410575825913,0.3228443117176405,0.3699208290585751,0.0011234857107632057,0.4613942471619254,0.9084130413732594,0.9,3.981094649332295,5.211134245878039,0.508978990471192,0.5289098231498267]],[-61889228.726489514,-61889228.111365676,[1.6625344176314445,0.0,2.0233107516857687,-0.1374990223864728,0.11332704256602505,0.5992927594196855,0.909039498274548,0.5093699487040381,-0.6479483305766169,0.3926290897339242,2.6466031176931573,3.0653053701764037,0.5182156657028203,0.6683421391107823]],[-62828347.7027657,-62828347.7027657,[9.688553673846592,0.6947409493042596,1.5209517573449511,0.7234043676798271,0.23234879853748197,0.4398995930304572,0.3964684072811202,0.5573025784128899,0.7353625367055601,0.8019467674557579,4.496527632146129,3.180079919932277,0.4132718689561218,0.5056294637337863]],[-63692056.05236402,-63692049.25441456,[2.6735540940109255,0.0,2.7437030417724806,0.18826702573536297,0.6810366856196081,0.43395572033669505,0.4022627948788054,0.5270259137316754,0.1406151310214616,0.8356438445477334,5.185833508643913,5.746852662470591,0.5690337691349094,0.5423212660049707]],[-67287168.57363439,-67287168.57363439,[3.296121026765233,0.8869698306763694,0.7824791490777514,-0.18684536235564675,0.3532645666266866,0.6739776101325596,0.7216783973496383,0.768027269282703,0.7828933223651384,0.5802404336668449,0.858391466799036,2.6320393012594576,0.49650232093380975,0.6104887461892246]],[-67839664.63860674,-67839664.20278859,[5.161494639876564,0.0,3.141592653589793,0.12224890221254388,0.2529816158736504,0.6868408305253113,0.6257460592956302,0.7993707952426918,-0.1618321413806832,0.5529330079524738,5.36576207403634,5.970949068720513,0.44523452570154415,0.5055523000120348]],[-68173154.19590718,-68173146.42398661,[7.128082814700454,1.0,1.6723638937776124,0.6547942649591209,0.5881474521523342,0.12621647624690108,0.5035114931879172,0.3372001665241058,-1.7272144779517937,0.48572261664447663,4.247890223933501,2.717694916127725,0.588863438672364,0.6129210428191194]],[-71893677.21206392,-71893657.89809531,[8.629042001605608,0.0,0.1587228313421829,1.3014764249999673,0.44188907317485016,0.2690003742275769,0.43135720660960475,0.0,1.346337340007702,0.8958614566662484,4.232587324379056,5.181211917543818,0.507984554959732,0.5750124648096504]],[-72114235.85361896,-72114235.51978755,[4.301322311437455,1.0,1.599014691368041,0.49597504715899987,0.5957875417980517,0.20008049080154805,0.3170188773704295,0.35602980439115567,-0.29870783823022856,0.6976634762999226,4.42204672381064,3.49607572586559,0.6743541975757147,0.5987618983038275]],[-72465309.22092414,-72465309.16401589,[8.200390283315397,1.0,0.7253843999252096,-1.0269626653925503,0.09891868484067412,0.7058507806652672,0.6955348516255866,0.6133289093909878,-0.6126567763607229,0.7322596767317717,5.157518229736795,7.648240969321753,0.5768551814186366,0.6057596419577491]],[-72685517.26582792,-72685509.78603137,[3.621172828062523,0.9027644679068882,3.141592653589793,-0.7918830951295036,0.36391747782537015,0.7328540429475024,0.0,0.5761502397570302,0.6059938118254249,0.822709650892195,3.204716220073738,1.9838139298026438,0.4920412335158349,0.40733654684470916]],[-72854487.50694874,-72854487.22623903,[2.5411949990070863,1.0,1.036448475919303,-3.1741435423555133,0.8113792219218964,0.0,0.6948975554584569,0.9476077518358693,0.12244338637104221,0.8841973485511816,3.967090597117667,1.1440135694455966,0.5120589622169274,0.3438708974467851]],[-73846231.09203637,-73846199.66028738,[3.5655961020225413,0.0,0.9607535001575214,1.5546599887714567,0.2749550903033759,0.1507298303769713,0.12439408436569388,0.012996654447690159,1.8447067122432288,0.6528696644439256,4.741027304416846,4.004854136764533,0.49672693827657555,0.5568703537622124]],[-74913511.88103844,-74913510.8332119,[5.129602012859489,0.0,0.5745523362313184,1.0313015184837024,0.41072952781043387,0.035155384222108066,0.493071109729647,0.4561106462527492,0.7023271829485059,0.42878396001040464,8.275371596690322,3.8034293370052943,0.5909988293409525,0.5785142002251495]],[-84003823.86749282,-84003812.93729925,[7.050984343262526,0.0,2.806790428429987,0.4507020525358766,0.12027353476320246,0.798426767300323,0.43287670211943047,0.2229835766152885,0.9573494283000856,0.5777075775770499,3.2617065957192417,1.7552178530176104,0.6179704037894779,0.5469140500685618]],[-85088427.60078096,-85088427.4200027,[4.960471437759605,0.4917267694267115,2.931245207409422,-1.4291832874601242,0.8409281917189677,0.21659150232350532,0.6708922623207436,0.8913337693595405,0.8964207412596932,0.9,0.27383248363362256,5.490351101603838,0.5970313250378568,0.6261969146038509]],[-87623417.89958778,-87623415.43911123,[4.681159380444668,0.0,0.0,2.7500644923042987,0.2245305091305771,0.07945947012770815,0.7636012485859061,0.6035658932971328,-0.4972221343666676,0.8198603070904904,3.2839546554448336,6.821254311161587,0.42605640537011086,0.5687153498176034]],[-95436118.53408124,-95436118.45829034,[2.4311255148274213,0.17124049221671828,0.9520956550734901,-0.9483883059365061,0.5373744958733792,0.24055987031541642,0.17787479679430052,0.9225744451158002,0.13453326074495167,0.842834361071784,1.8106611442261151,3.52827617060078,0.4612623088371339,0.630949201362589]],[-100651534.5976774,-100651527.76162028,[3.6278485666170592,1.0,3.141592653589793,2.90827233116581,0.27500180213191755,0.7395083899534309,0.35705538052392816,0.5797888742792306,0.9707103755249765,0.9,6.386436928899249,5.026226972981284,0.489967247002337,0.6685096532379835]],[-104608981.22254372,-104608981.2112832,[9.918566665013294,1.0,0.5257862963787261,0.3702056696060359,0.5540796136925893,0.6349865980348552,0.4435897931551115,0.8026014277504205,-0.45828712836954544,0.9,3.8464537368798117,4.706726041471527,0.6254004715629076,0.6420080725093881]],[-106283383.05948818,-106283381.36004603,[4.375996435118973,0.0,0.4077208615095156,0.4565564022565568,0.872195106506801,0.9336563374811001,0.9424086106717557,0.5644758264940917,-0.28559921838933394,0.2949224941805697,3.401690340236943,3.6897985735749668,0.4159910294025073,0.4739194913774974]],[-111975482.97760615,-111975482.96501565,[2.0456191306209752,0.46718049294703684,2.0672061396701302,-0.335421987945719,0.3875077342215488,0.7900582008254801,0.6197728617578894,0.756330202854528,-2.014819107807914,0.9,2.4449199611582815,2.1633734020919246,0.4461009542226748,0.5908989324544582]],[-117826644.66266695,-117826644.30964291,[3.3256532753658528,1.0,1.566832218868047,0.04603930433561308,0.22299872250917407,0.9087220588613258,0.3545046124199407,0.29625158784702665,-0.609045146535398,0.42409762314500066,4.146816225823867,2.5939491612987364,0.43962390763976733,0.5022184652652496]],[-120838940.29437687,-120838939.98617196,[6.89001243713096,1.0,0.0,-0.2114639854223323,0.1270815842189062,0.5673047617635911,0.13821688960816497,0.5104193289561825,0.2736895660025573,0.6566891624470134,4.197382381445722,4.040908075229157,0.5266091509812335,0.807471889173089]],[-121546568.17970616,-121546554.9499762,[5.896341684377365,0.0,0.0,-1.216363758650996,0.6347928482148257,0.0,0.2423688580371658,0.36547218606651044,1.3459365253096343,0.893593532512242,2.7856272035264924,2.69768922907868,0.6340026507649408,0.6268978648761865]],[-151378703.4105916,-151378703.13966525,[0.823219460721071,0.9156096150608937,3.0062937091933644,-0.7228404818935102,0.7778385042570305,0.7999443980185577,0.43344955941893476,0.24678345153650955,1.9352371919982794,0.26268095179291817,0.14725330833138006,4.6291856994648315,0.7015551202926473,0.4432562250416888]],[-154621464.68975657,-154621464.12169874,[2.4507873839143763,0.44943404291404954,0.0,-3.8260241224014866,1.0,0.6788099126278354,0.6362169767714019,0.864906541480976,0.11284021760321207,0.7668316160474437,3.068488251148594,4.19654995811211,0.48920243383762435,0.32157388461266323]],[-154934303.46538222,-154934303.46538222,[0.6173819430903791,0.9959349160620594,1.7453284320044802,3.0718726329337818,0.5870250049504868,0.4820434063871643,0.4730086725760165,0.517393542719103,-0.5186906414415459,0.6498117434171811,7.0092237751478965,4.005640047749418,0.43034833536721867,0.5247543510707211]],[-204553710.562894,-204553710.336411,[4.323624569068771,0.11322654170174229,0.0,-1.093114086790066,0.0,0.9339224906629168,0.543643295438094,0.5295809701504487,0.009519041150359944,0.2584870639500466,2.05482985976746,5.04966437288382,0.4844213482458525,0.5447031958557921]]],[5.323959269098619,0.6251546623593687,1.6553686160708019,0.008960375914317533,0.5644977975743203,0.43508879782637966,0.48719081937649894,0.5042712961058871,-0.3150652444644669,0.3743585341143623,4.655739434090561,3.4321189368631817,0.5124655462083663,0.38553509373705874],[24.31015910008933,3.6076830952565406,9.073193298267963,8.561394912687733,0.23509108222341307,0.23051976584438447,0.2516921579528759,0.23566472320545748,8.701392395549137,0.23853529978100643,16.794397875572145,16.45559568461332,0.03987918905832717,0.04300980938235102],[[24.31015910008933,-0.1728483188465641,0.05078739523569105,-0.45246955069019407,0.07642964286435805,-0.025038281250046653,-0.07999228587844977,-0.0034907540388309064,0.0817511754952847,-0.06094249783944036,-0.785675734546576,-0.6087711522920907,0.004093770831250434,0.004525875882202194],[-0.1728483188465641,3.6076830952565406,-0.008257592696802108,0.053836093205842664,-0.010170245428064694,0.004248243104843318,0.009500218685533916,0.011455208481238958,-0.042472070531516824,0.0007309483812307595,0.21219457378183568,0.11385711363033128,-0.0020073897328150496,-0.009808567990130765],[0.05078739523569105,-0.008257592696802108,9.073193298267963,-0.062970087990331,-0.0006358887583654694,-0.0057662074317312365,0.03992752376851254,-0.01677177675040876,-0.02225541014139836,0.025292016157827522,-0.16870791509127775,0.012904913842406511,-0.001654146106468826,-0.010193462569761174],[-0.45246955069019407,0.053836093205842664,-0.062970087990331,8.561394912687733,-0.02089910699533321,0.024850733480580676,0.026767162733835063,0.03600943543950235,0.15884626221253537,-0.017302813535028334,0.19419388352893868,0.44585650801289406,0.006514827094398154,0.0010706877417602978],[0.07642964286435805,-0.010170245428064694,-0.0006358887583654694,-0.02089910699533321,0.23509108222341307,-0.005772335428369111,-0.004332869843777272,-0.0010460220117874113,0.02403515889458748,-0.005135415457822269,0.0036395499200542174,-0.11093339105122246,0.0005644373952552822,-0.0030286038040244264],[-0.025038281250046653,0.004248243104843318,-0.0057662074317312365,0.024850733480580676,-0.005772335428369111,0.23051976584438447,0.006503970833754868,0.0045743488575043165,-0.005171629010163499,0.00047415844529779644,-0.010811497508380995,0.058282565596679,0.0021958993475542313,0.003548744646087483],[-0.07999228587844977,0.009500218685533916,0.03992752376851254,0.026767162733835063,-0.004332869843777272,0.006503970833754868,0.2516921579528759,0.00023999584050558569,-0.01670016236488864,0.0020577688126879254,0.0343285163329695,-0.019399501790867125,0.0023907677461509767,0.001564372486511337],[-0.0034907540388309064,0.011455208481238958,-0.01677177675040876,0.03600943543950235,-0.0010460220117874113,0.0045743488575043165,0.00023999584050558569,0.23566472320545748,0.004256757778097225,-0.002490692183830709,-0.017300897054107346,0.052897275468726614,0.0028919963700898056,-0.0003623556390588348],[0.0817511754952847,-0.042472070531516824,-0.02225541014139836,0.15884626221253537,0.02403515889458748,-0.005171629010163499,-0.01670016236488864,0.004256757778097225,8.701392395549137,0.014842382896373374,0.008952422615780517,-0.16455851399696125,-0.00048158808886490683,0.019653021137179077],[-0.06094249783944036,0.0007309483812307595,0.025292016157827522,-0.017302813535028334,-0.005135415457822269,0.00047415844529779644,0.0020577688126879254,-0.002490692183830709,0.014842382896373374,0.23853529978100643,-0.029880264651586136,0.06984090255978233,-0.0026942959515002304,0.004613629974553084],[-0.785675734546576,0.21219457378183568,-0.16870791509127775,0.19419388352893868,0.0036395499200542174,-0.010811497508380995,0.0343285163329695,-0.017300897054107346,0.008952422615780517,-0.029880264651586136,16.794397875572145,-0.07407095993810493,0.004699844199511533,-0.038435036389853745],[-0.6087711522920907,0.11385711363033128,0.012904913842406511,0.44585650801289406,-0.11093339105122246,0.058282565596679,-0.019399501790867125,0.052897275468726614,-0.16455851399696125,0.06984090255978233,-0.07407095993810493,16.45559568461332,0.010350536525454004,0.008064478751816888],[0.004093770831250434,-0.0020073897328150496,-0.001654146106468826,0.006514827094398154,0.0005644373952552822,0.0021958993475542313,0.0023907677461509767,0.0028919963700898056,-0.00048158808886490683,-0.0026942959515002304,0.004699844199511533,0.010350536525454004,0.03987918905832717,-7.802138976492394e-05],[0.004525875882202194,-0.009808567990130765,-0.010193462569761174,0.0010706877417602978,-0.0030286038040244264,0.003548744646087483,0.001564372486511337,-0.0003623556390588348,0.019653021137179077,0.004613629974553084,-0.038435036389853745,0.008064478751816888,-7.802138976492394e-05,0.04300980938235102]],0.5783081470628101,[[0.0],[0.0],[0.0],[0.0],[0.0],[0.0],[0.0],[0.0],[0.0],[0.0],[0.0],[0.0],[0.0],[0.0]],[[0.4907662134264619],[0.4739923008660483],[0.20390715445996355],[0.02262347038555552],[0.9770777659169214],[-0.9833404362327324],[-0.19404640247467644],[0.0647059064598441],[-0.7954877446905185],[-1.9033437948421235],[1.2417253871082783],[-1.075354472059462],[0.4721017034019635],[-4.335074959668613]],1,100,7402170.898935113,7402171.404513359,[3.880112654781155,1.0,1.4603796606619193,0.681033107780485,0.6586234210138929,0.4074954124924002,0.4941746220603875,0.6909243107247568,-0.29875861773469736,0.45101062423604954,2.956673633171569,4.442915170257039,0.5202739659326797,0.3303760620288518]]
