["generation","mean","variance","covariance","_sigma","_p_c","_p_sigma","iteration","num_evaluations","best_score","best_evaluation","best_solution"]
[[[8132020.189947034,8132020.98699367,[2.775230222667872,1.0,1.3236584883610207,-0.9602004279909471,0.957530553816186,0.3460938955663372,0.781567171724012,0.5070898943227549,0.23013420882785418,0.3805026394535194,2.2092991552069208,3.137990151401129,0.6188947304761122,0.29332497312063976]],[1657533.9948112683,1657537.3545718193,[3.1863172911118314,0.7990548336558254,2.458385128008863,1.3342076665052924,0.6560402038963173,0.4175905587326706,0.030281662259201925,0.6832389053939346,-1.5346796138956038,0.45254736186857125,9.0,7.292030514646391,0.47628387695396657,0.31732220011076673]],[-1656018.47656066,-1656018.3362250328,[4.764317889867137,0.8766022334561886,3.141592653589793,0.4710315533010384,0.6860780717846515,0.36102312957655536,0.584429230703949,0.27318133131471534,1.2336611873038794,0.6382268581461339,4.218867380493269,5.63618180426472,0.5710258771585676,0.3005331830466901]],[-9798557.510261482,-9798557.232725024,[5.87544464568022,1.0,0.0,1.1539164120193175,0.34061581254492657,0.8774031394293467,0.3220994494027969,0.6035218364944633,-0.9300467289192456,0.3853424955544986,2.7010274763031346,3.4033829149735046,0.4781513461775299,0.3211164429308002]],[-14484616.431913454,-14484606.240181923,[3.6721795698976294,0.16718520770741208,0.7106561884715126,0.04359028212404659,0.5843909346399989,0.33867688456516853,0.4776723670096044,0.2675590940809599,-2.2151683022945017,0.3196497606291554,5.848812836337002,3.0140660039017346,0.5803651293049263,0.46299877090791]],[-14490555.112739557,-14490552.840047121,[6.5399743049622145,1.0,0.0,-1.7809565556523543,0.357305433171635,0.5050525779971987,1.0,0.5636571779451084,0.18298483892932915,0.7549209663846466,4.825400282529558,3.6154894947396974,0.23807988347486864,0.3539372622522948]],[-16513328.411142051,-16513328.221098661,[7.598130450128092,0.5261077253921044,0.4216835956979581,-0.8745398247912484,0.4552427052434464,0.5409350149832444,0.4384676663078857,0.8448696801460853,-1.2554481684524887,0.3750785252471476,4.611793011009882,4.438862297814891,0.567584124380904,0.3764449337300948]],[-16737041.439538268,-16737006.35097456,[9.801029843754733,0.0,2.4436894590752405,-0.14767658622890267,0.6496229086891364,0.5726071159886518,0.49355108278747245,0.19741921062892537,0.5519013505815337,0.20513940465824276,6.268731112451601,3.4955193550234673,0.44598081308536835,0.43463995088642726]],[-19658070.98158663,-19658070.822078586,[3.3400852389414144,0.1260571331137178,2.753884116365682,-1.1298384515442599,0.26639253228619886,0.5141840103864492,0.8393862448343027,0.5505055094060008,-0.10010860135779653,0.3081248902411851,1.64479559530927,3.9490892931201915,0.5934202239674011,0.5407141252537097]],[-20750836.260331195,-20750835.168058395,[9.535504055969373,0.0,1.7693659188358903,-0.5381623941816853,0.3994016046508985,0.6955270116529767,0.4262680333777358,0.485025753995418,-1.4840330207770014,0.44095876484062435,2.6134886365035355,5.740723308625413,0.7534742170209502,0.36342678734766865]],[-22103714.591032874,-22103711.44397247,[3.2834322518779926,0.0,2.0353540552309934,-1.1409161253554103,0.4442299152447871,0.4254415461642425,0.5091302339764321,0.4751690052108708,0.021848721579037368,0.1,3.973410772019567,5.522868656625202,0.37652126223328936,0.46175773908800133]],[-22387861.41738335,-22387861.290461183,[4.192087238050584,1.0,2.2892649186036964,0.026843902664793313,0.3131679467994819,0.24156055085012323,0.7457659580021114,0.6468443456338893,-0.9789279938964957,0.4190908786076921,5.6413608151499774,1.97223176435767,0.6231731405588334,0.43331286995196705]],[-22571677.945520274,-22571650.244497657,[5.693186204885342,1.0,1.6489425177884993,-1.327390651845175,0.40152225650248713,0.42766618149856206,0.46686390956365836,1.0,-1.2617836693069928,0.5421867366665737,0.13096675195638285,5.2067259251067455,0.44641084399141545,0.4636325712413117]],[-22801130.12959638,-22801128.324718714,[4.149657813778162,1.0,3.141592653589793,1.0577757800838503,0.27801563311197786,0.30121400695528944,0.5473257366480344,0.5015084650387354,-0.16869025826301176,0.21526343072336224,2.0331807515596743,3.911266092851607,0.571361525547978,0.5146581938655231]],[-23526966.409449458,-23526966.409449458,[6.086229156602748,0.25194147958184165,2.0491461189064406,-1.627052810939646,0.7397958930845348,0.5759659346761725,0.55351910636396,0.444019835868015,-0.03717031713814271,0.6771456021018012,1.1266154876307044,7.076943328254011,0.4256836259635346,0.4253574386192645]],[-24655519.414263893,-24655518.919255614,[3.7978336880179717,1.0,1.8156631357119914,2.0129284805651144,0.7421610524866733,0.4405309249460654,0.6818045579700158,0.7475247617029922,1.4563352029945227,0.1310335204589449,7.906179675743681,0.5367522586260396,0.5783883406503018,0.5052367307636932]],[-25179248.52591337,-25179248.279203415,[2.6877881255711005,1.0,0.4795580380815718,1.3906920742899314,0.49049808374739357,0.7263287980211793,0.7818392015181066,0.7773926032357258,-1.4013280161150037,0.24905467023308048,3.580756363485269,1.2084539916431911,0.5168418520196546,0.4786801955807014]],[-26074770.707327347,-26074718.229966283,[8.637285253513744,0.0,3.141592653589793,-1.3259336970964144,0.3829451445723871,0.5004999644512445,0.4302408915400853,0.0,-1.6197576854790536,0.592789645263133,4.778858999530891,5.16772851520828,0.6676881507188487,0.44182883007489565]],[-27934212.958220106,-27934212.43815279,[5.197505444686426,1.0,1.6088675800126215,-0.8073901865663562,0.7949008529475238,0.6198817837893723,0.6511242930499382,0.29758297441099024,1.090043316601635,0.5917800036029341,0.6291695025210586,6.019120060790813,0.5032434797661695,0.37109808150791057]],[-29282864.802394174,-29282864.802326918,[8.56242510514888,0.9646410783599865,0.8639295789904592,0.8829550283858925,0.4985779900815134,0.5239390731887104,0.7377513729524285,0.4106230898704037,1.3594775692952712,0.4447466412351884,1.0718367178418946,3.2677214481261756,0.4963241629777711,0.5117818839271718]],[-30175790.42958521,-30175789.504317403,[7.433592174968574,0.47220758463306667,0.799774009576728,0.8430037265749061,0.8546431688786493,0.8946950488093008,0.4375546440782409,0.41726102752726346,1.7491229944234314,0.31300738551715657,3.1254027422212913,1.270022473687943,0.5972951036115752,0.46840636002596076]],[-30463327.050779108,-30463326.62812829,[2.07598636408769,1.0,3.141592653589793,1.5622213724178695,0.4374707547496914,0.5643078447013885,0.0,0.6707701288490612,0.3250610457704081,0.11722839871673618,1.7671276806593195,5.351589228582801,0.5411590350015447,0.40021505983362615]],[-30656260.35134399,-30656260.35134399,[5.6654832831259805,0.21222185736278054,2.8280662538065173,-1.8330128935550003,0.2774062337832636,0.11041191813932816,0.5132736271749458,0.430109029422448,0.3450945585396826,0.13981960303535373,6.109044116350018,3.7484418020243835,0.5514681730288459,0.40118141514449235]],[-30921064.49856196,-30921041.476676702,[5.685685238379013,0.0,0.0,-2.177854032431917,0.7429073836081265,0.530584847797637,0.8388128529171897,0.0,-2.961805616543449,0.21270821497587106,3.0736316056145037,1.858697031156368,0.4465671879524983,0.5125969035094443]],[-31030258.061219405,-31030235.038292885,[5.037780952632674,0.6019404460666102,0.0,0.6400184351730323,0.7018414530175365,0.4983257624703844,0.24236470761496948,0.0,-1.6866414997096528,0.800017959398466,2.899159467111412,3.4136168242529514,0.45834978372201546,0.4168925878718205]],[-31579477.496467993,-31579475.39810872,[7.6522503697387005,1.0,0.0,-1.1903702951267388,0.2129977291953477,0.2067341437618505,0.7206862450770043,0.6587206538487218,-0.6782317570480275,0.4627547471738154,4.563289579227615,5.713996639794368,0.665048100196239,0.4731143078661951]],[-31709944.097809553,-31709944.097809553,[5.00498381009479,0.6305395128109403,0.8890781897395326,-0.2596215474438163,0.33453725892538416,0.33285159322276037,0.43094918523530856,0.6317809747968379,-1.3964875498619378,0.3271177391912202,4.171883820213962,2.5423299793726164,0.6163444879514762,0.5904533823505366]],[-31860309.791723315,-31860309.71995032,[3.261157042116639,1.0,1.6763582881737458,-2.162466913471465,0.32129985827856455,0.7946013779643879,0.6805116912003701,0.29782253989376095,-1.4571213939779994,0.4069658718896312,2.765780251668237,3.640640560464402,0.3288261230828655,0.307751167826646]],[-32495610.934588213,-32495610.811513186,[5.1733396443694595,0.0,1.3558440369339662,0.5112742690283,0.16846509832078732,0.48467564306216687,0.10934589544291151,0.5222830893727441,-0.967493681708938,0.5867009491840811,5.633378921243851,0.9079756084255233,0.5569703734648032,0.3828236364206323]],[-33150354.114669777,-33150350.08427435,[6.287183041973513,0.8687884312378671,0.0,0.4020098551906361,0.4226959502645435,0.3218573203074747,0.9512877565962177,0.5585477613910657,-0.2324413406266212,0.7312936108697488,8.09242527742107,3.766227216727979,0.3185027395734798,0.4808961242347149]],[-33549189.16539416,-33549178.432917356,[9.460741447347603,0.7299334956037148,0.097039786382773,0.2522837822246293,0.5394779694594949,0.5422444008239602,0.2636850021734177,0.2224663674157597,-3.1927075267073883,0.3499840449255409,9.0,2.317398487144488,0.488429003959298,0.5297087315598393]],[-34271763.263894685,-34271763.19010377,[5.0580108189990245,0.0,1.404184703303661,-0.7456737032457433,0.46455548896421717,0.6352433556100833,0.3298655509797489,0.590227937816089,-0.644973546257156,0.2997643232099614,3.851300995494916,3.6693029602386913,0.6166001100877028,0.40711296283086473]],[-34286639.239152506,-34286638.972036004,[5.982259881220399,1.0,3.141592653589793,1.8097482355214995,0.4042358931615591,0.4881769920727897,0.47907043223738943,0.2905333831042558,-0.39512970853914653,0.1,3.0358809687866355,2.963446620338127,0.5073909635732723,0.500957424923679]],[-35765436.136683755,-35765415.44698501,[9.245693596124584,0.34939618599148614,3.141592653589793,1.0049286559434925,0.28841716258637135,0.7081094319521067,0.33591607154498315,0.8318199550191656,-2.562713005216624,0.43045698650667624,5.143014400086258,4.482659120741761,0.4420557359417721,0.5050735128415688]],[-35996874.96081504,-35996866.97585857,[5.347590675026319,1.0,1.4235572878527258,0.995960488930101,0.9312322393568393,0.3679791410107206,0.20963241268800853,0.3590065498511782,0.44410459980971984,0.3782926299235522,2.6331318309141016,1.0205378075975795,0.7115141997447818,0.5649781000581305]],[-36042339.771891065,-36042339.37179971,[9.495048356110246,0.0,0.8377413666227816,-1.3431660773505785,0.42081729964291203,0.3791798745545323,0.24112273950128094,0.7711182362523398,-0.3225781924055998,0.5540719398497367,1.3828066143541524,5.733886554915938,0.49551049016848375,0.5577371024008599]],[-36245789.226998724,-36245788.01760793,[4.036761258069404,0.0,1.9423497033603287,-1.029670057909628,0.5776341912199802,0.6089367401312179,0.3744251649982091,0.3802498400863375,1.280306749179465,0.1,2.103789784527102,5.421819499242328,0.38382057932253794,0.39926193447348945]],[-37863566.95923037,-37863565.901536584,[3.7102671480247356,0.0,1.811998446027336,-1.0444207673446213,0.25333213219688555,0.6106773982936607,0.38957946827756446,0.20168942212914792,1.104871157819841,0.5725693588761142,0.0,4.2655295237972455,0.5048285493999439,0.4774014716149656]],[-40240123.735146984,-40240123.40500617,[3.1811288173856505,1.0,0.4769254071718365,1.4342253048302995,0.6620188296719632,0.6151404927320957,0.5619875176989041,0.2725173420426221,0.11049501999279746,0.15548428728720104,0.2499650861490652,5.998702455949143,0.5524113244621062,0.5786756687268018]],[-42511976.62740819,-42511965.09606278,[7.146128355867772,0.8966190966549328,1.6487587839392643,-0.16413673978915314,0.6685734500219512,0.4024549545938704,0.6388329845311528,0.5330974750798311,-3.5254769698232904,0.6473451471521747,2.4232027406501775,3.301766128168363,0.4688667471599355,0.5477099248587983]],[-43896191.92841901,-43896165.08316457,[8.0323420069297,0.0,0.0,1.117221195471037,0.4640139210676455,0.23878963405604425,0.3464329018304131,0.2160966538948509,-1.5393020131254618,0.3714874649108135,5.657920998207569,5.014002360595768,0.5155660391900541,0.5901303036515559]],[-44129248.20726971,-44129244.459892035,[6.498331979968423,1.0,2.7873228079775205,-0.8139477396974741,0.2867527166573399,0.5127108810092732,0.4605559576307772,0.8383840389274664,1.9645369476275383,0.3028567859615895,4.50597715208778,3.576344408070142,0.5458270584278971,0.5603198591172086]],[-45904282.54344101,-45904245.7284379,[5.261558026160789,0.9938726030125125,1.9297408705585881,1.8272953176774331,0.8692972476612263,0.5080205500536504,0.5694703822429341,0.05721272680873435,-0.7060007563964379,0.41170695026325616,5.883171573898332,1.3383152227345514,0.3955572522474469,0.5400878966540125]],[-45918873.14951286,-45918873.1494807,[6.684541955580141,0.12318469041284047,0.9960668929043069,1.7577706596934233,0.7273474518101739,0.20719073509641456,0.6562140108496943,0.4556990186127472,-0.6944430022423249,0.5802518681774076,2.1713905151898745,0.8485578952142396,0.6438805899124413,0.5165541105613682]],[-47326025.544088766,-47326013.788145185,[5.707907100585524,0.20397978640209463,1.4379484696222427,-0.05574855706378094,0.8081030826617055,0.19178816046352076,0.42175847014908274,0.7594199699315606,-3.178520380252829,0.6959101770374976,5.878857767663684,3.3896839897321387,0.30925897556735094,0.4816860176569195]],[-48193980.52726387,-48193979.2166028,[8.016505242878605,0.5903270556292887,2.237614893239135,1.0376755876657717,0.06799703071403645,1.0,0.28254544846923013,0.9851429952920411,1.5428359338228383,0.5824250286145831,5.297225330593172,5.44878979986946,0.30016858215324504,0.45284084494575566]],[-48219845.24622749,-48219844.60515082,[7.746390422111002,0.6755339102317567,2.6525446784772173,0.33784107808098107,0.4647882798436421,0.595091213548518,0.4068322503264058,0.6061860902400971,1.764838937181369,0.9,4.371686117330425,9.0,0.5658247455071344,0.3539764641134251]],[-48936443.69251518,-48936443.22103518,[6.298141391927865,1.0,0.0,-3.0155668692774684,0.8117139627390969,0.18918826574676478,0.7008501558787574,0.6236933335565958,2.414477458099574,0.5068875979875817,4.180819906209163,6.15441590934419,0.49788635928873304,0.5349247583953329]],[-49436440.75556862,-49436385.66778427,[7.008723745596826,1.0,2.097831451009447,2.0296686799367896,0.4075996184606365,0.4702131148204387,0.10282975444120124,0.2021707159091714,1.9466004765315001,0.463573834361189,7.218088483746944,5.890818816271728,0.39619944484779124,0.5132420472203326]],[-49757564.37676851,-49757513.466346145,[6.407837259261023,1.0,2.359809027340537,2.9343933255223136,0.20994107647151217,0.7720378483409521,0.31564230813984423,0.274600816050582,0.9424190695173603,0.3141874945642735,6.916206269735394,3.942941943007781,0.6568435589797277,0.4974808241666807]],[-49849499.61753146,-49849499.39865458,[7.207146706719714,0.5212857387778216,2.833993302126835,-0.12060768666607222,0.15701718563571687,0.587893267885843,0.8512263341654434,0.9619027453008645,0.8484208478229215,0.7464355368407516,1.71130496984012,3.9694743250432474,0.31377932089185706,0.4053233696886726]],[-50106602.045175694,-50106601.9425292,[4.6381019004694215,1.0,0.0,0.7214762860484369,0.28715540449491306,0.4886482530208654,0.31064845600491264,0.5396999631454964,-1.9781939709623588,0.39237413975890156,5.110567244915738,6.267412106842356,0.617728449189107,0.7086351640372365]],[-51342568.10797142,-51342565.620847225,[1.4673709881506198,0.0,0.0,-3.165284342962243,0.9142618081707256,0.19030628578880698,0.1531968581878615,0.7417802432902892,-1.4562011234947392,0.28918397553412345,4.330502011004299,2.2269975970447686,0.6094888149111638,0.3803885344546486]],[-54286988.30934353,-54286987.93193436,[5.302165720511239,0.7676081324173003,0.0,-3.033508200189874,0.258418697073726,0.3770491199097814,0.34635249309496996,0.5246055013607102,-0.06902606421611747,0.884372438809857,2.5584881442030376,1.1207990148001166,0.558209085741643,0.4657116100812259]],[-54651030.89491805,-54650998.14662713,[4.819346299686008,1.0,3.141592653589793,1.3777151588669685,0.3889439906383268,0.6473222817358077,0.0,0.7039869113044884,2.5852050234699595,0.6841443085049073,5.114990656355156,6.351508741587045,0.5291482179138056,0.441670773997295]],[-55055666.23804951,-55055666.23804951,[6.381879528627955,0.46225619944305163,0.6520061497324676,1.853087262762531,0.560570452863688,0.25302507904945987,0.29926797530205207,0.5914234423700534,0.26097042963874123,0.5022975431537805,2.565571003935939,3.2253332714569427,0.6282450755290269,0.605013757213689]],[-55270543.61679169,-55270543.26841605,[5.9814627155870905,1.0,1.0753024390089523,-1.2542335827029425,0.5814446988412991,0.16500245192050816,0.5661531887009664,0.5577989471741233,-1.748941414059848,0.6555046939038089,5.218481398342527,6.265622910650109,0.47541850431739174,0.5122846350497763]],[-55834815.61755217,-55834812.90491235,[4.123560953395068,0.0,2.492116139877311,-0.7997558954589827,0.2566877305001831,0.5858674113115631,0.8580443663691593,0.0,0.5934970077671302,0.47747957172854477,1.5451918582516906,1.9797725507427812,0.4568617694774907,0.5416299875772643]],[-56071008.950457506,-56070970.72448921,[6.481100829721749,0.3399389705279684,2.91048198904232,-3.4776072871820625,0.44761611841043003,0.7406566792045174,0.608166662859731,0.1051705476284005,-1.394955126506642,0.3077554140697393,5.3095302013468295,2.890308546607032,0.6598252693467601,0.5814657109989553]],[-56443928.438180774,-56443927.76146585,[4.69148635468018,0.0,3.141592653589793,-0.5775938045219408,0.604288251566716,0.09418701298861398,0.19667122982027763,0.862692338232838,-0.24555249164170348,0.5155742248636127,4.290084124287726,7.354095225980267,0.5871607904042646,0.47011742514789545]],[-57705124.24699774,-57705120.26264399,[7.647802281202137,0.6754693459194634,2.9944485911961767,1.2171560586965144,0.5719722850936847,0.15490071242834252,0.9231412648662823,0.5801730929331219,3.389555823044172,0.878512863383667,1.3546889938942983,3.9865267814918552,0.5270931425513052,0.4244858435995943]],[-58934892.16996543,-58934891.32194871,[5.401262584828245,0.0,0.904997626014995,-0.9576248702308767,0.12089520783573404,0.06913835817846198,0.5144196604423497,1.0,1.863935752623704,0.12896793337667006,7.7489923771485,4.518843989020446,0.5230695643214706,0.5478251514659922]],[-60099343.29484318,-60099341.72493553,[5.24755008389544,1.0,1.6458011106051798,0.1911189894831731,0.30443834396311753,0.3994848899127064,0.5851481869244641,0.3533602636551745,1.555225236191226,0.7245509400758454,0.5001362293723552,6.86555226763416,0.49784629008798537,0.5751068085602709]],[-61196911.81207757,-61196858.99540019,[2.2477382052126744,0.5959857547628933,3.141592653589793,1.0380274510898997,0.5463509100412465,0.29406728970909296,0.46603354063803465,0.21343313281777898,0.9076167457194887,0.3151548310855218,7.255547871278323,4.7162922298074434,0.4113031219792209,0.5778971647446808]],[-62416473.10071636,-62416414.29841483,[4.490515910453741,0.7603173237562311,0.0,0.7455380403476518,0.10006094564430024,0.6090243716929016,0.21070138277530248,0.7176055763491223,2.567777362562478,0.4674573801751447,7.569680757178405,4.457337781330546,0.5910380833693247,0.5214888448232373]],[-63916555.936414205,-63916536.13432264,[7.821595733276521,0.882755016882635,1.0834745973249942,1.5988419562023473,0.4616925342996201,0.4932371132594636,0.1889725528987476,0.0,1.2350915328601237,0.547639933649169,4.302063000333417,2.8322980607038346,0.6090710303437209,0.5586426004420153]],[-65050576.64494139,-65050576.64494139,[1.7299330727068902,0.37598200100089524,0.9284579272543699,-0.12631541331537105,0.5426328145538439,0.06694743727948615,0.40870756251311946,0.7340226130903108,-0.5425657704715596,0.3873224743425984,5.404247584755199,4.842547141789305,0.5293171641393016,0.5217439536546137]],[-65150496.18589582,-65150483.754425645,[7.072494310232262,0.6146868598086574,1.402511063319382,0.8748937771052704,0.5756664070183412,0.8233657385194884,0.3563656499999514,0.345192238123476,-1.072128420147917,0.1,4.804480129915067,7.336860800589732,0.537768438986403,0.5707700311796771]],[-66230294.61980375,-66230268.641357124,[7.387275006980557,0.03752415560317629,2.3481143386423975,1.9655477699473218,0.1950859387557793,0.4911149459609877,0.1543167703345621,0.23501065428362655,-1.938166022466841,0.5121231981102693,4.959569578813,4.989421537391828,0.47812692334424456,0.5965797450364793]],[-67409904.31693287,-67409901.55935049,[4.516871221463896,1.0,0.08116710217292322,1.8375084318193138,0.39350935404769627,0.2522997715204668,0.9166264117262957,0.6572967830441666,1.3422529320870054,0.9,2.158697993239023,2.706373933666486,0.7216618686858327,0.5152306545689317]],[-68744249.03388882,-68744249.03388882,[4.496061309683833,0.4832023968025715,2.3997188075831426,-3.448823125464757,0.4846958165485188,0.7853628823763721,0.4170180506362582,0.4904370167760065,-1.1595606993116387,0.8036947331564455,2.5816993628570115,3.206466529029186,0.381802007558543,0.551240146986996]],[-69552540.92008054,-69552507.12023664,[9.279019035414516,1.0,2.7813959945919047,0.38197383140782853,0.3987947116679448,0.7148886157658398,0.5478038487359086,0.5441003289823098,-2.770852064825856,0.4586815799649979,4.792031801780561,5.736396986530671,0.5334155078468511,0.620798076354056]],[-69814602.57907769,-69814601.99077117,[8.293480339091353,0.5539899182456343,2.2343867817170135,1.6520765643533912,0.6974389798474211,0.5316710062943563,0.0,0.48087473598158387,-1.814630342805485,0.3567434924123801,6.403114401953279,5.16496334501982,0.5907720094939699,0.6573017645019443]],[-70172516.69498941,-70172515.69387102,[1.4127782910257398,1.0,0.0,0.36003666045325156,0.5995025450076124,0.4199400310382139,0.9907041786513274,0.7524774888988693,-1.61597402875899,0.6912487894953214,6.540284130006344,5.643370629765524,0.4408021083218083,0.5113738062405656]],[-72264283.50570956,-72264282.63897622,[1.5684449122614086,0.6317425549915746,0.10164659815801014,-1.5336968121617072,0.04874565910545664,0.47417206986301996,1.0,0.6680190928739784,-1.8831448531932133,0.427228940457427,0.6970011818995392,6.284366571177345,0.6176642068976872,0.6599874716817794]],[-72325518.00353332,-72325503.63594723,[7.903451753689865,1.0,1.391010518435073,-0.2671401798372867,0.5143023598920139,0.7779502845576302,0.9830764124050035,0.18975928399413577,0.2567102297525011,0.5124168958788464,3.5545856693023006,4.886430382281558,0.5316620837638956,0.4570059758789665]],[-74499315.03574097,-74499315.02836156,[3.6292711691625765,0.21553528388392357,0.6528651100633652,0.5431685772608033,0.19846692289191697,0.7951275277393183,0.2759105906029604,0.4207407257112722,0.3003157515830475,0.9,3.7877755906694794,4.071783896423503,0.49454627904470333,0.3167005812881888]],[-75567504.1415014,-75567503.86978924,[1.9771816174279877,0.0,0.8264746029751087,0.1957313283810094,1.0,0.5890053604767804,0.8441820761875589,0.6637586910524094,-0.8999401993354401,0.7656458661754235,5.148433613878024,2.3603410127046005,0.4057993609119455,0.6059609940637929]],[-76217278.98628674,-76217278.97363138,[6.35935006112461,0.5719000606410333,0.0,0.5054427065569289,0.544801122217231,0.6682393460648917,0.6490891083494268,0.21601439498005298,0.6748926172076395,0.9,5.470853359913908,4.496845528408866,0.4058771664778,0.5382223975396986]],[-77528825.39412336,-77528817.27884716,[7.422899493225289,0.0,0.0,2.1404081885805075,0.5597377068084928,1.0,0.43808376397099,0.2846555204997374,-0.874102531703872,0.3998675182259559,3.894050588466423,9.0,0.46842574486692434,0.5803031440148921]],[-80662847.37358281,-80662846.25639224,[6.87216609705102,1.0,1.5226802743437424,1.4419845784813912,0.5362161839254931,0.057483030232785615,0.4589119710721686,0.3452415347744243,-1.6527754769475638,0.2858084347555501,2.603749504850425,0.9485044075927891,0.6699591233620614,0.6777682850466911]],[-84130078.7047782,-84130078.7047782,[2.7608943961947263,0.30368704035175,1.7942101266265869,-0.46061941634726367,0.35761285290319667,0.03433091632337176,0.3187464657157762,0.4575498365899305,-1.3080620705883335,0.47251777966851016,6.800862888356114,3.7238610507892935,0.34470498308287767,0.6069036179908267]],[-85211987.78084767,-85211987.75506699,[4.509941809217883,0.6402087526690788,1.7234329166904565,-0.5726566501561365,0.9886709160772215,0.5928639686677618,0.14678215139558626,0.5689721533261901,-0.6126882629928645,0.8715006091759672,4.681238071868691,1.7295187282407962,0.5660574723413486,0.6727315590264744]],[-87147964.72958456,-87147964.68736374,[2.92705982216604,0.6582849093273656,2.6343520539854786,2.4603956062026677,0.04015340224580616,0.0,0.5452648087152083,0.6845965712018824,0.42539573292236876,0.8236906482414446,5.846414072351249,1.3044812811175315,0.5110929411422819,0.46343004645764346]],[-87543644.54256757,-87543605.56971502,[5.289569033091831,1.0,0.0,-1.4228789041010712,0.5505134609786668,0.7319258915400444,0.18695096922381066,0.13138572754202021,1.5046513250260705,0.32334682837830253,6.062988528744141,4.158980659357515,0.4375412712465437,0.4358726786247448]],[-88326735.82797584,-88326735.5138067,[5.40952665160266,0.20022350505725128,0.9901378819821909,0.7911704982022967,0.4332118665084058,0.8142513650415735,0.05793598335098449,0.49802363210256306,-1.650361794463848,0.5872312263046995,4.019032460796652,2.453638417550687,0.4638538173226201,0.6525536352317616]],[-90750374.77784126,-90750372.20790875,[3.499932828122007,0.0,0.5098171005711478,0.7120959390923085,0.4382856876365375,0.11543105457371561,0.352111196579281,0.8867677977319789,2.2041277888732727,0.7630902640923993,5.169912033809221,4.208677552076125,0.5601581465764918,0.5857509470431064]],[-91678112.56771751,-91678111.43293917,[2.1209442303465624,1.0,0.6193791888067944,-1.6313923992272557,0.6392285230247338,0.6225646416039905,0.8087632594347747,0.5004780696019158,2.9793885852810034,0.7117105058799822,5.170834259314383,3.86693096364162,0.6384155240985396,0.6711147571489365]],[-92895186.26462503,-92895186.24915826,[3.1175344185245413,0.8420468401534358,1.7029562966513276,1.4485468820896255,0.753272789306634,1.0,0.1823406359514872,0.5063117656669196,-0.7562114653307485,0.9,5.52067867713043,3.483371878608282,0.39064193416708054,0.6630535013295145]],[-96897194.63895811,-96897174.35085535,[7.417057561284757,1.0,3.0072389169902785,-1.8968961099708963,0.11792499309915516,0.6373157855194416,0.5548626811617133,0.19870066397267178,-1.2428022554444644,0.7293495065647589,4.608576449032543,4.42159774984128,0.46666989328076874,0.4140381563487975]],[-109406680.8417263,-109406653.74858987,[7.182873079854438,0.10811337921048486,1.5774161835975853,-1.6167917303957424,0.5876582630502648,0.7479639805601055,0.44506360300986975,0.5196799123822213,-3.389043888790165,0.6514243232813437,2.526882003048037,4.805025382955227,0.4036373459778248,0.621839360832729]],[-113226392.5248026,-113226392.46655488,[3.677488668590754,0.6853506338738441,1.8424792798068108,-0.37082381769568423,0.5258556329518832,0.8070350357167486,0.7834017597554219,0.38882772442610014,0.3534629676285114,0.9,4.30848713421807,2.5842781723647583,0.5832780392590788,0.5841184263770923]],[-123082144.8806234,-123082144.8806234,[0.6539934865645485,0.9827824043287694,0.38377748951288004,1.404445415250595,0.4830191353437167,0.37300311450682144,0.3200785584333979,0.34449733725184084,-0.13119260284663994,0.46412384302128806,4.697343522813447,1.4668709989685316,0.5241207811497994,0.3687824573160299]],[-129215587.6661416,-129215579.96369112,[5.296353483909289,0.9052750455464873,1.6200428726513392,-3.1368117797128523,0.4719981106101842,0.9179602394998972,0.84069967754612,0.16460453125045077,-2.607180455233435,0.6266280905840076,5.584290263889071,1.637626893080689,0.6428379779870792,0.6517419916160271]],[-135244289.1462788,-135244287.14794958,[9.401994760453846,1.0,0.4528948901517207,-0.2644252886609907,0.3196307125573804,0.9744632476527648,0.40379545173918924,0.5027041744602673,0.028898732879905124,0.7053737096290402,6.4619148413940675,0.7179879138901359,0.5563612558185115,0.5006018062605642]],[-144306993.9146692,-144306990.75383407,[0.0,0.7017572585741133,1.7874192998745944,0.04688484929148927,0.2870274795178938,0.247566211730824,0.4385980008887193,0.5990098625567691,-0.14849847878473077,0.44932428630353344,3.758545149635836,4.404436180813354,0.49059314291163847,0.46112937031796397]],[-175293927.15390447,-175293927.10990214,[3.725149626947272,0.502761757222351,0.4864005351081211,-3.2178795314859556,0.23311062571670926,0.9724164312950635,0.6502634404871424,0.2306471649620614,0.39473195375785264,0.25853303120263427,6.475531708984327,3.9704497725094847,0.5719948836693571,0.5525235356949842]],[-199275767.13773456,-199275766.30919862,[2.425977609310755,1.0,3.141592653589793,-1.6888654160890804,0.9031814397442928,0.9515700110054843,0.8164548766827617,0.6894439177391016,1.6151095966166436,0.32773668616129087,4.1257721632708,1.2825403198178105,0.6088682357218789,0.7173230293484869]],[-255976221.62124437,-255976220.27602237,[0.0,0.2356717386190892,0.5345225576699648,0.8802809694509368,0.8014485188419338,0.37567460887152204,0.5471150470367834,0.5679358485869476,1.285749733154741,0.9,3.801615459185175,1.2044188498503918,0.5228483076013986,0.5751785665376842]],[-316660840.6294915,-316660840.08029926,[9.564779144840804,0.5933030219442168,0.0,-1.5150667188053901,0.962147959018077,0.7660593818393644,1.0,0.6861693147367018,2.0757916486476864,0.9,3.531401316208383,7.06974873677038,0.4424343503704866,0.5387716729282838]]],[5.1239963779951845,0.6551063029851559,1.6068732134916301,-0.15539955743578948,0.5552892444689579,0.4832744427015943,0.5392137185210706,0.5066161326967181,-0.42206520557578076,0.4120927683738037,4.1103478484040545,4.205136199110122,0.5269569428078473,0.3934216451100906],[24.061560695678622,3.5891286387904042,9.158228650853495,8.460066121613634,0.24238356081365742,0.23238095430435726,0.2496074533533662,0.24015645860570728,8.57230155250835,0.23802729215229096,16.58562973860635,15.357013600282635,0.04110717465549864,0.0462828009503955],[[24.061560695678622,-0.14077549680663887,-0.17798233511482747,-0.24314674415767554,-0.06089729014798939,0.07293495357665829,-0.00012084841416698717,-0.044472687201741794,-0.010903557984911683,0.023646301614376287,-0.11183314240853909,0.0652643991169324,-0.0028447120135691078,0.0010302661058101776],[-0.14077549680663887,3.5891286387904042,-0.03144920265380161,0.0468658729494623,0.013118858581702149,-0.004432971167977556,0.011200066102859105,0.018639006753821935,0.006676738737564983,1.4852152153120059e-06,-0.03389816737837003,-0.013087219047060865,8.951941794238874e-05,-0.01864975138636474],[-0.17798233511482747,-0.03144920265380161,9.158228650853495,0.08009628695092438,0.009313959656001996,-0.03560252045530674,-0.026292522367010195,-0.022104618112654507,0.15648163256446385,-0.010794219122168458,0.16662523256714193,0.3861826174391192,0.016192254946443538,-0.0011333432042046833],[-0.24314674415767554,0.0468658729494623,0.08009628695092438,8.460066121613634,-0.0024643361732023506,0.017823249463762073,-0.0799894129445192,0.014448839129900873,0.0396657852148143,-0.009578335229152277,0.4917199747841782,-0.03186480432402827,0.005147661041508392,0.009502349338198674],[-0.06089729014798939,0.013118858581702149,0.009313959656001996,-0.0024643361732023506,0.24238356081365742,-0.0044655318384965266,0.0028863949973916927,-0.0050305090099263304,0.01817375247798864,-0.0029708374815174635,0.012941093346128165,0.00990412049701687,0.003087303303260997,-0.007883018263703597],[0.07293495357665829,-0.004432971167977556,-0.03560252045530674,0.017823249463762073,-0.0044655318384965266,0.23238095430435726,-0.004407217159523672,0.0012059892502249174,-0.0008181128951938084,0.0009384083982689792,-0.04940015488900183,-0.013112133297956019,-0.0018545699086706827,0.0010787815660828217],[-0.00012084841416698717,0.011200066102859105,-0.026292522367010195,-0.0799894129445192,0.0028863949973916927,-0.004407217159523672,0.2496074533533662,-0.003162837925322584,0.04290967372714655,0.00040898609863237653,-0.11607131686982103,-0.09957503850791784,-0.00020953286743626037,-0.0013843311143569763],[-0.044472687201741794,0.018639006753821935,-0.022104618112654507,0.014448839129900873,-0.0050305090099263304,0.0012059892502249174,-0.003162837925322584,0.24015645860570728,-0.01995110279707878,-0.0019516010761639652,0.003448644608839085,0.008799972443938655,-0.0008995718220146725,-0.0008326782452103523],[-0.010903557984911683,0.006676738737564983,0.15648163256446385,0.0396657852148143,0.01817375247798864,-0.0008181128951938084,0.04290967372714655,-0.01995110279707878,8.57230155250835,0.033316492982424555,-0.3439118807023758,-0.15657922619151382,-0.012746835066479747,0.027896104152835617],[0.023646301614376287,1.4852152153120059e-06,-0.010794219122168458,-0.009578335229152277,-0.0029708374815174635,0.0009384083982689792,0.00040898609863237653,-0.0019516010761639652,0.033316492982424555,0.23802729215229096,-0.020904836010150554,0.035922990429503095,-0.003995694259434412,0.004089911777031734],[-0.11183314240853909,-0.03389816737837003,0.16662523256714193,0.4917199747841782,0.012941093346128165,-0.04940015488900183,-0.11607131686982103,0.003448644608839085,-0.3439118807023758,-0.020904836010150554,16.58562973860635,0.30339152795651053,-0.016948539745781067,-0.01823953948102798],[0.0652643991169324,-0.013087219047060865,0.3861826174391192,-0.03186480432402827,0.00990412049701687,-0.013112133297956019,-0.09957503850791784,0.008799972443938655,-0.15657922619151382,0.035922990429503095,0.30339152795651053,15.357013600282635,-0.006147985615029172,-0.037713934598163155],[-0.0028447120135691078,8.951941794238874e-05,0.016192254946443538,0.005147661041508392,0.003087303303260997,-0.0018545699086706827,-0.00020953286743626037,-0.0008995718220146725,-0.012746835066479747,-0.003995694259434412,-0.016948539745781067,-0.006147985615029172,0.04110717465549864,-0.0020483359997875723],[0.0010302661058101776,-0.01864975138636474,-0.0011333432042046833,0.009502349338198674,-0.007883018263703597,0.0010787815660828217,-0.0013843311143569763,-0.0008326782452103523,0.027896104152835617,0.004089911777031734,-0.01823953948102798,-0.037713934598163155,-0.0020483359997875723,0.0462828009503955]],0.5471429467171304,[[0.707219431186982],[0.8846564161328724],[0.20576629496106666],[-0.8863290072933834],[0.31534492100739],[-0.09539503742055232],[0.22365736931666538],[0.03773543774490103],[-2.407269627042738],[-0.501383212583151],[0.6293743724034566],[1.170004385580946],[0.15375024712291144],[-0.607874881030902]],[[0.18784223423089924],[0.5874267250201004],[0.08698280927581883],[-0.39235823576993356],[0.8375773049105231],[-0.2533756310052391],[0.5940490051883224],[0.10022785889502991],[-1.065644987489834],[-1.3317075111951278],[0.20895757926488276],[0.38845128568973214],[1.0209274752479462],[-4.036391350066617]],1,100,8132020.189947034,8132020.98699367,[2.775230222667872,1.0,1.3236584883610207,-0.9602004279909471,0.957530553816186,0.3460938955663372,0.781567171724012,0.5070898943227549,0.23013420882785418,0.3805026394535194,2.2092991552069208,3.137990151401129,0.6188947304761122,0.29332497312063976]]
