["generation","mean","variance","covariance","_sigma","_p_c","_p_sigma","iteration","num_evaluations","best_score","best_evaluation","best_solution"]
[[[5521692.76252748,5521698.306763411,[4.906411149907433,0.28611477848788397,3.141592653589793,-0.34833160542453184,0.40685714372217613,0.3904113541766129,0.4052853476723411,0.9726092321793565,1.0003219308251805,0.39942222372792036,6.676299184819102,4.954799260457648,0.47263325505334264,0.30113071338023123]],[790549.8860042365,790565.9937177896,[6.5197840468524735,0.6834029458312103,3.141592653589793,-0.5200938798417485,0.57175034779766,0.5008283387485307,1.0,0.13942000613215222,-0.6223100112706191,0.25780349214151604,3.791447690674076,4.73363285108229,0.5088186062137322,0.3758385131648242]],[-3347641.619445295,-3347641.408496022,[5.193168696244129,0.2339405588852581,0.6953471165726438,-0.4112538777975316,0.24915275794834424,0.4754631847891182,0.10466856591683787,0.5087983309999937,-0.8995163422597646,0.1,1.8849692233492843,4.978116022058211,0.4240876524734247,0.38279810852233287]],[-4486138.057760239,-4486138.057760239,[2.17834076842255,0.3485587705670151,2.327354827279733,-1.1147530423305858,0.4103771231076422,0.5478879268130595,0.5377340971198331,0.5462588301645301,0.017612664219641375,0.12402367041676365,2.6123640726146724,2.7740955022279614,0.610169884133773,0.3407953216365548]],[-5785363.560963199,-5785362.7323566675,[5.076155924474661,0.9370196767619521,3.141592653589793,0.31479918113660554,0.3444613760427588,0.5713870373414627,0.3535323564076673,0.7446194717945779,-1.2187580273468095,0.27490730268103497,4.680558330199199,2.6778038761770375,0.6077193184779597,0.32733883121308643]],[-11474742.59462665,-11474713.915329993,[1.9394969941744438,1.0,2.3816815188199487,-2.8139652733039404,0.537043134473163,0.2470113284984724,0.42164998689698074,0.6617686789915564,-2.609486493421934,0.5407272780055646,3.757047300625982,5.279006180354886,0.5881816747657561,0.2974603649408484]],[-14447165.699667253,-14447165.621409178,[8.991249657349611,0.0,1.05568495368482,-2.356434064892131,0.22620515469541724,0.5269701250774574,0.5638621578321406,0.628647029953097,-0.587839435501238,0.732445499222836,1.9986783902442036,2.0593234814999977,0.5070935714074079,0.3532607246892463]],[-14841885.705872413,-14841885.677181482,[5.232058580662074,1.0,0.8647861846267691,-0.3291556939194229,0.859891040091448,0.49894807364617294,0.36534878772828283,0.8055403430154655,0.7212039665249415,0.5235342631458462,2.6603755166560337,7.9441403080285165,0.3948952725982067,0.3734727752086006]],[-17499847.348288517,-17499840.269846916,[6.9328654696335335,1.0,3.141592653589793,-2.289264933756307,0.7268905297529644,0.4394922781497315,0.6668012955755457,0.41836429123386853,-0.5202136833941827,0.7597648809650914,7.426391140091534,3.3086069254823762,0.34920386394474034,0.4048389494994385]],[-17508795.09334958,-17508795.022768915,[6.096175974088736,0.0,3.0310499146716303,1.9141789206399902,0.6824867237778189,0.4334502352826795,0.29196768388559785,0.760618182195884,0.044772037609554505,0.17337088498853592,1.9352203963239871,3.519651022872904,0.5447484493187992,0.4051885260591802]],[-18295948.650665607,-18295879.47497064,[5.505030585209065,0.7597830098927578,0.3006452508819166,-1.9359033327832451,0.31706180906483705,0.3703883756769551,0.6615229002226559,0.0,-2.3768605878162705,0.11027982994105628,6.17800991116586,5.073858754398178,0.36138962058481394,0.4272332551614843]],[-18772043.168866605,-18772042.437743545,[2.8459112957124315,1.0,3.141592653589793,0.25868957200097376,0.8813770625889233,0.49407525322320855,0.5228218478923897,0.9110685823948144,1.609393656280471,0.40071366123866625,3.870792168783925,2.988095164947163,0.5460909660746448,0.43950856101255925]],[-21018818.516998284,-21018794.453424573,[6.097385616594268,1.0,0.0,0.7173960702654991,0.36183917031473295,0.40614533725250146,0.4761844866718059,0.21011573986506,-1.7750114427023467,0.30152705836889904,4.439106014148624,4.35519129930893,0.48335595493297717,0.48116312390721633]],[-21599656.158143032,-21599655.91291201,[4.955032152059828,0.3180488650578941,0.0,-0.03902557637347641,0.28499128283175545,0.6166027223521701,0.5687870194709614,0.3577211804168241,-0.06317170641199982,0.1,3.2633944732958327,0.0,0.5253876437755802,0.40271294002654057]],[-22316143.59933021,-22316131.946708083,[5.414549972284671,1.0,0.5180032947140416,-0.3207543831304568,0.5213383385318698,0.3413393445504428,0.7211822870184819,0.13299888041745234,-0.8711692367094914,0.45107840757408096,3.1340743616395645,3.273225426370658,0.44997886286038064,0.4938084236066968]],[-23380011.359744664,-23380011.339539647,[6.8444527376935955,1.0,1.5959637265799964,-1.330189937080824,0.7414065038051252,0.6343995958985419,0.4908164112587147,0.853956396273366,0.7395390904550414,0.5689191219513486,4.522725084272106,1.7654269303969508,0.3404169325957146,0.4302148791588609]],[-23464399.86486177,-23464399.8635298,[4.8242968434152536,1.0,2.8865010005178995,1.0488720492698285,0.556843272464206,0.3684298829896193,0.5738594140409853,0.34740896681461975,-0.27803635971502927,0.6448648334777765,2.9177632332875656,6.886768094023983,0.38803910219887205,0.4701912873273125]],[-25039717.702536248,-25039717.33376527,[4.633934624990126,1.0,3.141592653589793,-0.7943784739776814,0.4445810706250902,0.18129109194584458,0.6841247897942493,0.7755662813026245,-1.5607142158112763,0.6102345923820932,3.770971432910944,6.6766198984676315,0.5945692741457511,0.3262204212983688]],[-26202030.687189817,-26202030.687189817,[4.6564614088160345,0.5307495320596469,1.7575226584173262,-1.1369374815683218,0.33069670599728673,0.6507949982087582,0.5757107966474176,0.7161488438973261,1.6564030632762667,0.3890327077453176,3.6615803265004594,5.0917622758780885,0.4717088693082897,0.42891402616048246]],[-27713715.012539916,-27713714.97299826,[2.307098964874817,1.0,2.185332366061956,1.6713685271566674,0.1682101428005548,0.4778845291196088,0.5135090973774405,0.5208150614783732,0.8568583066525757,0.11726012163912758,3.4203147662634383,4.907632575654445,0.5000630593279741,0.4541443250999566]],[-29228465.38334982,-29228459.57358849,[4.952919745572563,1.0,3.141592653589793,-2.325053530323438,0.280739514773863,0.5153869972932067,0.35490338415341555,0.4936335644921247,-3.3325191086405868,0.6060508593686765,4.362284674762127,2.294885070519082,0.47652687642718783,0.4785088216016992]],[-29344648.944248687,-29344645.583026886,[5.2483334758729425,0.0,3.141592653589793,0.10542515019900842,0.57648951923897,0.533865687141636,0.26400410562460064,0.44569988987610226,-0.4127713666447995,0.38136922652825156,6.604312275633824,3.130988698995964,0.5167907524884349,0.4670301995519032]],[-30507709.64786035,-30507709.079749584,[11.178047540086446,1.0,3.141592653589793,-1.9582945940267524,0.5625087066824348,0.4863854799385388,0.7426379860964484,0.3175356956928007,-1.4097450960924127,0.5986863579236765,3.344865921959264,2.307418036253032,0.4036189066803999,0.42011087910481276]],[-33640503.34595957,-33640476.625226855,[7.199381898810389,1.0,3.141592653589793,0.5166482961467145,0.33889112389266596,0.15191181306306378,0.693473780318788,0.24367120782138463,-1.6188053384476766,0.38961017987307733,6.640663676297992,4.648724492512304,0.5084199969851804,0.4463940595973094]],[-34087063.188672155,-34087063.18292582,[5.22092052799348,1.0,1.4802260023199632,-0.6997394120906456,0.9063303483224682,0.5028903679069968,0.5350251949945694,0.41248731591841037,2.3983797092638226,0.20837609092617781,0.341715843195165,2.724452765401865,0.43785354277218036,0.6128130741866136]],[-34230159.77137879,-34230130.73309398,[7.33685811956419,0.8061446983596138,0.0,-0.08839434748923483,0.5630847836091568,0.2969914255073039,0.4562824510754931,0.3071339580040442,-2.6953728068125686,0.5449988718291459,4.4753220740905295,5.270864686590142,0.41577192839743027,0.5136918330365066]],[-36782948.15718666,-36782946.83968568,[4.808276367197572,0.0,0.0,1.1650350387323796,0.5593977245022913,0.8926304198183934,0.058852172813107784,0.7060425710273528,-0.9308327387379777,0.1,1.0529463923958464,4.957104823057742,0.6013879933198785,0.481748450477323]],[-36793590.130959,-36793589.956266284,[4.525884335248322,0.8065013111898363,2.5621626368082637,-1.266030871785751,0.3400332710962529,0.4433060675349557,0.08017540872185236,0.4824575228799453,-0.5212418481223602,0.19712016684161626,5.628246207048557,2.4386307336421487,0.41398266980079906,0.569499539734657]],[-36886959.988122515,-36886959.92266464,[6.399819288512557,0.0,3.141592653589793,-0.039556973730272484,0.7224315627132314,0.6496295408841911,0.3573187869853439,0.49166969156354706,-0.9050406643395625,0.37851116943117086,5.279543931029794,5.453371368696668,0.5089235055697109,0.4208998334958397]],[-37553386.39267055,-37553384.95269835,[2.907250576058252,0.0,1.6909604685408286,1.7730447813589303,0.6711224884232684,0.7939325287660641,0.4721182737284889,0.39986278599305014,-0.8686535895099514,0.24041294575026856,3.575797959569803,1.9836089524387046,0.6585712784953448,0.46434767415669886]],[-37941753.70373318,-37941752.54877818,[3.713624283609267,0.0,3.141592653589793,-0.7000179082699111,0.7477554929036553,0.4898398956847574,0.5487629399782661,0.5166110131815416,2.7716807895664486,0.6318504462610188,3.888721215285571,1.977929314608514,0.5024563946460845,0.4833965332433127]],[-38019199.373901084,-38019199.295243025,[5.14545590309986,0.1351845386355366,2.1353391397134374,0.4884280236469084,0.4027240718817771,0.22614297473334505,0.9739445939081675,1.0,-0.5720436058721761,0.23630974744212946,5.694888350673934,1.8167783453856745,0.381378176541941,0.5495974414542211]],[-38235851.47027352,-38235851.16842437,[4.5914589197844125,0.0,0.005938598151002061,-3.1658396883817455,0.5562002717920053,0.3798126013490951,0.43723854304451215,0.5782229621073062,0.8576261363395319,0.7989936211389326,5.081742129988634,3.049331309001256,0.5719333859684976,0.45460630093133514]],[-38367701.77843383,-38367701.76663059,[5.75799598225727,0.8020146951462059,3.1345970294677175,-0.3850000517714284,0.7923402389035376,0.14289477591039262,0.2690820581357539,0.4414284368789288,0.5651742368614249,0.2315281620764908,0.6586411898848663,0.0,0.3639843026855972,0.45709018963289594]],[-38667352.28489372,-38667351.97768986,[5.28132354821633,0.0,2.5924813188369527,0.3804797914841069,0.3162545927120806,0.46085733779998495,0.7853165956017975,0.7852507130771713,0.10979204255081518,0.5679335914541803,4.615593808979797,3.706531645446808,0.5867029533143492,0.5974050927474305]],[-38673697.99286533,-38673697.89664483,[3.427309966903938,0.0,1.4047082368711605,3.764576509831844,0.7685339445159785,0.44437345470477335,0.3838776561796731,0.6795938250665052,-0.022695455439260166,0.5511255381765768,7.273398599544848,6.899824583148169,0.5156109347785969,0.4746885381681716]],[-39475486.878484026,-39475484.5880754,[6.210801956824701,0.2338303019647509,3.141592653589793,2.670444887517731,0.646645533813966,0.6300223218303704,0.660624609112707,0.5284769396046549,0.695989530581198,0.11561659886442877,6.468622072198745,3.801874806235903,0.49238546771106506,0.47019284248845616]],[-40062084.802455455,-40062084.51375365,[3.135316560577625,0.5964471492291509,0.0,4.0,0.7524427699485898,0.3511513157387497,0.5852770508191147,0.6151152658406716,-0.5415458982829872,0.4215545998429559,1.9147584849620705,5.599566607241295,0.6734454328037777,0.579948814150378]],[-40797989.46566056,-40797989.239968896,[6.435731037372762,0.11704853287165395,1.9202034052820989,-2.1346040651386735,0.5035338730517045,0.4146684497422205,0.7754446624268103,0.37788536398341754,-0.8834773853964202,0.2219439564438489,4.203966898687099,3.3784662996693826,0.44599518456296405,0.6914584150433127]],[-41839808.39598273,-41839802.21182847,[4.134051061414605,0.5328805386096958,0.0,0.2547944999368987,0.2825597916552338,0.1920074055984462,0.8960548410623457,0.38580637353646396,2.9604456474282843,0.40453309540917826,2.174579849062589,3.2957575054013724,0.6378541284707658,0.5335211129783166]],[-42543895.35989794,-42543894.80000746,[3.6551379121341876,0.7323686508783377,0.6511041438475934,1.3422934833563749,0.8932910632530109,0.8025820045869788,0.0,0.512609035420275,-0.9919515286815617,0.14771374062724407,1.6973184465627602,8.907111666746328,0.34229888057805313,0.5304875677352492]],[-42734675.09370813,-42734674.430402994,[4.0490666487971545,1.0,2.7463300230233947,-0.15424484091194662,0.6758802753189649,0.36779185108487944,0.4049471814797677,0.247192470118476,-1.0992296583387913,0.5703848308560476,6.18786009368387,1.0211632654899208,0.4088262667927628,0.5893821851701331]],[-42961414.85339601,-42961414.79581487,[2.8132158806696688,0.424944443748724,0.0,-1.7597318117016432,0.8903227545800592,0.35455158444453794,0.7325456189153331,0.25437150946281173,0.11103818235033172,0.9,1.8741135181420563,7.52636605772417,0.38143837114512785,0.49013032673850787]],[-44393175.102304816,-44393174.85448331,[4.93105995865659,1.0,0.6838511215024159,2.6081592412547003,0.6010065849483011,0.3987809207174442,0.24405288575812528,0.6889732780778818,1.3324564823383223,0.3971428622032882,2.4050674311799183,3.945618145703099,0.3195648958122283,0.5283914135781453]],[-44500980.663754895,-44500980.022673965,[5.119155139933122,1.0,1.6596480274993388,-0.681796849161012,0.4649303823498468,0.6996669150083846,0.5100186708286117,0.42523485961333646,1.3176490978280297,0.13186704921075698,4.482173436604845,5.359798481193941,0.47635700028475025,0.4713047946242178]],[-45310312.37516954,-45310311.64520848,[6.32059681498339,0.0,0.796567189992352,-0.9532541671896249,0.5394224947485796,0.40788406398246024,0.30997698028499077,0.5265210281498405,1.2361385284997466,0.8132385180512399,6.808585746838296,4.002680445942988,0.57251317869111,0.4653907617974943]],[-45797823.347317845,-45797821.46099532,[5.762491378180711,1.0,0.33480170866486403,-0.3321772282693072,0.3254593869190015,0.4915902419999089,0.7017482618272187,0.772658176741601,-0.6145480674356364,0.9,3.423462210673558,4.1034860564267195,0.3321489858166997,0.4733627695202344]],[-46477122.73901037,-46477119.881992936,[3.121280764697662,0.0,0.21461986306816838,0.6763401405727928,0.5952051341693372,0.5829075260645785,0.33924007665605505,0.5352310334673986,0.03851830022277263,0.47328573399963764,1.1308250675989981,3.82719136234321,0.6023957628421832,0.5635229396112765]],[-47875222.349267036,-47875221.44976485,[5.978060127911111,0.2143433387621243,0.052772373209261536,1.668294605694487,0.4899766833212254,0.3735401641809648,0.7246267440353367,0.28310270915995883,2.206399377509418,0.6552768079742806,3.1316539215118757,1.0917725438930357,0.5921612186582208,0.48593357497445633]],[-48099534.364156626,-48099513.85274434,[3.257402957211202,1.0,1.214667491549263,2.804274732554889,0.6488386233430833,0.8657233841594745,0.07648705441548725,0.23212226660135066,-0.012833378264511641,0.5628020192597859,4.3621794652275865,4.279265637683139,0.5432011198436126,0.4765177731052144]],[-49213005.00943294,-49213003.49204928,[4.0907874741842125,1.0,1.685521067505983,1.479853287519818,0.05682014478298636,0.15224668883281023,0.5969319452064379,0.53288809592543,0.1830504596801065,0.44908319205081004,6.2596547577851,1.1054681865750648,0.46829107609075415,0.4979074712273484]],[-51765585.33075076,-51765585.29921037,[7.265016479459787,0.6725290032854585,0.8850156894119672,1.1927003004781158,0.521929434837594,1.0,0.7830799941703128,0.7178248773568526,2.336863694204796,0.21067850970378943,0.919235510617959,3.64087395623479,0.41521259414840633,0.5002595456497982]],[-52043104.70680461,-52043093.72924447,[3.201651493878024,0.0,0.7041592178401558,-1.4428193953069957,0.8413605964292872,0.5212583461551352,0.677649762410069,0.09480516850940024,-1.544690133818421,0.7684791846321033,0.47960123062363946,2.8725042471155096,0.4715610832918449,0.3397770573134475]],[-54025795.035073265,-54025793.2856617,[5.734500750747181,1.0,3.141592653589793,-0.5971207185251303,0.3637995279446504,0.6563367711621695,0.8988109388014431,0.31878811058529155,-0.002575386410364806,0.6879067831626775,5.33855006789798,8.767311290395263,0.4336830001977353,0.47335025802830843]],[-55082606.80362945,-55082605.583158016,[3.9866946981595257,1.0,1.6535267127049786,2.84726915547308,0.2710560685304516,0.4481848533637075,0.7478364101083901,0.5920208539011576,-0.1822417138235892,0.8663651104881629,3.9620047347573153,4.9679225381051495,0.5338587118168735,0.4958570254276382]],[-56649224.662211776,-56649224.662211776,[4.012879683443024,0.3203704425448889,2.8686398738980587,1.9542536911914725,0.4293015815367327,0.3824801384022616,0.5756744375460212,0.6615705221471525,-0.21761192082599495,0.7777312949374076,6.0780398437449055,2.880125251845171,0.599743941814304,0.5075474952009964]],[-57661807.001699746,-57661806.32280409,[5.216134583280166,0.9446584066998276,0.0,-1.1701592160536898,0.7662671796121928,0.839756549667641,0.0,0.49282837188013484,-1.9556425380243347,0.1,6.256378302624771,3.5807919553178387,0.44931479667808116,0.2997572810449157]],[-58242755.20270354,-58242755.202445984,[6.219745127590379,0.9838012862396619,2.858505245947908,0.7390572307649386,0.8500347106370796,0.8797364449694572,0.8175741761645865,0.5565182304792747,1.541811709685855,0.5321634497604859,5.305677116743108,2.662279202441553,0.6229562536145248,0.49402515286912724]],[-58875518.85474853,-58875518.10465717,[5.563249891582499,1.0,1.0105659498566197,-0.8945117364444227,0.5920126836670336,0.7055877921495981,0.8882881664961807,0.47911662301622837,0.4205254522835902,0.32623934257915765,2.7667049444286733,8.02399820313541,0.37164815410635993,0.3426805290780134]],[-58940844.328350246,-58940844.25134361,[4.446426328905569,0.09643980618474224,0.2117755341174452,1.5855330140172892,0.20870086082882372,0.6760367849569091,0.07345281329359105,0.8963236802549812,0.14723796994940955,0.5966348087367143,5.9780820971251085,3.7241268677038963,0.4694127880301344,0.5321681498520489]],[-59177442.95169513,-59177442.53318125,[5.928208893971936,0.0,1.4209965740569124,0.7279258566727201,0.27353807990843626,0.08905840484032457,0.7340421225832036,0.3860144939417025,-1.079465051381558,0.22128726546673955,4.108387842739855,1.2350506321633898,0.48641460509420925,0.5601460080818337]],[-61231528.023412876,-61231527.9052673,[7.371990203416361,0.0,1.7578575893815453,2.07823483457551,0.0,0.9019453225540963,0.5391106219033879,0.2669285884789912,-0.1720709745013613,0.32949768463464035,3.6697148646879993,1.087986973900677,0.5486675818380802,0.4923350549431269]],[-64380305.12362984,-64380305.119911194,[7.430803506936265,1.0,1.629194846298813,0.8695172743985715,0.3895034793371941,0.6418042852799897,0.5114705659555538,0.7717639439246219,-0.8788498166363583,0.20113007224799007,5.532446746631771,5.712724719774044,0.6004185157170479,0.5938340093384851]],[-66672506.72072637,-66672506.49325156,[5.659427916502423,0.0,0.0,-0.35054505234630273,0.7196614881621489,0.32880595730144685,0.22022770197180858,0.5484613894906671,1.7391130215568844,0.4582616069865968,2.0709467081633703,3.092764823589474,0.4153802391187083,0.7504355765618471]],[-67295757.2356509,-67295757.08690244,[8.989085366521444,1.0,0.7817592721229225,-1.5368352497603253,0.8398803662663057,0.24728513658312334,0.592844274185499,0.6879903050248392,-1.1908277563950362,0.7855997915520698,6.374327823213957,3.2985163428656468,0.4456375122437929,0.5743973899225012]],[-67565328.19026919,-67565327.51919013,[7.860950507148681,1.0,2.365732860222282,2.009045676112639,0.5893701189014885,0.8516744460469867,0.9124422842693783,0.5511133275661106,1.490587032870283,0.8935986729860745,0.1594445736835164,4.109197139537244,0.3773454458416807,0.4285481715771926]],[-68608685.81740214,-68608685.6374644,[2.6752706709080254,0.0,2.3147904074376506,-0.6562034290303365,0.9757181006905564,0.8152908732514985,0.46208324107385046,0.41101318492020145,-0.008903650791743335,0.38022018484233866,5.839977592143073,3.6874852278558325,0.5581924190816968,0.44285804689675845]],[-69386844.65358742,-69386844.08116555,[6.078290091420803,0.6679800949635465,0.0,0.4299879001182332,0.4619580861100833,0.6740487768798228,0.042963904234812,0.6312415131171839,-0.7873681499378222,0.5718605497841104,3.6597731284222994,7.0767083947237275,0.6150042516144912,0.5043616615026552]],[-70497324.26497714,-70497324.0556342,[5.367263689938865,1.0,1.890325174833965,2.0879119507644823,0.0,0.1259549147766036,0.6343133142527799,0.7416702227073922,0.8013006847200992,0.7484971608950419,4.121116523101043,3.388169033450895,0.5166473124900817,0.5158674599860159]],[-70685755.57489607,-70685754.82703507,[2.4661241461343586,1.0,0.0,0.15083888079088975,1.0,0.7676702669369251,0.8228702958500296,0.6996218169023086,1.4080002432429448,0.6013465047569027,6.515813340024971,3.7952383853588603,0.47564717171690246,0.42305158690460015]],[-70828530.75587507,-70828530.55215323,[1.2740350701360952,0.6134876883532991,3.141592653589793,-2.96971041439098,0.8401004107517166,0.7108766391935651,0.7705269884204391,0.49465213373355954,1.2910535381248933,0.5960077282118227,8.910513023914632,3.8600769328406392,0.42843687900780014,0.4708590766348588]],[-71967441.54893598,-71967436.94514072,[7.021109046974416,0.03500654255240393,3.141592653589793,-0.7257508562415329,0.4815127712062558,0.8272563341746157,0.8704478959714583,0.7255702484475536,0.6183865901030592,0.39732549073917345,4.95154157413211,0.16349490893005436,0.43990412691293534,0.3995020030464884]],[-71995855.9082301,-71995849.69343877,[7.300946393298981,0.11034851133230811,2.494416397702622,1.8303662878563212,0.0,0.5350894541622718,0.3176039903428684,0.14042832249559012,0.769021608379939,0.5817813087717204,2.3549282087453585,3.57936220814477,0.5352188242352142,0.5993167805141242]],[-73060370.95179757,-73060345.47363472,[5.0228510519425305,0.0,0.34781775475410925,0.2984760940852148,1.0,0.26239484134043534,0.08960672339185666,0.6589352417993126,-4.0,0.8882060300079324,5.664201917307252,4.354557042330911,0.7334028808612875,0.5593391490866506]],[-73914723.75940773,-73914723.6362763,[0.3179151268626823,0.4030276019896495,0.0,0.8191749803823097,0.5428194082845994,0.0,0.6135937760669439,0.704293342635188,0.45436274727127535,0.41756872775171106,0.6224255346681384,3.93896972244845,0.5756506460541299,0.5275718359035265]],[-74373605.51172315,-74373577.19694251,[6.267469424855583,1.0,0.0,0.10304236201435316,0.7814140122615806,0.010503727463988255,0.19633535576789435,0.09725446728621184,2.423777838510815,0.5435922381240931,4.850730906336591,1.2841686887645536,0.3377674183142393,0.48554710573348064]],[-75691428.79639019,-75691420.41343367,[3.506548824053252,0.14124492614909556,2.057382407001825,-4.0,0.4657151099101617,0.7377956884749329,0.40664451743813235,0.32081178442741787,1.6012318113867283,0.9,4.913469909935807,3.154478018288188,0.3436454545800526,0.5372587777823228]],[-75715932.92794672,-75715854.59794176,[2.5736819591769535,0.6345937423386386,1.8872970565059635,-0.6052039131500058,0.5833770309512905,0.8136610386457472,0.484545034903015,0.04678422428877438,-0.7574485384160028,0.4909204803796443,4.781755984801487,7.414843231952767,0.5418678705978903,0.520580520291435]],[-75935048.02323973,-75935045.0993551,[5.026842512681712,0.27591716969671876,0.8699885176262014,-0.6168117114956256,0.41654208824413114,0.3729220200673211,0.0,0.4848314145004395,-4.0,0.4062545147561603,5.218616077240347,0.2436803896450721,0.5249457514043948,0.8287631316294696]],[-78177409.93442926,-78177407.09199911,[9.89171747825072,1.0,3.141592653589793,1.4778046761241708,0.6115039933298946,0.8158762775573639,1.0,0.47326307921177335,-0.7833922648683928,0.5430498193321529,1.9066413796520192,4.350669886423162,0.40762946516887966,0.5648122588577673]],[-78928349.91892739,-78928344.31799054,[8.112529106946093,1.0,2.074946394123879,-2.980293204337487,0.6737697900264163,0.7976653342013802,0.42900225803213393,0.32951171506956667,2.7471315061927646,0.5771660597366957,2.099133128259646,4.370409441001758,0.6131754885766727,0.44000693102532185]],[-83314985.67315091,-83314942.13551915,[3.5294531561120515,1.0,0.0,-0.9558093253244178,0.3354249204290458,0.7377081183470786,0.5322458920518591,0.5596783176006523,-3.173442762433961,0.3776920429473773,2.6900008352421563,5.975029012876623,0.5257723058388474,0.6149479583527964]],[-85244747.0543699,-85244746.93071014,[7.752738642359813,0.5941601004927505,1.9949906073260146,2.4781482441624947,0.0,0.05516221381850567,0.17995823555202034,0.741107047795088,0.6055978518298484,0.6850444819929549,4.666974993305895,7.149922897366093,0.5878224559297153,0.5611424220276406]],[-88646557.93807633,-88646527.34877235,[4.137596241155292,1.0,3.141592653589793,1.2320230880994838,0.14091051084557205,0.11280032169855347,0.5508327992399494,0.25043339072047016,3.721465782833941,0.9,5.031164519566671,0.0,0.5799552230488458,0.5137200178380749]],[-89388298.71929103,-89388298.71929103,[8.349287608371748,0.42523382230597645,2.1115640675779876,1.6812412525654747,0.9303013156534374,0.7503289017464716,0.5898062147181363,0.8337429883375556,0.885221386922872,0.8386769922324531,7.093339283674693,4.2621437782312075,0.4762315264814731,0.5762576110119633]],[-90340253.04759154,-90340252.72486603,[1.454822994740164,1.0,0.1895465756066388,-0.5926920820587318,0.0,0.61964050683531,0.18404971150431632,0.5764580705438462,0.16322263196053732,0.4968781591932661,6.151331373882513,4.997562397444764,0.5049251740516156,0.593209318398314]],[-91701397.01313913,-91701395.58481717,[9.07913916604446,0.0,0.5729599832433229,-2.0291743596577865,0.4758529356788877,0.6068260062209028,0.5282373682734154,0.7206817822304308,0.4368868761798181,0.7159356713280411,6.3841325224266035,2.6820163032832456,0.3799554925741443,0.4903471850954983]],[-93587082.36451274,-93587081.98652184,[1.3027239258944983,1.0,2.5369985206725607,0.49401308254017623,0.5156245566893315,0.5015731900330617,0.8126084947610935,0.4289669182000144,-0.272641346831745,0.7346382596798864,4.800540278235327,8.957715581553574,0.6641173664604171,0.595112708680445]],[-93825882.5619308,-93825879.4636988,[4.318432149519739,0.0,1.2473922870112557,0.1907328023740782,0.9885974389088295,0.06462022430266862,0.6566443750203671,0.44557707312065165,-0.9167614642550176,0.654249999872133,6.247217478068344,1.685816453468861,0.46247830763958697,0.6436702235175258]],[-96211563.50479627,-96211561.22023511,[4.901013447622001,0.0,0.0,-0.35217328437240736,0.9337546729982926,0.7504774911383987,0.5930721307347404,0.7626456474726004,-1.4262643277888236,0.5025508334438136,4.876220697401085,0.0,0.635004203185709,0.5684142068839046]],[-97574974.79138377,-97574974.47611523,[2.171990934661822,1.0,2.779771398967716,0.8550043231283444,0.38664558259587267,0.8416558595227299,0.7946665880499006,0.539613003763195,3.414954463376709,0.6765865041991009,0.8912637835272497,2.615760448399228,0.5152136062490993,0.5624977363648127]],[-98555927.63357724,-98555912.92488718,[6.748940370581347,1.0,2.79448531290248,0.5518821572293242,0.8497766683449609,0.7931102856013705,0.29511951824861626,0.3167530890649416,1.156682798943974,0.1459905026102148,3.7471345908823435,2.478783604677034,0.44063158732570523,0.6764266779724486]],[-101758852.46780851,-101758815.8996712,[14.29221467071661,1.0,0.7964790700894657,-2.178174767156671,0.4235631290098229,0.6545627932150936,0.42040381272211225,0.0,1.3418355189688578,0.6220951799260058,5.942696601836502,6.005795447096277,0.5091520795954599,0.4954717672376835]],[-104920048.84774655,-104920014.47250628,[0.0,0.0,2.902163809650004,-1.687206915044861,0.4071590221995479,0.38837699627265404,0.5583016513037714,0.7718818050955836,-2.2348916994664205,0.31938385765054755,5.510446829513121,5.661675197091285,0.47155989020522504,0.5909387757014464]],[-105749361.1259689,-105749345.68933928,[0.584423663511159,0.0,1.1758515610457656,0.7616283888025901,0.4568988644494668,0.4852319938582814,0.9042938201084906,0.18318347763600124,1.630106549499383,0.3688585549640533,3.8288789938408807,6.42893679187244,0.617426798056748,0.47650802018843597]],[-108368880.32880972,-108368879.48333502,[5.117217437708297,1.0,1.6638250344984706,-2.178524744733128,0.43224269244231667,0.7858117116158907,0.0,0.5040276702789865,-0.8641768103613038,0.8673226468637898,3.7142798983095644,3.1388501490946865,0.562882323524346,0.5996210722829184]],[-109273054.63907336,-109273054.58562183,[6.212244261221677,0.16662606900803617,1.905060126680991,-1.9111296172052885,0.49727352336035074,0.8009428368009796,0.33459563939695436,0.7485221691325433,1.113459645368753,0.14116407663845987,1.3726957116293454,7.547190635832205,0.5193319411430107,0.49046362013491357]],[-114557005.69199368,-114556999.74865758,[0.0,0.0,3.1013025066213418,-1.8482953131904392,0.9035009504832067,0.13085407399875193,0.3140745396338893,0.5118611492939615,0.8955803639030852,0.552286326012507,1.399130609601687,3.5312792812123694,0.3023234871790832,0.5903994063798114]],[-118369614.97485286,-118369614.93734777,[9.154957528393295,1.0,1.7494544015092055,-2.5339634448142867,0.6341301486170375,0.9239930085376826,0.6814826132343275,0.47170080837226325,-0.22303820390557982,0.4507508753192436,4.486340784233102,5.337966430330353,0.5403820666895163,0.5620040498837544]],[-128631372.23568703,-128631355.54156649,[4.261970072111706,1.0,0.0,-0.5957058176076772,0.8770723829872149,0.8040187055730257,0.3863529797097828,0.06481385433782505,1.5282431788267687,0.5175401669956089,3.9544954220977875,6.8102685399537615,0.3756535518354951,0.4985386055137424]]],[5.207935749027495,0.6184475802252846,2.1198293065233162,-0.6129534051113161,0.478586995469648,0.46190687278337345,0.503532531789361,0.5579845440803001,-0.43656542986151975,0.36288141653832634,3.993721316141964,4.112438480905011,0.4904294063312062,0.3853849718980676],[23.50247741098141,3.5825574402397473,9.426264430827707,8.709393474536746,0.23690316718582594,0.22613715738955625,0.24307556556035767,0.2572942932786164,8.673753200812957,0.24797967906103818,15.427284937429988,15.310227106219376,0.038161995369615925,0.04324270982716327],[[23.50247741098141,-0.03066109441341021,-0.05609764436895929,-0.1261547547816266,-0.005878330396403738,0.009418073131983467,0.05116407766649082,-0.056869843880208805,-0.12052873310589107,0.04761509229599272,0.06913193990922713,-0.20912091264359878,-0.03296684043486317,0.00039363696665873596],[-0.03066109441341021,3.5825574402397473,0.048028701317345476,-0.06103896846316697,0.01174767917216357,-0.0077719821927066945,0.012301155526759377,-0.006993212616927774,-0.08053765826414809,0.003538893718615958,0.060615678883130006,0.07015606352854525,-0.0028331954590937766,-0.00350904086981581],[-0.05609764436895929,0.048028701317345476,9.426264430827707,-0.11282539123761075,0.022921818369301933,-0.018257238460376943,0.03040060020232641,0.06303412867361337,0.018260220601319502,-0.012733417947615375,0.38390964667841665,0.03133109838249878,0.01156608944907408,-0.04200616979130638],[-0.1261547547816266,-0.06103896846316697,-0.11282539123761075,8.709393474536746,0.015077408596831755,0.021672209094148083,-0.025700225830240116,-0.0005920093141043651,0.359892893083817,-0.012375505475125054,-0.13060513530628112,0.05627328227599871,0.009154080330712513,0.04234147943878133],[-0.005878330396403738,0.01174767917216357,0.022921818369301933,0.015077408596831755,0.23690316718582594,0.00036109809032170245,0.004156043846736899,0.0026131030530950608,0.04004773885259771,0.007268408839553326,0.004727200221820247,0.02938036200288707,-0.0011375508369676473,0.002397409480281204],[0.009418073131983467,-0.0077719821927066945,-0.018257238460376943,0.021672209094148083,0.00036109809032170245,0.22613715738955625,-0.0009739322916766155,-0.0005751101539606737,0.030260362371829608,-0.0005011537173356845,-0.026824084447057053,-0.04238422417455681,0.0005299096106077576,0.002585640280345288],[0.05116407766649082,0.012301155526759377,0.03040060020232641,-0.025700225830240116,0.004156043846736899,-0.0009739322916766155,0.24307556556035767,-0.01593544580015077,-0.005772909721541262,0.003550478764890189,0.02952407894261775,-0.011997867636452374,-4.1822244030368504e-05,0.0004187373679550867],[-0.056869843880208805,-0.006993212616927774,0.06303412867361337,-0.0005920093141043651,0.0026131030530950608,-0.0005751101539606737,-0.01593544580015077,0.2572942932786164,0.06836547844655304,0.0023849322473710227,0.02408677784353051,0.017097000586269118,0.0018747096403495193,-0.007291418948986139],[-0.12052873310589107,-0.08053765826414809,0.018260220601319502,0.359892893083817,0.04004773885259771,0.030260362371829608,-0.005772909721541262,0.06836547844655304,8.673753200812957,0.024274400453814862,0.017817007831005694,-0.04033112973522998,-0.00318107140959839,0.023152732506787843],[0.04761509229599272,0.003538893718615958,-0.012733417947615375,-0.012375505475125054,0.007268408839553326,-0.0005011537173356845,0.003550478764890189,0.0023849322473710227,0.024274400453814862,0.24797967906103818,0.042789580218663414,0.005599310106008785,-0.0013633099409916716,0.007089559907201802],[0.06913193990922713,0.060615678883130006,0.38390964667841665,-0.13060513530628112,0.004727200221820247,-0.026824084447057053,0.02952407894261775,0.02408677784353051,0.017817007831005694,0.042789580218663414,15.427284937429988,0.06188305010266912,-0.01576907676631185,-0.008943609379210822],[-0.20912091264359878,0.07015606352854525,0.03133109838249878,0.05627328227599871,0.02938036200288707,-0.04238422417455681,-0.011997867636452374,0.017097000586269118,-0.04033112973522998,0.005599310106008785,0.06188305010266912,15.310227106219376,-0.017199511401165213,-0.013980547589315846],[-0.03296684043486317,-0.0028331954590937766,0.01156608944907408,0.009154080330712513,-0.0011375508369676473,0.0005299096106077576,-4.1822244030368504e-05,0.0018747096403495193,-0.00318107140959839,-0.0013633099409916716,-0.01576907676631185,-0.017199511401165213,0.038161995369615925,-0.0004394873936749437],[0.00039363696665873596,-0.00350904086981581,-0.04200616979130638,0.04234147943878133,0.002397409480281204,0.002585640280345288,0.0004187373679550867,-0.007291418948986139,0.023152732506787843,0.007089559907201802,-0.008943609379210822,-0.013980547589315846,-0.0004394873936749437,0.04324270982716327]],0.5866606627212082,[[0.0],[0.0],[0.0],[0.0],[0.0],[0.0],[0.0],[0.0],[0.0],[0.0],[0.0],[0.0],[0.0],[0.0]],[[0.3150020694581677],[0.448590887663369],[1.3237403593967905],[-1.547606187604633],[-0.32438581494161584],[-0.5770731565635608],[0.053514358607395895],[0.8784084250692007],[-1.1022556607304685],[-2.0772107611898876],[-0.011889480392407541],[0.21291645578899457],[-0.36246254260187893],[-4.340760452684394]],1,100,5521692.76252748,5521698.306763411,[4.906411149907433,0.28611477848788397,3.141592653589793,-0.34833160542453184,0.40685714372217613,0.3904113541766129,0.4052853476723411,0.9726092321793565,1.0003219308251805,0.39942222372792036,6.676299184819102,4.954799260457648,0.47263325505334264,0.30113071338023123]]
