["generation","mean","variance","covariance","_sigma","_p_c","_p_sigma","iteration","num_evaluations","best_score","best_evaluation","best_solution"]
[[[-41575805.7390924,-41575749.99878079,[4.504076519148038,0.0,0.0,-0.05421235157644835,0.4690811808322417,0.037888643896553165,0.38537467927751656,0.729591561642223,0.7209730399662697,0.3613177044379614,7.36848984781946,0.0,0.449858222188183,0.3580797139666817]],[-45812871.99710436,-45812844.92139816,[7.390852389031222,0.0,2.467606527242681,2.7758898233659464,0.5049965878400826,0.08324181807830539,0.23702191413785856,0.5998996922312471,-3.3569596626755382,0.3958717319459976,5.81995979519875,2.091156124208518,0.3873602981766064,0.35882582015135955]],[-50609372.75099123,-50609341.583507,[5.2219535086800875,0.8465129446073296,0.0,-2.679442572851107,0.3879456707467303,0.5968217328973204,0.5955508968632963,0.1657238103214022,0.5349046730335785,0.42029400468593137,3.393177399846933,4.253096565644179,0.6689260169648454,0.30124402562174624]],[-53758885.507113,-53758858.89217758,[6.667890557591641,0.31113053645753475,1.4061092827230723,0.847662066733079,0.6817977838158569,0.499189484006469,0.10426195119407033,0.33229889713170946,2.0559261465154335,0.3903504489690388,4.6896689153166715,4.897360266895312,0.4542873228809727,0.31083520132797726]],[-59135582.60836081,-59135528.81755316,[3.702003746504837,1.0,0.0,-0.9958131715122971,0.5752837479590159,0.6469558200873073,0.7834814125900438,0.5131124170683903,2.743543156387,0.42321222112174955,4.121340069256992,5.0143192219005845,0.643092550768755,0.33705846498055336]],[-60768460.959976956,-60768395.78727186,[1.3617177935151012,0.0,3.141592653589793,1.855135613478554,0.7645069571912697,0.21674255773841988,0.41842488569204583,0.008340401417069598,-1.5685035218026009,0.17577767586391163,5.600070488062034,5.097815865050478,0.3547097076628446,0.470156831254959]],[-62135348.063552886,-62135313.83834171,[7.83588352459391,1.0,2.6937492136476733,-3.0737019023948635,0.3648770338264976,0.7695941229453929,0.5148000009781503,0.4111685591316131,-1.6399819479197495,0.281141092518181,3.4931332851462162,4.532134163938419,0.5848717020161867,0.34488152717097353]],[-64263621.84569457,-64263602.70382309,[8.259818391844762,1.0,3.141592653589793,-1.5950760144058176,0.0,0.8158853402287964,0.6201210975272566,0.41624965488170473,-0.2915487290168527,0.6065580975244018,3.9963203906298426,3.4447133996058383,0.4793455028219086,0.3048861267248695]],[-64877925.700241946,-64877908.537284434,[3.897214927711926,0.0,3.141592653589793,1.4946189872600408,0.7068915291979445,0.348636017844681,0.4111571146628526,0.4358931515384025,-0.2449492380050609,0.3833156500471687,4.040563789985467,1.6927391334302637,0.47101026455219636,0.438069938317788]],[-64884516.32213088,-64884480.46523708,[5.7326271098909976,1.0,0.0,0.7058081748204159,0.3350975072661969,0.29540845384629544,0.0,0.9480616611268413,2.4024141518703757,0.4746196245863903,5.461711508506066,6.585510967904995,0.472257798146826,0.3771611304116858]],[-65521962.64554266,-65521946.2617082,[3.5057423479215353,1.0,0.6099968945141063,0.9790793657237467,0.1590905632845147,0.34034615737036683,0.3465674923281694,0.6782539243998402,2.3546416553825704,0.8181077990302406,3.4885410575272755,5.999142313534598,0.46642539169007047,0.2757190405650095]],[-65610399.17450669,-65610350.65996891,[3.6926106033464143,0.0,3.1033525832356688,0.6748676033856836,0.6562477491998062,0.29016347631344075,0.17819295337892982,0.4288026690217101,-1.330364284185478,0.5709307680062213,6.068486911154266,2.792941343096485,0.4617194665351285,0.444689852946416]],[-66528351.069471136,-66528325.90394795,[4.027824637994586,1.0,0.0,0.04112891211450387,0.7302849877460296,0.3114094850429836,0.0,0.1742792289423487,-1.0965228806652938,0.34708951406672284,4.286137559530928,2.2028860726638904,0.4876754730733703,0.4623860274692679]],[-70591009.28410336,-70590973.10018271,[1.8362896890635523,0.0,1.0346232912834294,2.18865357010715,0.41509488973732916,0.4840697584431062,0.7442924869008334,0.5563522187457787,1.0219341292613258,0.5882344724407921,0.0,6.623726485751938,0.5668765216777288,0.36369272794942287]],[-71723989.81181072,-71723953.54636818,[7.685048018584558,0.0,3.141592653589793,-1.4805379186638055,0.7223657910577036,0.43725905418085415,0.4434941219470899,0.3689797424776121,-0.7360503293799967,0.5618216549463633,0.0,5.945838513982802,0.6220163759071768,0.42674320348967465]],[-73226421.92767933,-73226411.14689744,[3.452618803317912,1.0,0.0,-0.9225142899978824,0.5945104493558108,0.5218649918000504,0.04442175919780389,0.3535382233209579,0.44484042381291855,0.6240408792767155,2.9783972420090157,3.0662812581443974,0.5456736129224541,0.37473682453512497]],[-74458059.34181526,-74458037.9317674,[7.419435063456536,0.596426323383197,0.012071155029271585,1.6641470978254063,0.6579837511542574,0.402728234064294,0.5363990733417834,0.2284006840933842,-0.23811065957727168,0.57413556380029,4.579476718930038,2.182325152472787,0.3122589946959081,0.40626882143013193]],[-74501431.23836109,-74501402.62309885,[6.63979526458196,0.2123601870337012,2.7096431398227074,-0.9339700837782576,0.32829337297797,0.5372037234700692,0.2563206798356917,0.585439730275278,2.1239283360582606,0.7136910060956156,4.923461641557708,0.5730245340252647,0.5879941023641442,0.35229529062226345]],[-75441837.16072492,-75441767.15839064,[6.1618020915120475,1.0,0.0,-0.1973468990697244,0.6131649142612898,0.7281760953829992,0.0,0.4683079563120588,-1.4252330228074486,0.580920432015453,7.932219664252026,2.2953739354081435,0.5165109299844665,0.4346623308838369]],[-75767356.1173017,-75767334.99376863,[9.301238660136075,0.7759594431936276,0.5513953317052394,-0.8938407656089823,0.6609868982670157,0.8533743699934977,0.46564502483607456,0.7193359560371876,-1.0518686867908085,0.6619522380646962,1.5564321850756202,4.576137600161257,0.6056165626631689,0.335751670671238]],[-76067887.78025196,-76067866.87786278,[9.40118358331442,0.0,2.764460186867633,-0.6798134798394647,0.7696428040382746,0.30884478398305226,0.4169937468107757,0.9238517089699962,1.9892067250098597,0.14554112304594774,3.1392988988897272,2.032375283401006,0.5886157020330508,0.4097055680763508]],[-78951447.2034091,-78951413.78622311,[4.455734584118845,1.0,1.3581132983727309,-2.5664284387063163,0.513471401041942,0.613114549269993,0.5919637252653669,0.7589197500822933,0.8674659400383576,0.428775236804318,5.476110070645273,2.4654538053035937,0.4461908954633629,0.40533770808792147]],[-79097966.80882734,-79097927.84273535,[5.538885221410685,0.0,0.6096581416355,1.2710709467214363,0.23118324082686986,0.2393118101701296,0.341051949346341,0.6017985535955261,0.01203560284722905,0.9,7.384043059462935,3.578430879016669,0.48375020121491114,0.334621889045819]],[-80860223.75119445,-80860198.21497965,[6.069541467050998,1.0,0.12446371577988713,1.260828285987009,0.8071380601911704,0.4755996334979318,0.3993448786596571,0.24881881980449477,0.15979574885197054,0.5167341210194366,2.681195152466846,7.385218278424842,0.5284474583008626,0.4618882946466969]],[-81275739.70300204,-81275631.57008162,[8.407659634044828,0.13525829817026774,0.8412608296171232,1.4990003714748166,0.2894539216902125,0.5185012651673144,0.2198320322477756,0.2668430516410304,-0.8360991166416079,0.7481373773875961,8.760283106524556,5.578051416395484,0.29719477042020936,0.37913169953164066]],[-81613139.49133244,-81613090.17247659,[4.670578535742097,1.0,2.476395638404369,-0.17824550483955004,0.40999184886313955,0.8703128278312655,0.762531583223713,0.28702996613228343,-0.641250486333434,0.2392282388672805,5.289491481197222,4.56381830817043,0.43828098450691244,0.4317644772411843]],[-81903123.58413672,-81903070.0991444,[6.927739402888328,1.0,1.3043050141033226,1.4226611217521525,0.4200504251868646,0.4956483905468489,0.46555284342835895,0.37623005431774037,0.8809997180607043,0.40378895691621425,6.916594588568853,1.8668503605357838,0.6770347950888248,0.460987188058366]],[-82331115.31709628,-82331001.81832576,[5.025758701153121,0.0,3.141592653589793,-0.34766922701263747,0.6880390108625851,0.31031517875988873,1.0,0.7679546573759406,2.2365942825187464,0.31163605579831155,6.349405725875824,8.087158660307011,0.6422406647090559,0.48255226966354]],[-82403483.90427214,-82403444.84649765,[2.5914311595979047,1.0,3.141592653589793,-0.43699045045503354,0.560296985612681,0.6792235544458266,0.755447128719348,0.3478013786151699,0.3286483336521407,0.5358874171834592,6.181959009549465,4.092751136152025,0.30833340694740907,0.3901068188549065]],[-82710800.34475188,-82710727.37410069,[1.495705213353455,1.0,0.9441223095336323,1.019372011568409,0.5566383797352092,0.6645830693100572,0.8317734282065107,0.851516061454256,-0.36780562602626105,0.31903963395440277,3.502420279076485,7.77800550634749,0.4814499801456589,0.44546165099269447]],[-83185268.57127951,-83185244.83377668,[7.283159079579638,0.4452394710399698,2.270828492081601,1.618956377596275,1.0,0.6483964187035626,0.21199331238706126,0.5714152187503635,1.4161291864073753,0.4571267840597803,4.722693621050509,0.0,0.31320519405613545,0.4104922723647209]],[-85843953.38212931,-85843941.62062389,[3.92989156758264,0.5128683982535457,3.141592653589793,0.4116874266159579,0.7458200045116615,0.9923928754681153,0.11714342222228685,0.6715507810949393,0.2543166837740707,0.6241531114771958,3.288736375771954,4.688669985924462,0.5985599574289463,0.38488555012192943]],[-87190941.08464338,-87190858.1434848,[7.889862941213824,0.5144984389270473,0.398902132422458,1.0876555196484698,0.5308779137352291,0.4719022618402325,0.3927338561966895,0.7366433471071423,-1.5236976004627363,0.1894991309078637,8.151502607758838,3.925471270602833,0.5126382130064255,0.4574756047725445]],[-87326852.47251305,-87326818.63502157,[7.853635142226594,0.0,0.0,-0.04827614511239289,0.6668850464178597,0.24973007987759338,0.1636542053227728,0.5851522216640959,2.7936616149517555,0.14844224118517246,4.651211351299098,5.085647911229343,0.30332010298832324,0.4635039426072496]],[-87805383.3114748,-87805335.54630858,[5.988002287938915,0.0,0.19368756634272133,0.22491622425710334,0.6739091808886788,0.4515928053633779,0.8325177154008125,0.057606987994058945,0.6258867736256161,0.7616477688435159,6.803879764135023,3.4015288502888983,0.44558209896708834,0.4008129456894846]],[-87865933.3008662,-87865921.0614798,[3.6529037674500264,1.0,1.835843741183463,1.5915377135060242,0.33309963018861866,0.6217818733716645,0.2770765675434548,0.5557314288078239,0.9103137497836837,0.49079332857376295,3.2943007310469734,5.742712470917173,0.373314621302662,0.41324116130366206]],[-88900948.62396576,-88900937.18856212,[4.3641755240209505,1.0,2.092028769606864,1.6990255129145018,0.45019480373931786,0.7000930873302956,0.6366996180884816,0.17703354013067496,0.4083651663512411,0.29807293262500645,0.7959251409687167,5.946109964566103,0.27792339091802876,0.4027167745294018]],[-89012487.13458279,-89012455.80608946,[5.268353967943224,0.41579593047602326,2.2586051317656057,-0.8972735574543856,0.8520353088900551,0.41816134395054533,0.48335075458051874,0.5543945640610572,-1.1758762168848258,0.9,2.085723915683009,5.530014074614486,0.5625058848394832,0.4005645261785603]],[-89361761.1590231,-89361700.9857319,[4.445018457703301,0.0,2.671269931307828,-2.296119809931773,0.6136269446583027,0.25960107620753303,0.8761059391993307,0.1950681938185957,-2.4995876363308493,0.5439948974806468,4.7444477109826035,5.568214738359693,0.2825418358785694,0.45700820452378343]],[-89641906.52447008,-89641888.32106179,[3.635891372603683,0.0,1.4776127418316538,0.3661285073153626,0.23324099045919705,0.1717186595699723,0.8577400929303882,0.8605344302729578,-1.1513956533863896,0.6692223717309194,0.0,4.146809421655128,0.4783811969446067,0.5351562505346202]],[-90164119.91679005,-90164075.5221209,[3.6157350289311805,0.0,1.7104165814634504,-0.1823064242963369,0.27704642255034645,0.10474097330996507,0.5039451924529391,0.4655083099843004,2.1496860783978615,0.7458521198426045,6.207071441663901,3.169945344292693,0.49508215064767874,0.4682461128993777]],[-90247889.45020899,-90247859.7706042,[6.878154395027115,1.0,0.3396719027226345,0.6008812117073574,0.7716727005043629,0.705873917908045,0.7860479105990734,0.4811463599523177,-1.4346609163174993,0.4686671532462942,4.8818093398437705,2.171171977365637,0.6343272293756403,0.4720835947734072]],[-90729634.38164848,-90729634.04302382,[6.182342152231198,0.0,1.4922364309182832,-0.21371701487708797,0.6813109523201906,0.566071941171363,0.29756425913816104,0.6066816808007608,-1.4162141624736013,0.7732523893880521,1.1975772946281533,0.0,0.3785921984840852,0.4576070403590988]],[-91640161.11908121,-91640114.1267449,[5.811861618964405,0.1645865642182372,3.141592653589793,0.7231055983621225,0.9824569025524215,0.6838715303489781,0.6846468091165472,0.3316081297987646,-1.5396673650307673,0.12857098993231253,3.07341554742797,5.842912560580056,0.33280270366821263,0.4338051946882845]],[-92505712.08262514,-92505684.14306033,[4.459877425473818,0.11241765436267437,0.0,3.520467821484034,0.0,0.1089315295708127,0.6005650095749887,0.3192935232399745,1.2290145033689037,0.8529153846590627,4.795009701172386,3.7974385677031486,0.4111157987683114,0.4579186065015298]],[-92630749.41215906,-92630715.67687929,[6.407661317065548,0.5849207874436512,0.9547535275971711,-1.5629997295082183,0.7365705433553207,0.6481404225382595,0.24994345629508807,0.46213675083547373,0.39151514220287964,0.6934620374334474,5.630610844110429,1.8024337118880727,0.6960290528120596,0.4268326729034841]],[-93306882.5299388,-93306875.98265481,[2.3308805378326785,0.0,1.734673796229515,-1.4298417360028504,0.25841753076173246,0.64329414375125,0.6060607129817405,1.0,-1.7391836355811394,0.650650760511335,2.9139143486982864,2.3982420732336123,0.4075031848852741,0.45219547233681484]],[-94265159.80168974,-94265156.5782693,[5.166031366555821,0.3952466070026542,2.8458364524020388,2.8388132101059558,0.13969390119375186,0.5538373838462861,0.0,0.4867070598422088,-0.6320463612534089,0.5329548696492762,1.618681675013625,5.3121645941945275,0.5422433346858971,0.4796944492967442]],[-94721416.59491384,-94721405.80160284,[1.489373918547638,1.0,1.1251067784175657,0.9102485253273456,0.7237565188784707,0.2765635340187057,0.21106066742443896,0.3052472197909737,0.769072976993775,0.3334188143089616,3.072966524065109,2.430157065997905,0.3946385185093232,0.5535804017092031]],[-95110749.25003797,-95110714.17461365,[6.257998522075614,0.0,1.8806061348316057,-0.9694070188965102,0.10661822116069092,0.5279969657011052,0.3213072145458903,0.6674055957642951,-0.8918906722310065,0.6626955329192696,2.425967834858537,5.323393238757275,0.7383715377777958,0.46652888722577457]],[-95320132.24394014,-95320119.97473902,[9.059176948556633,1.0,0.34139327049797563,-1.5382129741469774,0.5148368656605803,0.1479902603894575,0.35662829111939676,0.5126789919165972,0.15966285965584065,0.9,3.3429670347971694,4.541209620507264,0.5279532618139842,0.45105628635825457]],[-95740908.67781724,-95740884.1240229,[6.464247120902897,0.6530000470355997,0.6918507509685459,-0.526299536358529,0.38935360158001503,0.21565276279010182,0.39764919268687776,0.1393099985976381,2.802061671989173,0.6441685617946163,4.230324923255107,4.195609508785371,0.43076555685122414,0.4837539656289419]],[-96018274.67829064,-96018239.00392264,[1.3662070275044687,0.2647257302447854,2.1068468538564797,2.116594879498839,0.6399379790803155,0.2315027561280797,0.5930130174612641,0.6820670745305779,-0.3761638364187831,0.4712846332665157,6.545809308748171,2.304361838949717,0.4462598294203207,0.5270239580438504]],[-96408947.85409656,-96408904.8335045,[5.309940895305166,0.0,1.2303804876762996,0.18787956986505888,0.9579693007696588,0.7465655077105563,0.038597064839654305,0.8024084775122701,-3.1040233789405427,0.4420114810505538,1.568467830052366,5.769827574726725,0.5808043896618574,0.4981424610647905]],[-96496880.01539537,-96496866.59728783,[7.264398657612595,1.0,3.141592653589793,-0.2543805480886274,0.3233781207069434,0.8329510467777885,0.1534684704194485,0.3054280043924738,-2.5738968615553492,0.5230958699851203,1.033536728715612,2.674673523761263,0.526849888350544,0.4932581889185249]],[-98567798.05205286,-98567733.97238627,[8.05181010664592,1.0,2.2142412431010126,-0.7717114808748914,0.533134252897184,0.3492129741894784,0.49747199348389803,0.262778274831859,1.0657304154573701,0.1,5.2773682666911235,5.7574887723538,0.4462959618197039,0.4714450782100089]],[-98860651.11674315,-98860630.95669287,[3.4781529806350506,0.015029738199871745,1.5405955633051143,-0.34813423564718626,0.3814088377052566,0.18656766295657373,0.44245819063028435,0.7598485538021954,0.7535141712557228,0.7181325850700304,4.443661616762908,5.048520040738985,0.4648958187429666,0.49189428254685424]],[-99982010.12555197,-99981970.80432534,[3.9850686597524154,1.0,1.388876009189282,-0.6076853671433777,0.43127276642023965,0.6794190854309098,0.3555183892343614,0.6846743552758833,-0.02503788498458514,0.6707477714886501,6.062249320998109,7.1283657972960475,0.5935321983842688,0.45672195911121266]],[-103253637.8163074,-103253577.67256463,[8.895494936827998,1.0,3.141592653589793,-0.3633355024907551,0.7449578488330539,0.0381763114876108,0.16830304644364097,0.5508478406949444,1.0840219547647374,0.4222879149402061,2.700851735597628,7.0123353807967685,0.5824937749693945,0.6558763225075445]],[-104843573.95692064,-104843563.07963473,[10.51706396305583,0.20313584005120922,0.2671628760876201,1.5071899835297087,0.8041717842662395,0.4246210673995185,0.45508942560864524,0.6926896265463734,2.5736432827620286,0.6480620851155946,2.509354855153145,5.0631091285113055,0.3660444801511774,0.47116934704241137]],[-105687917.12012886,-105687884.18115416,[0.0,1.0,1.282541512535953,0.40688560156121845,0.06069151232358094,0.8338671304285227,0.673585621279419,0.627521365382376,-2.603667122363847,0.15803992412876466,3.750194303464159,3.5561448537965155,0.5774433470816156,0.4920924602795909]],[-106871577.41984107,-106871564.01235008,[3.1871225393422273,0.0,3.141592653589793,1.1996680609037875,0.4943433656091789,0.8320866689674649,0.44053677404319114,0.8646607731383573,0.1606052855916444,0.5960442948075567,4.089855217125633,5.485893008799043,0.4511965135215643,0.47344314514695696]],[-106934617.19620816,-106934557.78552708,[8.488682749240526,0.4444413094167749,0.0,0.9940350470383785,0.0,0.6035787595024229,0.619213344299981,0.6772035912733565,1.646525159282008,0.1,3.3675978529813873,5.970219429136718,0.5880771208781771,0.47943263485701615]],[-107513673.55198452,-107513635.1012665,[2.5297297451050937,0.004926080133926425,3.141592653589793,0.5582373279740779,0.4920435930878972,0.27401354949411844,0.7267838945312727,0.5547250234387332,-0.6873756470754956,0.44082915410129886,5.9334654926747605,4.243801973228271,0.37337832733105836,0.5974679002203449]],[-107715773.63984945,-107715739.34488207,[2.8404267298687396,1.0,3.141592653589793,1.668620627190891,0.020801660672289446,0.7684241727910557,0.9655712552421346,0.41713176758454734,-0.8221295229490457,0.19557247166802105,5.412282015625701,1.7105716512456315,0.5805233275673831,0.5177485863365461]],[-108904008.96536721,-108903903.25780886,[5.775691851667627,1.0,2.4540551157895973,-2.6565311413351975,0.7136775418960586,0.524658557447565,0.7931954478276566,0.9481845032926783,2.1740378188419527,0.5925290143416412,8.51123681069568,5.01939930211943,0.6340859799266715,0.5514155264501054]],[-108944540.44674163,-108944519.26032495,[3.8752186551025987,0.6627443448244305,1.44650888935971,1.898295001860634,0.5175084304901081,1.0,0.1389180518125463,0.4494705156340852,-1.6178863468966282,0.7085485703682562,4.331269939946846,1.9673030391716808,0.4496594538780655,0.4822989380613764]],[-109296798.77066576,-109296766.67369407,[6.245154523740344,0.0,3.141592653589793,2.248681636590267,0.4484002860206361,0.8929717739126961,0.5165828010272305,0.4608646844068657,-2.6804412905904815,0.6296325083623979,0.17798337539644082,4.673732842139022,0.42252367075955716,0.49732204388639795]],[-109335679.97045384,-109335638.73217574,[6.02544904807448,0.0,3.1181607537273774,-1.0178994538768105,0.2500781918498014,0.5588788399891247,0.4356180117739039,0.5949393959254575,-0.613551178441249,0.1,4.41393153617818,4.642827436372595,0.6147456985615215,0.49114284492483234]],[-109498144.1529612,-109498119.6626929,[8.765188806723085,1.0,1.239442690792389,0.7366021506804618,0.976114156126551,0.6171492014123888,0.12817447075226018,0.7206748781893328,0.7352197645659974,0.6878458504984761,4.927284870764215,2.3778148539609196,0.42419190390630496,0.4916515019499021]],[-109675619.32510224,-109675575.50929195,[5.905036506998919,1.0,2.287425270841253,-0.9913438715684625,1.0,0.19642279372779653,0.5304147463978384,0.5778902919276208,-3.1884917771204813,0.6422456253834526,7.939418404560904,2.7307909905437473,0.376515106729513,0.5944526750033862]],[-110336420.9223726,-110336370.17852557,[6.7437325824601695,0.0,1.8508304253037084,1.6425970827890355,0.40207931088032245,0.8573920428336742,0.6638935839333248,0.998348128051513,-2.510487406358034,0.5320213839691258,5.637640415780925,4.954872467298965,0.5649046059714568,0.5261002560672211]],[-110763563.94684137,-110763555.62693328,[5.141464766827676,1.0,3.0011725556493234,-0.17358629597724748,0.3277189188451665,0.3816073407078523,0.7640047969051227,0.9614370641967568,-1.8351646535158164,0.33603720450041596,3.1849014913175457,0.8869221909211245,0.44868052271138237,0.5892506469412043]],[-111409832.95898992,-111409809.35114568,[0.02884467603001184,0.0,0.9545124765902256,1.2217376826745137,0.2299381223460938,0.9076428768279451,0.6623985367501257,0.7674602370753438,-0.08519713347383816,0.87853767530317,4.657625415855919,4.942989145216382,0.4966623866222782,0.41678074109877766]],[-112752781.05171743,-112752772.09297305,[6.239415589027471,1.0,0.8329648270774361,-0.050272988383828335,0.26838319399322663,0.4000713996613739,0.24840582247851611,0.23225808349066662,-0.9124449369996221,0.7760438389085118,0.9835265458256588,2.6604998092758265,0.4697113353717638,0.5955218454909781]],[-115043768.81289692,-115043715.0261085,[9.436231168028517,0.9875716710031182,1.0449544188418756,0.8369035129998864,0.4011567408911414,0.5473382294798395,0.5194182033206889,0.6478575151102054,0.22744930154744486,0.44272167396584633,6.800585128088006,2.6382509722489362,0.641141831629609,0.6028795590409776]],[-115461770.72394659,-115461695.939426,[1.8472025204682896,0.0,0.5540355549799414,-1.592837325763629,0.4175645008896139,0.16852492509236594,0.7413635543306426,1.0,0.32033041930078454,0.1979755974918067,6.520912595105974,5.612489577132985,0.5655551160286787,0.6175393912460536]],[-117038738.58980528,-117038688.04344332,[7.469694380613834,0.1814065299999278,2.224011254379762,2.064450000849978,0.3268084902145839,0.26544074731174533,0.41347449235886286,0.06352965436551145,-1.197303444392256,0.8951141996107115,4.122464271288086,5.725586082043128,0.4893855875785644,0.545182679187901]],[-117046123.13018265,-117046108.13732672,[3.6554695543192173,1.0,3.141592653589793,0.5082139074426386,0.653025742075445,0.5719654152504632,0.2692023329257558,0.7063978924737543,0.40448397152440196,0.6295148570191026,3.7843257407747304,4.664052929467265,0.5902792033869466,0.5608759149211073]],[-117069002.8328714,-117068989.94367474,[6.08854470558274,0.0,0.44747279107808025,2.77870948687118,0.5113293783498198,0.6801125203482796,0.6719386995020828,0.2612258079883423,0.19596342078648227,0.9,3.455876687642343,1.9468358120326874,0.5287769753884068,0.4684463826125499]],[-119522494.3523329,-119522468.90266073,[1.3443793265831152,0.0,0.25425996962324215,0.686536368370651,0.8043682362178741,0.8350342270781059,0.8703388148120887,0.6222654414451978,1.6871750653610649,0.620021658009231,3.614055046548496,3.2333464763444937,0.5903234217553281,0.5473437665676305]],[-121395860.06116351,-121395840.02364594,[4.717388612021708,1.0,2.0704588623945397,-3.0235883097911103,0.7268224969737198,0.5358933548990933,0.36678725977795956,0.09131187648514111,1.3441634957605713,0.6445193152818817,4.233665098993207,3.780437494322908,0.45011530656147486,0.5483907321255977]],[-121815094.45412003,-121815035.98335642,[6.896839254718561,1.0,2.08072554104828,-0.2827919934134455,0.5254347751825397,0.8366013098631102,0.5004679925774596,0.9922795382119258,-3.6381457669214416,0.6978370038819092,6.434323976615772,4.372779941671452,0.645432977372753,0.5378261874816883]],[-122431386.28673415,-122431354.58521211,[5.8143191143684225,0.0,0.0,3.575066108427498,0.33738367087206866,0.4516953218318728,0.3176874828140711,0.6172557282426994,0.5373332995386073,0.8646501597606195,5.595739279836105,3.9338394069550806,0.6847768444397229,0.5194731794554778]],[-122666355.77629024,-122666313.28875887,[7.08300754463283,0.7343102481508285,0.8075458891738746,-1.9312332838613249,0.2615877581362652,0.8113571138507683,0.4294530543454168,0.4297454155978193,4.0,0.24306393276906263,4.404021635001283,4.498007279363218,0.3832319985853484,0.5722425437703891]],[-123328508.66872416,-123328430.63434029,[5.89799741785304,0.0,2.0339796362481675,0.43796645582791854,0.9311699526677266,0.6870480578977629,0.36505019124817917,0.6058230326154831,1.9905146526821316,0.3287584614978138,6.438294062414234,5.476749944781093,0.5695093259171368,0.616924388235508]],[-125976859.51565017,-125976799.67376828,[4.420325059525017,0.0,0.0,-0.9247912142926404,0.5957014165054056,0.7127735294121345,0.8362597381943764,0.3721206795979588,-1.2668622492107473,0.5856703969684517,4.800360524479384,5.954616461042782,0.35610779978607354,0.4659512828878278]],[-127897261.09337632,-127897240.7413997,[4.298849316304455,0.0,3.141592653589793,0.8189476200778845,0.8368668648182318,0.8411099906210907,0.2836028632045475,0.7634386238422245,-1.474923570006188,0.38142418083174406,6.15284597719597,2.0604118972681507,0.42146752458390657,0.5890333897559585]],[-132914406.36251009,-132914394.34119347,[4.198906856205856,0.7530660890571212,3.141592653589793,-0.3106496163840332,0.5628585912697036,0.4464865247626213,0.19440239448632718,0.5324435274125109,0.2098211207533304,0.1259848394359614,2.310241646164177,2.4629282127841363,0.3813805839069327,0.6084311699937949]],[-135054044.41261926,-135054031.33143234,[3.0727452581340593,1.0,1.1639781989443474,-0.8719366562881251,0.0,0.9431463142716714,0.5429673338244263,0.6744417342046127,-3.0874670176952677,0.8666386613026756,3.6425605916166734,3.0689449380982188,0.4490041423633381,0.5681447409744818]],[-135745536.04726645,-135745515.08112627,[6.322008127348335,1.0,3.141592653589793,0.05353748976395544,0.584602104032082,0.45417534696500694,0.7440928446606084,0.5795864250764349,-1.3919490667392649,0.9,4.698474342283954,2.9045647273291593,0.6008863299456003,0.5985840741709201]],[-140380474.32906145,-140380459.86111408,[1.974765419082492,0.0,1.8152643991721205,2.305636429681471,0.34548033905507736,0.34962889031583244,0.3538076490084495,0.34660021558135456,0.3245007085150561,0.5947742984872498,2.640326246312809,6.760576870098345,0.6093378697284935,0.7165492187232677]],[-148463467.88016343,-148463394.8589761,[6.073900212137285,0.2047054377570739,0.0,-0.2907669202687755,0.5549789083293654,0.7794404479089461,0.645176729107597,0.5555188509173999,-2.0540486423645135,0.1,0.7969179214670494,8.071170609877724,0.41442836724112075,0.6142456293927949]],[-155023523.79540032,-155023476.56456894,[9.111915039346961,0.23854476908328076,0.7420612994616255,-0.9009133651831526,0.1420908725463476,0.9651179520572855,0.11958688539258122,0.11980649842440194,1.6196314805022474,0.7358223432202948,6.657923003559527,4.847828725078278,0.5637226434597408,0.6430884754709937]],[-160781171.2262101,-160781155.09814453,[0.0,0.6710416901116634,0.29398206436597274,-0.30205098801374364,0.5968465811056547,0.8865401840791346,0.5967733433283551,0.6977284464127442,-0.2894160284938952,0.6567053277195507,4.823963057576275,3.8952626436613786,0.4449370248986115,0.6661285411057064]],[-162296604.08035508,-162296547.81370813,[4.846932997185118,0.5839277403061499,0.9473634375781268,-1.3446066059417887,0.27466924485006905,0.6650677627953332,0.5931463276431604,0.4600564410784126,-1.581321633843066,0.6924413951878859,4.473328772647403,5.923100761324374,0.5330964271166807,0.5745935768794614]],[-162725096.48574644,-162725060.6640541,[8.354973945757642,1.0,0.8202733915185254,-0.8696736904325839,0.3170188732494699,0.4725400561162187,0.4217198442357826,0.2595637341707566,-1.0475505636026015,0.5917324082696936,5.208355276947246,2.8248177555335365,0.46334804834196,0.49534394616406413]],[-188378923.78440616,-188378886.16674745,[7.385331431715254,0.8342548675462688,0.0,-0.4872687159538035,0.3775211153524247,0.3559456554478707,0.5771638935076909,0.23474593410700695,2.9016339830311075,0.9,5.046895802925572,4.351553366748282,0.47893808966515855,0.7755427779677375]],[-238054591.6262851,-238054550.61510897,[4.32084135722123,1.0,3.141592653589793,-1.3155320846721994,0.7976796321974422,0.6942085429370654,0.43381615859470213,0.36939628543931846,-3.483464075696854,0.6311212032640094,1.2711940373619304,5.45249240918387,0.4347475791774317,0.5785591488891934]],[-606935114.1731668,-606935062.8540399,[5.952815968084321,1.0,2.0995206514631666,-2.7057288969145716,0.6585219517495045,0.9982188726043086,0.9338391697502586,0.39836700056721625,-0.8206482175872634,0.9,7.084028426047306,3.067733890705569,0.34107794222117016,0.49495321027895184]]],[5.3866089153099885,0.4768218050315043,1.3687712967492907,0.07048962354081494,0.507002721200797,0.4123531043056942,0.38816780805471557,0.47124628483510345,0.10199644427246506,0.4489059324283204,4.695300051845233,3.5423416348128525,0.4978971125070901,0.36905028876557294],[23.976821643994672,3.609646593395878,9.502771145579397,9.230146242069985,0.23718753626354777,0.25157460189481695,0.24989691034659642,0.24516596371441723,9.310152754298839,0.2319704595713,15.887216174813453,16.073706612574757,0.03968493163029092,0.04463215888715644],[[23.976821643994672,0.044581735593348694,0.20838433078747173,-0.31333466091562096,-0.044085506992626894,0.045412943133191296,-0.05137435442752724,0.039757794203614326,-0.35600981059031134,0.009947576775104347,0.021096306246136336,-0.29209862097275197,0.006088041681233191,-0.04100373090570589],[0.044581735593348694,3.609646593395878,-0.10425633727301513,-0.2119662428594733,-0.015708783147534433,0.039020709550176086,0.009176141407340148,-0.005050386837665819,0.11267447093846818,0.008255343231643335,-0.12453500425333175,0.17950303758966443,0.00964238857043068,-0.002186102907454392],[0.20838433078747173,-0.10425633727301513,9.502771145579397,0.19079964612689904,0.009979015368119206,0.015943193631939013,0.016010338088354968,-0.02497711170348416,-0.5489256984111878,-0.012368648796583002,-0.2043672442703165,0.08883222016512408,-0.015988429569336944,0.023317092302578248],[-0.31333466091562096,-0.2119662428594733,0.19079964612689904,9.230146242069985,0.048278069879056286,-0.12651091327609182,-0.07380755105424307,0.02097054497853484,-0.3766981718008466,-0.0009863867404739024,0.4507549253730752,-0.1314791469085825,-0.056222476297819735,0.01070902232431247],[-0.044085506992626894,-0.015708783147534433,0.009979015368119206,0.048278069879056286,0.23718753626354777,-0.005647313115073071,-0.005125308557696913,-0.0061760670201333745,-0.01970719598052105,-0.006857046203427293,-0.0008639889776009501,-0.009203038015661106,-0.0012753455053233981,0.0028441118640893364],[0.045412943133191296,0.039020709550176086,0.015943193631939013,-0.12651091327609182,-0.005647313115073071,0.25157460189481695,0.0149180879555922,-0.006956403656026739,0.039600464870399955,0.006382699003934574,-0.14212149125998155,0.12903506538338796,0.006482791822705007,0.0036899535809666946],[-0.05137435442752724,0.009176141407340148,0.016010338088354968,-0.07380755105424307,-0.005125308557696913,0.0149180879555922,0.24989691034659642,-0.001199303631103989,0.02557896811371775,0.001414828756262704,-0.10536993149280684,0.06782220256694628,0.004651962700637412,0.0058447746382602455],[0.039757794203614326,-0.005050386837665819,-0.02497711170348416,0.02097054497853484,-0.0061760670201333745,-0.006956403656026739,-0.001199303631103989,0.24516596371441723,0.048013093895637085,0.00415200507399296,0.036608961972903344,-0.04450195804871244,-0.00030699214844876133,0.0005467693540064849],[-0.35600981059031134,0.11267447093846818,-0.5489256984111878,-0.3766981718008466,-0.01970719598052105,0.039600464870399955,0.02557896811371775,0.048013093895637085,9.310152754298839,0.025317338810677967,-0.17528148648990807,0.3998392051743455,0.03154289868177315,-0.022579440208374785],[0.009947576775104347,0.008255343231643335,-0.012368648796583002,-0.0009863867404739024,-0.006857046203427293,0.006382699003934574,0.001414828756262704,0.00415200507399296,0.025317338810677967,0.2319704595713,-0.043469062961854085,0.03477774972808592,0.0007538949510906022,0.0017701056074415768],[0.021096306246136336,-0.12453500425333175,-0.2043672442703165,0.4507549253730752,-0.0008639889776009501,-0.14212149125998155,-0.10536993149280684,0.036608961972903344,-0.17528148648990807,-0.043469062961854085,15.887216174813453,-1.1475723519994627,-0.047856523802837225,-0.03578759316851656],[-0.29209862097275197,0.17950303758966443,0.08883222016512408,-0.1314791469085825,-0.009203038015661106,0.12903506538338796,0.06782220256694628,-0.04450195804871244,0.3998392051743455,0.03477774972808592,-1.1475723519994627,16.073706612574757,0.026697807986964292,0.023524502380156603],[0.006088041681233191,0.00964238857043068,-0.015988429569336944,-0.056222476297819735,-0.0012753455053233981,0.006482791822705007,0.004651962700637412,-0.00030699214844876133,0.03154289868177315,0.0007538949510906022,-0.047856523802837225,0.026697807986964292,0.03968493163029092,-0.0006573270317491007],[-0.04100373090570589,-0.002186102907454392,0.023317092302578248,0.01070902232431247,0.0028441118640893364,0.0036899535809666946,0.0058447746382602455,0.0005467693540064849,-0.022579440208374785,0.0017701056074415768,-0.03578759316851656,0.023524502380156603,-0.0006573270317491007,0.04463215888715644]],0.6005298338023867,[[0.0],[0.0],[0.0],[0.0],[0.0],[0.0],[0.0],[0.0],[0.0],[0.0],[0.0],[0.0],[0.0],[0.0]],[[0.5856742237118611],[-0.08778167553593172],[-0.4870903857396718],[0.1779746660088704],[0.10608429192221451],[-1.3277636796181427],[-1.6941469689345814],[-0.43559031209949994],[0.2575241885491631],[-0.7740245290859603],[1.316638410241909],[-0.8666338809766738],[-0.07964165796434326],[-4.959396138797085]],1,100,-41575805.7390924,-41575749.99878079,[4.504076519148038,0.0,0.0,-0.05421235157644835,0.4690811808322417,0.037888643896553165,0.38537467927751656,0.729591561642223,0.7209730399662697,0.3613177044379614,7.36848984781946,0.0,0.449858222188183,0.3580797139666817]]
