["generation","mean","variance","covariance","_sigma","_p_c","_p_sigma","iteration","num_evaluations","best_score","best_evaluation","best_solution"]
[[[-34840438.57458338,-34840357.411498904,[6.039434059297381,0.0,2.2696009215740602,0.23407569764491631,0.30818071450265927,0.39535017762773483,0.8501248845940601,0.15596753298698413,1.8038326670037121,0.1,9.0,6.2343882522822485,0.5820373469908492,0.3470359861236674]],[-34886380.881341316,-34886376.18613583,[4.047191658764712,1.0,0.0,1.37319498205206,1.0,0.08312328644704592,0.3949149908569467,0.5036164201217198,1.853976789750524,0.3358957190962769,0.06226208050313886,4.362043303735906,0.6146126492117866,0.3367808205525423]],[-39843504.85758472,-39843504.68100464,[4.319853568508992,0.0,1.678161226548954,0.9134407604595207,0.61972099487316,0.34102557555101526,0.9400210594530068,0.7009934968167231,2.0410314743435154,0.4060643182343548,1.5564973320891267,5.331547115568508,0.6679027377138067,0.3354718869756853]],[-45390314.06229376,-45390313.73351705,[4.141526135308083,0.0,2.3073769387719385,-0.7962938870114279,0.5875812547762782,0.37742873048240694,0.8297065720707242,0.7213216720305297,-0.5488709275470021,0.5197319516159684,1.4814431595777697,4.43019622894405,0.38764105790029557,0.32485594271332074]],[-47672221.00748474,-47672220.46338868,[2.7131748107198166,1.0,2.591034404051365,1.7235866895978595,0.21193635494101232,0.16824852734129425,0.4743328506260182,0.4920219796242989,-0.9337858831608226,0.46138317587382244,2.6965546019154356,7.7436787547854635,0.4170643372042173,0.3396240428743319]],[-49420750.89151474,-49420747.18131232,[7.183433193960388,0.0,2.0047929684910644,1.7464388036324325,0.38621576453788936,0.7629049521241733,0.9998115510528196,0.4670417076947991,0.34486609447587313,0.36701887027241964,1.7879123192203328,0.0,0.4483166872404786,0.3157947759506262]],[-51277102.51492953,-51277057.677740335,[3.4202070581097974,0.0,1.3410351099980837,-2.4139684391791647,0.18906204904783153,0.2343896742133173,0.22760951842087773,0.6787439323514408,-4.0,0.426068110334691,6.575791394101936,6.313430622643396,0.604667612466281,0.4129439189283688]],[-52452131.00203816,-52452130.82872969,[3.2824887444107356,0.04269426313609498,0.8688755118086207,2.2620286983018536,0.48021343011463186,0.5631108980884063,0.2153439517992773,0.7462586054645274,0.8641124477567265,0.12443401507959306,4.908449444426269,4.116862253148419,0.5316163139775869,0.3545915044408364]],[-52848270.51679223,-52848262.079264045,[5.467876831687763,0.0,2.2552836153299527,-1.0746590852958466,0.19913004028471099,0.18066306387098996,0.3367303619311751,0.1473104341714671,-0.26782314573568555,0.3615365925820423,2.844058568770503,4.3949691695531925,0.517438145185661,0.44193477887899457]],[-57257510.92380409,-57257497.842975855,[8.167189356064146,0.9616057628511938,2.2816948382313567,0.2804928825892598,0.9222446290788647,0.11542753494748281,1.0,0.5240484024224765,1.833356376820753,0.6832726473106562,3.6059280881060642,0.5710462073181719,0.4089350297909725,0.35692648372883984]],[-58567046.77261672,-58567046.77100521,[6.2911736899306,0.9436428045468241,1.030324714815014,2.2852887822698786,0.3944152258264544,0.49377173305860284,0.6649175506501456,0.43496343471622223,-0.13905349006879808,0.39142088278635057,3.2888867962471573,4.7277507004818045,0.6477570212503595,0.4389911431735979]],[-63849832.2956696,-63849794.78509593,[3.7123899664474935,0.4814092988245753,0.0,-1.5006716977505374,0.5687432334073863,0.33710305277126135,0.3904049900567409,0.0,-2.6838945700770918,0.5814372778522683,3.531609269673835,3.9501783996133053,0.7796702903411725,0.44687348576286445]],[-67430300.22216919,-67430299.08621603,[3.261320952238711,1.0,1.7811638016918812,2.3123412346317647,0.9475339862906311,0.28370352736926896,0.752009602416819,0.5731646363449298,-1.3759020219339708,0.2452201672398276,2.1102482135578935,2.203813133914962,0.3608644546499521,0.46552373858303275]],[-67599129.29850075,-67599127.75009072,[4.23780798617231,1.0,1.755367265789906,-0.24540199380555466,0.5894242681847865,0.2585641498746375,0.47805406842984255,0.6375456607231968,-2.387696384647603,0.8644750102009646,3.412773534683115,2.81996734978488,0.5280561296215015,0.37098654473903375]],[-70886752.33557329,-70886751.0385716,[6.240343622583266,0.06490271110318113,0.0,-0.838536731790875,0.5327867806370393,0.196917072092067,0.657331500674999,0.17727321997821133,-0.20986576172949328,0.618213904365278,4.400245596215075,3.1058392276135205,0.5649447050144251,0.4698394394748408]],[-71021319.7071095,-71021318.50692904,[1.8195542076683386,1.0,2.756946141692672,-3.349083374988957,0.6619178602986577,0.3200298301523121,0.5384964822544229,0.5365180584013058,1.594854322499831,0.33223646953456115,3.1507362681151463,5.804391151608642,0.45413045700967064,0.3869541792559187]],[-71178691.62701638,-71178690.17282242,[7.1643984972902786,0.0,1.78089422133141,2.382034387421591,0.5123758052747538,0.2719942672925366,0.26774988759049484,0.4640839369459749,2.297538706326105,0.39504724697237203,1.1847870973344254,3.86955396328399,0.4487636806483024,0.4955270532446337]],[-72289505.48905724,-72289505.39989114,[1.5719711891933597,0.0,2.240530985427282,3.504918253834926,0.5686769202535499,0.11693810896052159,0.809634842377769,0.7259176948783472,-0.8261332362477846,0.14468268320223865,3.27439502735203,3.4276083130043467,0.45467312810722627,0.5225514494777131]],[-73269665.47084786,-73269665.46857226,[6.091264183534839,0.7067914391856177,1.682007005619657,1.8161741910804947,0.9121499511737712,0.411563394454247,0.3133420195704135,0.7327199383429048,0.19699677397882315,0.5492830893661578,1.8203890089269152,6.188811237823051,0.624954852586796,0.46852434662164505]],[-74854564.51411091,-74854563.72690105,[7.091999579405789,1.0,1.430128155466753,1.166991610893011,0.4648846805500639,0.7925021979403082,0.5468164924482329,0.5839991024834148,-0.9218491531899295,0.3340254794249363,2.8808466540422457,5.956173999361539,0.5349282416013668,0.42486409393527297]],[-75530415.62920555,-75530414.15489149,[6.344491008059555,0.0,3.141592653589793,-1.418653589127225,0.7163933828725777,0.4427231295268622,0.37170887479340814,0.6688353608331878,-2.5689411863808065,0.4409802113206941,1.7552815060937017,3.028303717725582,0.4083395242835389,0.4638275697941776]],[-76245632.2663007,-76245631.70633149,[5.4361899941128184,1.0,1.5631835263338514,-1.469192345262139,0.6405947507599662,0.4475802615164695,0.5015173805013198,0.5801005451357321,-0.1872879224356935,0.24158472468644004,2.699100505774941,4.028408761936436,0.31266608333461055,0.4611861452367303]],[-77423558.63002719,-77423545.60569811,[8.084584062241936,0.05916908517191388,0.16684974290098542,-0.6438283611876648,0.09918696774095576,0.19047801248122903,0.5947079232306602,0.41549545807297095,2.9527673280187017,0.32491994271996655,3.6071938900265974,4.843108930156766,0.5262865399599805,0.5338748015638142]],[-77853878.01360063,-77853876.42874974,[4.425762964258144,1.0,2.354258088938257,-0.5015923747463491,0.7692811496049927,0.13422179316917943,0.40852664660983756,0.10113139081877498,0.6806773980680645,0.8012047866882357,0.8067047203643556,5.758239503510881,0.5834857966118144,0.39556556043053737]],[-79039094.19717373,-79039091.4063667,[6.319859564247872,1.0,3.141592653589793,-0.6792577776546622,1.0,0.36687841331584026,0.42086065892714375,0.6974783297984493,1.7206198910888824,0.5606160325956122,4.0198951605904885,6.1005913447913525,0.5218825470158236,0.42422937842763975]],[-81432273.71413279,-81432273.66444772,[5.118629966940132,1.0,3.0964159746565185,1.9847324696792985,0.34792948022990916,0.36647849937507804,0.5237332686792489,0.5382141344600381,1.4291172623375308,0.7885271412766965,3.0783495134495715,2.254579132128744,0.5440983936009496,0.4436582323790144]],[-81885078.16248998,-81885075.46540117,[9.408063743251056,0.8000262026712324,0.0,-1.1607716087208744,0.42498900746954366,0.42144895286852696,1.0,0.3452006951137129,0.20880972520532176,0.457373928835982,3.633849939404744,6.052636527858315,0.5563019569340946,0.5104973894458763]],[-84170422.8253441,-84170411.53534007,[11.167565018922996,1.0,1.385970489520732,-1.3468160604584658,0.0,0.3002404561097005,0.5150020695736199,0.0,0.12281165398039268,0.427236269285587,2.89519385777586,1.6561411787074065,0.637974789766709,0.6001381227681892]],[-85211726.56762777,-85211726.21023184,[4.897977737315959,0.0,0.8370371316147575,-0.8986839434028517,0.35954208652594,0.3223521422124496,0.3560687843460155,0.5352501330792482,-1.2441973787722842,0.4385595338604008,5.298068659338321,5.425059809601747,0.42461550397565373,0.5442690613374083]],[-85650364.85821356,-85650364.11164308,[2.075289305337655,1.0,2.3356008077031385,-2.0225388326602625,0.25839138140868156,0.0,0.7229240741968472,0.7006336642088968,0.991197323535117,0.2145973383224119,7.381936754659915,6.583234416122707,0.463835778608088,0.56030070639319]],[-87496757.80678052,-87496757.80678052,[8.600949039131471,0.9567579025393211,1.318384981419264,1.6383268599164098,0.5058476194008078,0.8786923752882279,0.5498000705355676,0.44530749281395465,0.2394550069706139,0.6982919563678134,2.955138964851427,3.5443816993345254,0.4253574495982193,0.3971919228960548]],[-88049902.57698166,-88049885.9590894,[8.021380432060145,0.0,0.936424154275935,-0.6120472710360092,0.4442178734099422,0.3261013060584813,0.0,0.9567491482962519,-2.0628759435087245,0.829077664437343,3.1469227039581007,3.8208954840204745,0.4708449230028594,0.45610074102675763]],[-88561356.49914235,-88561356.44509614,[4.882959409258714,0.0,1.4740717709808666,1.3788952161986454,0.644689418074038,0.164028006266987,0.6492327847989158,0.5899373344557913,-1.9413135419543983,0.7146925518734939,2.9015004401299795,1.8579586922996305,0.45369733367447845,0.4928588669174876]],[-91111503.56791861,-91111503.2847315,[3.9833585732868784,0.0,0.8646846386493791,-0.48590617126725233,0.2884854738118985,0.38541203185887984,0.4212818459198307,0.48698377202611065,1.5226831849085154,0.5220433074533193,3.333911108030958,4.258942729382593,0.6376671522150891,0.5896021166730001]],[-91436686.43725543,-91436683.94889969,[6.5273019239231855,1.0,2.729143788453596,2.642403632686889,0.59918972121748,0.3736176017130616,0.7099974490653864,0.26347948131277016,-2.0518279850622547,0.46981720061039955,4.670475854040567,1.5091372739763327,0.29440076794751663,0.4975811932994416]],[-94511460.15084934,-94511459.73482877,[4.773202384285648,0.0,0.541693662543083,1.4214865646191313,0.14846142654264738,0.23619321999600212,0.679481129074345,0.4594566335433645,-1.0746313281741642,0.9,5.039058950629986,4.270904482813021,0.34192662257902684,0.4708541016762396]],[-95402233.26943803,-95402199.17684275,[2.2568993755836293,0.6921526368421212,1.4080628787718354,-0.6752523684298863,0.7631641163083286,0.02069967320411703,0.7062182793978127,0.13968378210405435,-1.6743779188932613,0.596876836500698,5.917777426897721,5.710996181780372,0.3153299969482706,0.49767337886219076]],[-95642913.54058693,-95642909.89804518,[2.2096055680176,0.0,3.141592653589793,-1.2699480764776163,0.5771490629823555,0.27729786767829684,0.3222290416008471,0.386158017515981,0.49887567121710663,0.11415942536975976,5.645362262339373,5.082837626571212,0.6279351487277293,0.5798108873878207]],[-95757028.5371512,-95757027.34243035,[4.9528228531037914,0.8732704033879056,3.141592653589793,-0.08028109457240665,0.31847140297245796,0.4082229333481886,0.5292817373845621,0.4952605788324505,-0.6206086291214794,0.8719254136187933,3.930173422320711,3.2337687651886813,0.6275859787032317,0.45749344708891704]],[-97730651.49819633,-97730649.68110693,[7.905210108777292,0.0,3.0596756116217003,-2.22822999108517,0.2872773811061644,0.6587097355095444,0.8810088062550548,0.3798837870591133,0.3567351047553086,0.5648136284572336,5.1492327085656395,1.6126622232613061,0.4318966879018386,0.31920992283497474]],[-97846980.67746079,-97846954.84190232,[4.771077039692442,0.4130073656391108,2.093895758787499,1.0795686737393573,0.3869359824841551,0.24413982277856316,0.12453429913554742,0.0,1.1934542620206692,0.9,4.980111638381579,4.204248877554821,0.614711083036767,0.49258618881257327]],[-99450285.11154884,-99450283.34705484,[3.6866287340278743,0.6356435496407028,0.0,2.400612903539176,0.3652245158719087,0.5717388807753342,0.0,0.7157973151778512,-1.8609623115069764,0.21416579873414338,6.4961278279546235,7.38661137894109,0.5712326260237018,0.6502657187639701]],[-99670803.89997694,-99670803.23382962,[7.903214221353392,0.9894087676786201,3.141592653589793,1.6019267518488172,0.6087041434437318,0.5314433575281023,0.5153104604030455,0.47435049037770294,1.323413126549326,0.6171429612753893,3.8445976531181674,5.364398535418776,0.5240561738061613,0.5409030138824461]],[-100124295.87787367,-100124294.13470823,[5.712038805092704,0.0,3.141592653589793,2.5199292510939704,0.23440042623434637,0.7433813158652575,0.5567259475657141,0.43849335061495087,-0.8678501824833507,0.7535737973960102,1.8560471582510907,7.566728859454942,0.5780856875428806,0.4760113851351573]],[-100237613.65959771,-100237612.215181,[1.9975788198668476,0.0,1.5889505267546271,1.1435811928157829,0.4733787870202318,0.8148797254306313,0.48181856774476095,0.4693435101113299,0.48389569881716343,0.49862012482759227,4.172838487569291,6.238549609324553,0.49129014262941534,0.3497028910385471]],[-102839653.28657441,-102839653.2865389,[6.962339517654632,0.0,1.260910675894845,2.9171729413950187,0.37338265158620854,0.6559957216546771,0.3365151376303491,0.37516876597071197,0.01702980203297772,0.8478482590332828,4.335359066473138,2.175977389791356,0.5217088251868834,0.45998179947520546]],[-103734489.98593415,-103734489.13993216,[5.688748896644698,0.0,1.672315654368254,-2.0753185839174213,0.5002243809029393,0.5154733499207945,0.7015117193090723,0.41620226098107904,-0.2985029982529728,0.4088684659761743,0.0,5.109761663239702,0.49292901408571005,0.5774809244647283]],[-103838664.56088506,-103838663.01277244,[3.679488097812897,1.0,1.489305783724414,-0.8947663514971842,0.64259729314955,0.5410213079053449,0.4861052394889369,0.743977066560988,1.9228821850182136,0.4910981940517637,3.0933019459747504,3.463948861127711,0.46475812851977705,0.5046150837044967]],[-104604576.9718349,-104604575.54440516,[6.943904028871812,0.0,0.0,4.0,0.40538598971906925,0.6264926319025901,0.16344441713866553,0.4626662594990586,-1.9846261297705299,0.5454272292471721,7.413860832281348,6.710361733961747,0.4037367716348222,0.5226335780518071]],[-105347444.62426615,-105347443.7465359,[3.479447843974513,1.0,2.2843110794943877,1.2846308276434528,0.45860056399446303,0.7712755122761445,0.874840273734407,0.6896943167193997,1.1184469940817319,0.44989302971236916,4.569563697692152,7.552597067129987,0.518547770644582,0.5881307580600306]],[-107209941.6217341,-107209941.46881312,[0.2858345813237424,0.17989112749369263,1.7408004199859854,1.0812731118820011,0.36341926673948594,0.13787290655616546,0.37053509513895405,0.9392820332785334,0.6678767881629912,0.826220367404953,4.1775284247808475,6.857627187058667,0.5192656611902932,0.3950267297297462]],[-107299510.59094946,-107299510.59084284,[5.087806379495968,0.8163317787826285,1.5298929380616686,-0.7772242299606196,0.44192436094766036,0.5443064150355473,0.4560266622575048,0.46606128352506837,-2.2043617214269444,0.53080357226749,4.7948134410073004,3.405631785707569,0.43812781162994174,0.5070426155250921]],[-108944273.4310931,-108944272.75115913,[0.36225100616880823,0.13688719474390199,2.3659895357798137,-0.9175909995936025,0.5556605533465813,0.3169358703074151,0.9079311292074954,0.37691552123569405,0.7399127074726544,0.4714409728658777,5.354064136903174,4.153111846878857,0.47615581143434443,0.3590022562515821]],[-110567212.99010246,-110567188.78044605,[7.798510937938325,0.0,3.141592653589793,1.240863888457035,0.12598866553209687,0.3598658822631452,0.34288784443040055,0.13307969873036296,1.2571700627616282,0.44069785224992397,4.661658893580983,7.888192232617719,0.6173098796519493,0.6978779091426657]],[-110598144.17426467,-110598142.65716672,[9.958123563614453,0.0,1.2220731593047154,-1.0750425957743261,0.5854893775890802,0.6612498933434924,0.5360878053460374,0.4378928122789958,0.004924632767139963,0.1,3.806402776698642,5.325131387095829,0.4889342539763543,0.4545923832606388]],[-112138858.9924123,-112138858.87926674,[6.403584258443638,0.684230948947866,0.0,-0.19862390825903753,0.13477414290457934,0.4145588189331141,0.7306191038539207,0.5727045858971997,-0.631557859015776,0.9,5.225788626178107,6.920212319128987,0.4881505813474324,0.529186913937708]],[-112902944.82519162,-112902944.1081503,[5.471982704916221,0.474746541446737,3.141592653589793,-0.4460947903468936,0.5094492325836154,0.0,0.7738364482866597,0.6615608037163729,-2.1057842099472257,0.4867450108879409,7.052578941421093,2.9402900267233907,0.5410578701616907,0.6594427916913701]],[-114612376.83407302,-114612369.46883959,[4.51584684983018,0.0,0.18731088278843888,2.514046943105866,0.23173937760359725,0.38171418950123426,0.23409745893099676,0.28868153465713126,-0.1432977425150719,0.4397294294500025,4.094694407767734,3.9448829487041106,0.4283517420150735,0.6410143965347107]],[-116137023.09515673,-116136999.83806932,[5.105793570580457,0.0,2.391479169364743,0.18581532520110144,0.5421037318865577,0.5081741263804007,0.44929579628753125,0.34659844026921427,-2.2624066308543513,0.1,5.88285969478183,4.784617346273543,0.2857414466457815,0.582644660847322]],[-116376733.41165373,-116376732.1842767,[6.106906525173708,1.0,0.18244666799116804,3.343879245565832,0.6040481142076497,0.4173587418784097,0.4612415550787719,0.8007383016528906,1.349395174483291,0.6085942169969589,0.5902455695802664,4.747929715805513,0.3192820848191329,0.5828251120758136]],[-122081225.15094265,-122081225.14917624,[2.922731867291877,0.2503383437653467,1.4763645418884526,-1.660503402797485,0.6232391305764362,0.5307930667634995,0.15376977692689603,0.5591257245700391,0.4394459517469581,0.6335169280502879,3.417166573622847,4.843392446592053,0.5174950211459838,0.5388339502802758]],[-122196894.07533528,-122196893.35155869,[3.673800177925874,0.1456320315558084,3.141592653589793,1.140981999935614,1.0,0.6401274553367353,0.38771340572754065,0.9943574154732902,-0.6929629814617536,0.8483812073896924,4.739673665535953,3.82299510532491,0.5795625872789025,0.5201642641055171]],[-122715269.82236204,-122715253.11432159,[4.083119360045339,0.0,3.141592653589793,-0.8238157716682876,0.6379124533123025,0.5252273211984299,0.531822192948294,0.09791957245037869,-1.0863572303387297,0.3729807792882336,3.501832727277782,1.2598362517161927,0.3705578780445702,0.6209539107290236]],[-123823993.3418877,-123823992.72132444,[0.735296986967958,0.0,2.9796115798654776,1.4762652760671777,0.6143060752270946,0.10460294348644783,0.6613931666285238,0.5352523800284896,1.7422451933226721,0.689606748882798,2.3810096279205517,7.097106653375837,0.5067167704897213,0.5988692097762065]],[-124799245.32831176,-124799243.65952599,[7.2874324209895756,0.4985519182563826,0.4170344020880872,-1.2637806253698798,0.6598016714383116,0.5781585055987274,1.0,0.42380345742854625,-0.039340173979460887,0.9,2.462582772309597,3.0745298316213314,0.6016018951492219,0.4428764491890522]],[-125654500.58290961,-125654500.55985391,[8.056183878164346,0.6677180561586403,0.9518994782524655,0.9956460806067242,0.7243901391843673,0.6695096324038607,0.6779881592608574,0.5216869509263069,-1.5491651676506142,0.8182628139446195,2.9577764072609734,1.9415084662269595,0.6299577727935531,0.549727239618148]],[-126282678.15961562,-126282677.75635886,[5.739410474479866,0.7878813640346568,0.9634959336201019,0.9823062971806837,0.43877668577576373,0.5421350619337729,0.7296615235970064,0.0906974395076065,2.6560956973676877,0.45483297209822776,0.4037898885265627,4.426277688645484,0.43762912590635006,0.6505672222600962]],[-128337765.89067991,-128337764.59669542,[7.600827550626983,0.0,2.6410644684480475,0.212166005179449,0.7003838701758567,0.4600762134604694,0.8756775644205026,0.657429686213451,2.6872530569353836,0.5861872273509043,2.7200901439209026,4.456104397021539,0.5717061732623874,0.6280774157870271]],[-129016207.26692143,-129016207.25714517,[3.4190031592005514,0.8508960234021532,0.8262601321861991,-1.5732609971240183,0.683196914853527,0.6627725565638707,0.8593317871733148,0.7548753603367304,-0.06762987881038368,0.5579484910318945,5.545710460253894,4.865309058999565,0.36994715541708767,0.44502470942311784]],[-130069687.68278168,-130069680.2135694,[7.278396181899801,1.0,1.1925421948920347,-0.647046839870439,0.0811329043320263,0.6506959833230737,0.36797593605243273,0.9916795433322793,-1.4130055785833053,0.4858693957106633,3.0017910979911884,2.676125379347323,0.5222128906296367,0.5512904454860124]],[-131327521.97177924,-131327508.81770253,[9.303929653306703,1.0,2.44794758686578,-1.433155998434258,0.6679775445293125,0.5623952879194899,0.0775338941043644,0.5940372888987945,2.6521165043442703,0.5791984064219265,3.083445380102601,5.9181926313655335,0.33726076663620314,0.5117189829548534]],[-137572869.93545634,-137572854.35587096,[10.5143927495278,0.0,3.141592653589793,-0.5542836409304587,0.20656296559209852,0.49201264115052945,0.0708259725131074,0.3267648671680334,0.07984452522698021,0.42094617136558377,3.1907837314356575,4.353045256473828,0.5724732051264586,0.6743278533010755]],[-138459304.78972185,-138459303.70280826,[9.067160222262517,1.0,1.6802773761171534,-0.3564927322597776,0.426649524744509,0.5979586984227476,0.40568160611319803,0.9327959677759674,-1.1990492274065971,0.5582675846956724,4.4168772735226245,5.568216141612001,0.5077352449110131,0.5516110061463513]],[-139779206.8020069,-139779206.49117696,[5.784785853605527,1.0,3.141592653589793,-1.103259533142162,0.6709201815427603,0.7011248710808964,0.6048952678740852,0.6678789528196345,0.24241246474833722,0.6567739977641485,4.68590810430472,3.675208908287759,0.41018969930529847,0.5070365823747379]],[-140102862.28246176,-140102860.9257568,[3.643854532845463,1.0,1.9848348705541026,0.44797597610450257,0.37589470868312774,0.47160322033994423,0.46381761419742945,0.4075754795370342,-0.7515756404586941,0.6462153486608408,1.4960286597634513,1.9801388358365015,0.5883087007798143,0.6805211881457687]],[-144096928.61417615,-144096928.61417615,[3.396782897175914,0.3181847215413458,0.9989611109659173,-1.0517863871874211,0.2024705321527196,0.7186445973580482,0.32120432092830054,0.4773619799358456,0.20457749276494408,0.5738303468756976,4.262995465773954,6.393620075688094,0.5105191643840659,0.5121986302658839]],[-146073977.6496529,-146073960.70738792,[3.181639027548428,1.0,0.0,-1.457928347778469,0.46649157722807527,0.778465918066308,0.44179544944999183,0.695586635989535,-2.116678777675147,0.1,2.458415211819861,3.3587533762853847,0.6522380359651996,0.49882980170901964]],[-147522989.0590702,-147522955.65411115,[8.236126795875247,0.6237741769430103,0.0,0.7726104384933641,0.22516622178403273,0.8489556673839678,0.004881982489170156,0.35736486083412905,1.4177548962409001,0.33581751919045655,5.723693900990726,3.5816621492296408,0.3732233689602023,0.5629617310653242]],[-148719816.4431763,-148719814.79800427,[0.0,0.0,0.0,-0.17767775778938988,0.9123851793902004,0.18054616482260866,0.5311627688372144,0.6066258826929798,-0.7606068975858165,0.5409429934380064,5.136676175283082,5.1155542636345555,0.6621671549489206,0.5694106192852625]],[-148993736.8862192,-148993736.88570535,[5.635562363837292,0.46195998146691114,1.962833271492595,-0.33528484082938037,0.3739275819720106,0.6120824038557566,0.6490615674348208,0.5659248357603741,-0.8915027804986354,0.9,5.190328675735935,3.8853138132600447,0.46400978486041067,0.5574646058297865]],[-150755990.81463385,-150755982.31386876,[0.47304549001805807,0.0,1.7406602460122886,2.4626180678566114,0.5270123696326121,0.4699800769761056,0.5859677772035559,0.49298203966870424,-3.29920153491883,0.5907871819349589,3.1156641139460177,2.8209200325302435,0.5593724306928871,0.549069539377325]],[-151807917.3383198,-151807895.60440624,[2.423417318231163,0.46006983096638143,3.141592653589793,-0.30197776430144035,0.22391604463564901,0.4319360721428793,0.40973245203981157,0.30093245520713674,2.2127934448415285,0.31967050347587334,4.634696705924857,6.186028948549798,0.4918227298317093,0.7707791758264839]],[-158913943.240088,-158913941.8362043,[6.149653354249901,0.0,0.33957593479632964,-0.054890762702241136,0.6006112410494188,0.6015586026225398,0.6685821170829632,0.16614859911228386,0.10911875491858586,0.7995108849777015,1.7561408995161791,6.718581728060377,0.46021261287466964,0.6000230915718466]],[-159814095.23081732,-159814095.23081732,[5.732485264730337,0.4387349915503317,1.6706869648698928,0.497403229298007,0.7287373001753803,0.7377830091232846,0.520326832700483,0.5629487966698778,-0.3876141268539691,0.6033926945181307,2.945844587412495,5.518030946284392,0.48069838688374944,0.39121426804815174]],[-161959965.83906627,-161959965.8363011,[3.9316866364841725,0.3483456768031348,1.8523337449962791,-0.04793319373839912,0.09107071847104631,0.8399191458127937,0.6867339827995719,0.2582299785146498,0.3596921345308047,0.6485568809588236,6.7155314660861665,5.4015668034855455,0.4484108963226021,0.32615923692825655]],[-162409113.03591996,-162409113.02942193,[5.553964561462522,1.0,0.26652912259475436,0.17445985439434944,0.2162714528829488,0.698071134158215,0.2351870524559056,0.5909964119393813,0.7871829292267241,0.1586196326155766,5.428206001938008,3.371767006105224,0.31687581102656304,0.5260748735726781]],[-163741565.42660788,-163741565.32519412,[7.746236042036756,1.0,1.6273105579212448,-0.11280338066284964,0.4655338121007787,0.6802292845661945,0.6343408563421831,0.632387589767219,-0.8606874437245178,0.49588020706283986,0.0,5.716847950424528,0.400264914300137,0.5945425139331458]],[-164300802.32378513,-164300801.9040228,[5.840051209341779,0.7186852310846573,1.1018894026102861,-1.339308803570501,0.49004496825279487,0.7101012513244737,0.45407634127337393,0.2869590772734206,1.1981927824212344,0.5065815860578103,1.1757715678473337,1.2655714505929119,0.40762820690583074,0.5251770118003631]],[-165127013.0300518,-165126967.1217202,[4.372051369129162,0.2304848689184062,0.01583803604132794,-1.396690992200025,0.3679875955288009,0.8333858230014507,0.1275117918380798,0.32945924589540554,-4.0,0.4176039637591537,5.2619024094705775,6.386359642250766,0.4663316425247923,0.5140537005232061]],[-165651226.9603284,-165651226.62780464,[0.8060452586918823,1.0,2.017538127436347,0.5775757748747755,0.7039708589183234,0.5536998717588504,0.7978490358620238,0.6005776008752023,1.6643449122979255,0.47908332090563804,0.14118821459069064,5.468903836287469,0.4566141170823782,0.520196104643047]],[-167282370.75186425,-167282369.40988326,[3.757313441458315,0.0,0.7275522569356409,-0.7404174474848281,0.17584887488366935,0.8527583850648239,0.4354304336441069,0.8740511774352038,1.581324780786025,0.7780716449818745,3.4087170335521435,0.44500013312168196,0.6061002334651664,0.3920160995301609]],[-172559287.44541582,-172559284.97142982,[4.164238424701879,0.031024485257795054,3.141592653589793,0.880128092803263,0.47189303475179806,1.0,0.4838033664834663,0.7837545286151415,1.457842267637766,0.7637975062884008,6.949092829560794,4.806159549828821,0.34252805103200923,0.6021056266733044]],[-184762190.0516458,-184762188.64298415,[7.341388377721799,0.10020265417710983,1.8569493137880575,0.3826270021063798,0.33367389914033185,0.7500093464146145,0.0,0.7277362282993574,-1.4029047227021458,0.8032174450767978,4.590031451894552,5.691227523199657,0.4195014016406696,0.42737932462912803]],[-186609589.86558223,-186609589.72794354,[2.7515150687185175,1.0,1.2540257847664094,0.4738318352688317,0.3350621859418629,0.8360232718604241,0.7167884787865125,0.5204809198155677,-0.8012908379245522,0.40017088721705957,1.6095303837395298,6.485796285954835,0.4898748392702791,0.5953864949281951]],[-208114489.81147313,-208114489.78380656,[1.899034273251241,0.5918756125326008,0.47108726451520666,-0.324501979353691,0.20493927261026101,0.8116971688799977,0.39604074218478896,0.6097463000233159,-1.1484864362296119,0.9,7.6207541464264335,2.2403035761293224,0.31184936838913413,0.560717762298603]],[-212313030.5544712,-212312997.04189217,[0.0,1.0,0.0,0.4847550119010897,0.3132491879180259,0.3650176164845659,0.721315236351231,0.18728062393482342,-1.676850105572305,0.11585806734948101,4.080159459924931,5.303277920924369,0.5605747504925516,0.4745753251527941]],[-257425787.6069601,-257425785.59549087,[0.0,0.0,1.8109361511826565,2.6893072687307598,0.4230491749127071,0.4357578698342512,0.4561563056611039,0.6304723884529952,0.6875674027401415,0.16177673982883362,6.151802131537611,4.557473299786897,0.4284287415163836,0.4270665714832852]],[-280759499.9809285,-280759497.6209445,[1.6913265379585973,1.0,2.788083463870282,-0.7589011694385204,0.16838945029613994,1.0,0.46572554265501126,0.3329408063410926,1.1224628490968107,0.1312548663123117,2.997492962273575,2.5565489951671583,0.5745258940944558,0.5733783712773874]],[-433053585.3327476,-433053572.7296791,[0.0,0.0,3.141592653589793,0.5956402920724952,0.7925478838676033,0.908300106089287,0.4684435960316866,0.8583069178392695,-0.9062743410269762,0.4381167885248373,5.42418129205964,0.0,0.6188649678498646,0.47112275045970076]],[-458957632.54063755,-458957631.6680001,[0.0,0.0,0.5134076636437941,-0.806470375686944,0.4922075353218844,0.8951160341796928,0.5947356203426757,0.16827341353989173,0.13828535228355987,0.6630779195146976,2.170296932329684,0.40904608518244867,0.39637387915356126,0.485503807387251]]],[4.942745224312515,0.4176587759098212,1.639179397742777,0.42228293781037873,0.532068720758369,0.32772447358671414,0.6131183349492193,0.48324567135275887,0.2331191768419708,0.3914333701183463,3.394115968696725,4.484011159203323,0.5320962120767028,0.3873788346239473],[23.397311516782185,3.6180930735966643,9.036681813294145,9.102854650657457,0.25209991543397675,0.24882546401060263,0.2575692878947196,0.24240807801408532,9.323490541009743,0.24103733705362618,17.21864806024607,15.866941374812091,0.04078345690975164,0.042983547219066116],[[23.397311516782185,-0.04058958276043701,0.01413373525568331,0.007824417656031035,-0.020522249838755332,0.05568666289031856,0.07329436176444651,-0.06368548074060372,0.44335875652620627,0.017317292960442255,0.30231385074324424,-0.6535869066990286,-0.001508849225350349,0.011267355709680715],[-0.04058958276043701,3.6180930735966643,-0.03281411211574355,0.03851546548465,0.02558948394021632,-0.006591346189891717,-0.017293752442377863,0.0028337923643452505,-0.011993850417993404,0.018223452699103405,-0.18084315274093485,-0.017482731526212276,-0.003332850324198329,0.005450969430142005],[0.01413373525568331,-0.03281411211574355,9.036681813294145,-0.039990794675722426,-0.031764438276493015,0.006658191455821603,0.040894689633843205,0.00840612812961318,-7.982132905973196e-05,-0.0035867483828987295,0.21729540383577578,0.0956806402991478,-0.023371265618410245,-0.007689156961615738],[0.007824417656031035,0.03851546548465,-0.039990794675722426,9.102854650657457,0.044239029216291394,-0.013058571256225693,0.05004493728508645,0.028948421238996422,0.4797522434132047,-0.05612438787015997,-0.5983780856076396,-0.15324868857715518,0.001576581101916712,-0.028863465772498223],[-0.020522249838755332,0.02558948394021632,-0.031764438276493015,0.044239029216291394,0.25209991543397675,-0.008683966543626465,0.002699602081736733,0.008330473357592454,0.06304476652694543,0.0034214090157930026,-0.18254421981539481,-0.07284119677269546,0.0003995786110718228,-0.002581596948528914],[0.05568666289031856,-0.006591346189891717,0.006658191455821603,-0.013058571256225693,-0.008683966543626465,0.24882546401060263,-0.003001907317289141,0.0026845932579554173,-0.02201151315297841,0.005144926080791274,0.08286945673535537,-0.07767197731627795,-0.00316741767410805,0.008352674510707231],[0.07329436176444651,-0.017293752442377863,0.040894689633843205,0.05004493728508645,0.002699602081736733,-0.003001907317289141,0.2575692878947196,-0.0023551783867882437,0.0933127750711466,-0.007554791789765646,-0.0013456883766598056,-0.04351899093524089,-0.00036039739352952,-0.008682613816855094],[-0.06368548074060372,0.0028337923643452505,0.00840612812961318,0.028948421238996422,0.008330473357592454,0.0026845932579554173,-0.0023551783867882437,0.24240807801408532,-0.022737551927669065,0.0037547313746544558,-0.10363935243327099,-0.015615908242426708,-0.0036919427677764576,-0.00014007423375543324],[0.44335875652620627,-0.011993850417993404,-7.982132905973196e-05,0.4797522434132047,0.06304476652694543,-0.02201151315297841,0.0933127750711466,-0.022737551927669065,9.323490541009743,-0.06349523837251704,-0.163776862606381,0.008648541694289373,0.012138359226690246,-0.027954718763513423],[0.017317292960442255,0.018223452699103405,-0.0035867483828987295,-0.05612438787015997,0.0034214090157930026,0.005144926080791274,-0.007554791789765646,0.0037547313746544558,-0.06349523837251704,0.24103733705362618,-0.06521046738177447,-0.06854792184681172,-0.0021570196459673465,0.006205783743743961],[0.30231385074324424,-0.18084315274093485,0.21729540383577578,-0.5983780856076396,-0.18254421981539481,0.08286945673535537,-0.0013456883766598056,-0.10363935243327099,-0.163776862606381,-0.06521046738177447,17.21864806024607,0.6297381444804384,0.01046946434154098,0.03511162674136619],[-0.6535869066990286,-0.017482731526212276,0.0956806402991478,-0.15324868857715518,-0.07284119677269546,-0.07767197731627795,-0.04351899093524089,-0.015615908242426708,0.008648541694289373,-0.06854792184681172,0.6297381444804384,15.866941374812091,0.03351653968442909,-0.028783068668602987],[-0.001508849225350349,-0.003332850324198329,-0.023371265618410245,0.001576581101916712,0.0003995786110718228,-0.00316741767410805,-0.00036039739352952,-0.0036919427677764576,0.012138359226690246,-0.0021570196459673465,0.01046946434154098,0.03351653968442909,0.04078345690975164,-0.001665883554586377],[0.011267355709680715,0.005450969430142005,-0.007689156961615738,-0.028863465772498223,-0.002581596948528914,0.008352674510707231,-0.008682613816855094,-0.00014007423375543324,-0.027954718763513423,0.006205783743743961,0.03511162674136619,-0.028783068668602987,-0.001665883554586377,0.042983547219066116]],0.6140585238669192,[[0.0],[0.0],[0.0],[0.0],[0.0],[0.0],[0.0],[0.0],[0.0],[0.0],[0.0],[0.0],[0.0],[0.0]],[[-0.0867353156552983],[-0.31184700215612116],[0.16487430492423427],[1.066194725448208],[0.48580936423906806],[-2.609803633621654],[1.7136307618731907],[-0.25381148844998835],[0.5885874481183659],[-1.6446769373118917],[-1.1473178890883646],[0.9165362227452488],[1.2155645762230887],[-4.265247837873687]],1,100,-34840438.57458338,-34840357.411498904,[6.039434059297381,0.0,2.2696009215740602,0.23407569764491631,0.30818071450265927,0.39535017762773483,0.8501248845940601,0.15596753298698413,1.8038326670037121,0.1,9.0,6.2343882522822485,0.5820373469908492,0.3470359861236674]]
