["generation","mean","variance","covariance","_sigma","_p_c","_p_sigma","iteration","num_evaluations","best_score","best_evaluation","best_solution"]
[[[-19540394.427375343,-19540381.475871563,[4.656408818436454,1.0,3.141592653589793,0.8121352887162236,0.6289397210966473,0.4412237781557184,0.46857345036371434,0.3111483291585665,-2.7411643449675442,0.21083873502347594,4.399012709799903,3.370887094226626,0.37942987444940185,0.34286614483673217]],[-19949169.442510314,-19949167.77804506,[8.061224194134443,1.0,2.9628292523699207,1.6952577274356595,0.3939068929203968,0.2794699308833099,0.5079930661772323,0.5634012155370378,1.7864608726708124,0.32260023483912265,0.6540466104281348,8.44304084249936,0.7436222003953014,0.504035861989313]],[-20533444.41036467,-20533438.547952533,[4.253196731819611,0.8500614011373184,3.141592653589793,-2.34293369870088,0.688947024722236,0.4484209365370672,0.5616204562131866,0.9563642909870356,0.6743022462474665,0.3602543563747423,2.193617727975522,5.20696552936999,0.6409531590786568,0.3304407922345907]],[-22948089.43267839,-22948077.612543106,[7.5686016025641685,0.0,2.6114733998973367,0.11521578065547056,0.8575197897752742,0.3282495078612858,0.011997458554625917,0.14883307320214823,0.8551099397229576,0.3646974344520175,3.2487344189529623,6.038269093914115,0.5688119411030488,0.4570335008141885]],[-24399211.57094808,-24399210.21393335,[5.577016190847864,0.0,1.0557794048733138,2.2680339593417798,0.439822908573255,0.45446936929696446,0.3304537469477188,0.04610270759914065,2.3643714057017937,0.1,0.0,2.074641184489435,0.45961224768580206,0.40820038915603246]],[-25726636.146623775,-25726631.287885487,[7.39049403486098,1.0,0.529355219131098,-0.5115054864706563,0.5967358741978995,0.31364953061738476,1.0,0.2671391665796392,0.6018949303750354,0.1,1.8250077221555947,6.48814190022726,0.3815929849741677,0.40691686126054194]],[-25837185.894583162,-25837184.292026103,[4.227562653349401,1.0,2.35307743137093,-0.0644531546890301,0.40897986792475705,0.15078794195508427,0.5627612738915497,1.0,2.14174472236118,0.25822514467509267,6.241619707824125,5.557109285246073,0.5748354457381994,0.5032445303658304]],[-26424198.55680879,-26424149.104361773,[3.534903267997368,1.0,3.141592653589793,1.5163030476297825,0.4127900435033138,0.3312812392214197,0.773767303294879,0.07825670155697395,-0.8088913077569518,0.5719038649425461,5.73686915168493,3.8238070220422817,0.5921365257554216,0.4050016718285256]],[-26899114.44532497,-26899098.05367607,[8.58371508434658,0.30217593288431693,0.7489380278342276,-0.2204127840121132,0.5009324215658477,0.3033355593784033,0.9989929266051957,0.06073814067550842,-0.6628656351267788,0.5439616449550116,3.899301257313132,3.0445735089096004,0.38084787420853045,0.3755343978065343]],[-27425781.19182047,-27425780.788367987,[4.345785151842558,1.0,3.141592653589793,0.31071873184421706,0.08118222945610093,0.29310268289524954,0.27368746966283186,0.6944541359493892,-0.7499609642020642,0.42147553587917985,2.2401442321448766,1.8582724284165595,0.5131050844583502,0.47760384358402075]],[-28937725.252597094,-28937725.252597094,[6.495054768458074,0.7181539106047208,2.270128809265932,-2.133032824537359,0.4002372491742527,0.0029047594819563427,0.5902135430771378,0.5239889201838297,1.8142312863008714,0.20478293324787117,4.077139177589004,4.112860188606152,0.5094311391901717,0.4630165232403989]],[-30985652.710797086,-30985649.968707323,[4.044506052477929,0.0,0.0,-0.7480225802663101,0.7601125353210261,0.43095070683159925,0.30765773689578546,0.2778909244439356,0.5875907128256435,0.533996401635467,1.544746140276064,6.270447319287421,0.6034528856168662,0.3747089639686325]],[-33990486.65557751,-33990454.12544882,[5.344294227763607,0.0,2.630251578994585,-0.16436597237692785,0.6050281357158712,0.463635099012512,0.5045799550863073,0.3260660868944105,2.9387195441503646,0.1,5.441444138118138,0.0,0.35520316129722607,0.43759950994632707]],[-36472446.87740478,-36472424.15307927,[5.642188166340271,0.0,3.141592653589793,-0.7706277153562241,0.0037549333618367986,0.3635839874927874,0.9222321035594443,0.44454928432489504,1.389935404149837,0.2383025727825674,6.25575762263787,4.241894741468672,0.6281370157991424,0.5257804273710632]],[-36791737.82790477,-36791737.57043934,[6.313163788824757,0.0517969910743995,0.18031533997710048,-1.8943197542685999,0.33261959763992943,0.241970227668526,0.8045625990766495,0.379372079868626,-0.4686170278746178,0.16786444527755584,3.735414834237965,6.9914444603721435,0.2982255118379372,0.49236722871477673]],[-37486370.975832164,-37486369.46979779,[5.997198690260507,1.0,1.407790386808788,-1.07639384564599,0.024409527015379462,0.19468300154041868,0.27137638548337717,0.4781209939818722,-0.29066539605447794,0.5061706037529533,4.656383444985578,6.006734661628101,0.508240002760969,0.5113297434222821]],[-37685910.47244561,-37685910.47244561,[4.86565094710217,0.9100200479595967,0.37038708725788294,2.1412483375701497,0.2898045514996386,0.24564149213744202,0.37028424545896776,0.4362839191541759,1.6657957195637256,0.6002711257637918,1.0033678324133066,6.169449653628618,0.6362815628731554,0.49779672996689756]],[-38285319.9009933,-38285319.54577392,[3.070073898479773,0.0,0.7699840245583002,1.9351039793390943,0.6687677375657426,0.8443418662666093,0.8173158892471527,0.5899313464200239,-0.6994622131541568,0.3478515743264382,6.6024008841482305,5.153215837499309,0.37086670463196714,0.3714316742392847]],[-39572676.86908996,-39572676.86908996,[6.265687865900499,0.4653968696142422,0.8933194783828758,1.234546710363375,0.8205308677109351,0.5321322085183029,0.3610639736721724,0.47067830901615126,-0.45522089504895474,0.3467084878085542,5.192815693037863,4.863276294802048,0.5291482875682257,0.5171898587303794]],[-40143284.30886375,-40143283.975801826,[8.7375326514929,0.8983994477889943,1.5359517713739663,1.120657252730668,0.3623173080562982,0.7273207820480989,0.8075720269815413,0.34893160513066684,-0.6232467863354909,0.48300625934014046,4.7086344136111595,6.12904440591452,0.538189460166647,0.38147118124125035]],[-41663135.15049783,-41663135.07701713,[4.752883147642368,0.6759112795368452,0.0,1.7110780691046341,0.22534758039189828,0.45537545460146917,0.4270277358246137,0.45498497302826246,1.7829943526639627,0.47113979385929927,1.5899115505096848,3.6087968332943254,0.44331998652327265,0.46754722241396857]],[-41687296.73347216,-41687296.27918935,[5.044848949973184,0.0,2.030527253426464,-1.5234199632362517,0.22917479524148054,0.34647129341824967,0.5340335903524511,0.7661603394391666,-1.3591052403865362,0.620552780043201,4.81502121034481,7.031387612541566,0.6003236077246217,0.49480445995195593]],[-43343618.36704477,-43343618.32019377,[3.385279618990935,0.0,1.6783003544678206,-0.18027903184820424,0.867173966446656,0.385287547943279,0.6578893133123449,0.45795477926468847,-0.47564105123248457,0.6538064829070271,3.876210458081949,0.5840943258102431,0.6167705164813491,0.4518045867921656]],[-43509865.09701832,-43509853.93866676,[3.8598731136718487,1.0,3.141592653589793,-0.12048610412480623,0.8760642889892967,0.28024454354498674,0.0,0.2141399226825162,0.5929158855262758,0.7920222057383091,2.388104591046628,6.785243180083651,0.45374631750862937,0.40454095902479237]],[-43793494.484540224,-43793494.484540224,[1.9565834678031258,0.6058820460322941,1.5301300540060123,-0.7518909490286751,0.5243754325222654,0.12137186524815419,0.6557549838384873,0.3326706085521125,0.17061144720561222,0.6437295366173155,1.1790081200206255,2.3336970288052443,0.47457254372441793,0.37821713484373737]],[-43923107.561253265,-43923086.84310502,[9.25221302913931,0.3496370886411162,0.40874264588446096,1.0649522759136334,0.6233878949769548,0.5998329944300105,0.0,0.8827515090081894,-1.6954627648364928,0.2801758254545169,3.827371165948697,7.878315376096721,0.433850209736814,0.48084170434404155]],[-45732033.34106938,-45732031.00077069,[7.673833073719916,1.0,1.7496890818958482,0.8310447438027171,0.7305115710711224,0.2990821055872076,0.33430116656029996,0.2495744161913377,-1.4518756676610856,0.5505051430586312,4.7387880855113345,4.8818987416446635,0.522261508910601,0.5237633384136067]],[-45927167.478316516,-45927167.367676616,[2.3812650716105432,1.0,1.9550454265391526,-0.1904193287103118,0.7759088345114167,0.26114624619775895,0.6171938862379689,0.5983621776050813,-1.0777707416284592,0.6542635203454159,5.489584316347745,5.486912928712704,0.49250107561792533,0.44419969730545017]],[-46327647.170778655,-46327618.35338044,[7.877589758671823,0.21636108947186178,2.818004800081367,0.2019564278889917,0.5471243914850992,0.351489157258084,1.0,0.3358843927387689,0.7510635989992664,0.579439998023173,5.257895363702099,1.335505641404195,0.5490818638092881,0.5294649345937743]],[-46781285.24681247,-46781268.04047489,[7.865166524897461,0.0,1.1014243990282855,-0.28637957376265205,0.4557896338379048,0.3336744468024536,0.7678791911264475,0.7452632350902225,-3.053159344689119,0.58028428841152,2.264769152992563,4.032955915792146,0.5340329101984783,0.5455373547006943]],[-46803257.17710106,-46803255.80281067,[4.914655563457672,0.0,0.0,-1.6953330657060985,0.35167451333600586,0.47691764278641063,0.5968562435983709,0.45363024080526115,0.016230795290681464,0.1,0.0,4.635257475466937,0.6603771528697765,0.6582209113484494]],[-48289025.06718451,-48289023.00025666,[4.599996677788855,0.3125388822213738,2.139536913086614,-1.5550412986298396,0.36982305279752725,0.46564610976329607,0.5252047241793163,0.12687298648559764,4.0,0.5313941338545267,0.7637860935805256,4.942120983240338,0.6113648005803712,0.45641936609150874]],[-49201774.83597814,-49201773.39549065,[5.781809521242525,1.0,0.0,-2.166459503706231,0.7613515458996813,0.5139439205938554,0.6790208424539619,0.33067930542560464,-0.0543444261005457,0.6952018205069552,2.792723387702374,5.1479864257231585,0.4350893492122675,0.3758912679304831]],[-50143320.46400944,-50143268.66929227,[5.235579651564861,1.0,1.5828301528370685,0.5256857106925272,0.3840407332149197,0.1024812475503023,0.10817480522930517,0.41286621657392797,0.67464993453267,0.7396404369204035,7.165788785666168,3.118727702924549,0.4896253039743676,0.45494730215493373]],[-50890691.92872716,-50890691.83793974,[6.670431443422086,0.0,1.8684241029139836,1.4387679192995435,0.26583151231273494,0.49352378586470835,0.06989253200468626,0.9105520324746101,0.23081335372152953,0.16723075418623473,2.4562756750127637,2.7445013295907343,0.38784499137199513,0.5562850570937389]],[-51692928.27719189,-51692927.29898709,[3.8228661236899195,1.0,0.8741516267065675,-0.9585952325119125,0.5067863221623582,0.1317539780072478,0.3434572264585475,0.3615218417873717,-1.3935137480126276,0.5759900919674797,6.0951773334623045,3.1951595722525954,0.4203011366769297,0.5036320659572227]],[-55193591.71155505,-55193588.98929644,[3.5597869355638614,1.0,2.491461044779928,-3.3157019667156273,0.20685586411061874,0.419268115943144,0.29879719455125564,0.06635700500144331,0.029293492132095252,0.18867048601537567,1.3026428686118754,4.4952526729092,0.4010968658119776,0.6098429326661287]],[-55484354.68290912,-55484342.698266625,[5.836209121837183,0.0,1.9328024708365659,1.8882671623124958,0.530470135536732,0.44135622228755117,0.5819941905938215,0.371158525024078,2.851574500499818,0.6214285707614112,3.397122462453846,1.2018102608081578,0.5669260750657195,0.5418980993854907]],[-56167462.34881079,-56167460.25667,[3.369368815210316,0.530180622299982,3.141592653589793,0.962706440809481,0.47398790525112233,0.4407926761312208,0.3657890821327888,0.4116829843521416,-1.0100267237595386,0.3023683517843423,9.0,6.272090185335141,0.453527610423008,0.576959266202794]],[-56466379.990074605,-56466354.74142164,[3.5210355312622195,0.9237375934067786,2.9083002365717454,-1.4025921581457907,0.4319877644205216,0.2275181075750733,0.4773750827305913,0.3542982088007237,2.770787120731812,0.45561977219542904,5.017319800226742,1.650061658270789,0.4569412197197574,0.595002558072795]],[-57471441.833019294,-57471435.43636119,[3.2636302413110414,1.0,3.141592653589793,0.1915451149761136,0.4350944413043054,0.44414278334503504,0.2596494289198885,0.41363559989039406,-0.020093271434812467,0.1,8.408025137344747,3.25252185560562,0.39442232016996714,0.5238311058783695]],[-57487701.59200234,-57487701.53441155,[5.298023704309682,0.15551738114999952,1.4652869644144886,0.34686528562294183,0.8081065044423836,0.34751149269398673,0.11593726261618492,0.4942857114534374,-0.847890944384857,0.6181375132147342,1.2943058514474317,5.444813790038119,0.4483284327612277,0.5696005979026457]],[-60202277.692220375,-60202277.688699365,[8.866337237007555,1.0,0.6157415557139483,0.7658877638679806,0.7018432588841824,0.44781386988048166,0.6654970231457,0.6314852270181426,-0.027467138424821423,0.3672650768861659,5.32343956682712,7.355195344330397,0.5970608154844939,0.656432026017933]],[-64539407.699255176,-64539407.55524254,[9.925911042003115,0.14814153118265028,3.141592653589793,-1.7647050958464305,0.6229937404024852,0.5003343601597174,0.3296282672155175,0.5361116123461551,1.2838345392430968,0.6956433733461064,5.971547918506558,8.119483586797813,0.5654866609859772,0.38667363023469165]],[-65821295.41237011,-65821293.675938964,[4.938433785384188,0.0,0.6534236283763911,2.2628598942122378,0.11043310278636514,0.5502266631516359,0.3055999772645614,0.28315544119599356,-1.1508643403371808,0.9,2.7689008634875383,4.350404389399793,0.49395311858723095,0.4425442885878914]],[-67497086.36952814,-67497084.32026684,[8.136529791748327,1.0,3.141592653589793,-1.097114667557388,0.7378243042822927,0.0,0.5806775139123003,0.8855580432372026,0.8110460231566723,0.5970126677642869,2.4248470183963735,4.966605134100133,0.44023003990861626,0.5887992045739043]],[-67901484.83828166,-67901484.83806789,[5.478039075130081,0.34783413807470587,2.553837517158434,0.29955543143860597,0.6758959623887917,0.7193718192373235,0.7553875420458558,0.5820073104599528,0.2805636608494089,0.1545980013549062,4.113968703270134,1.6072040527814697,0.4613924247932678,0.3340546824071454]],[-68599207.16911103,-68599207.02021992,[7.313464829322621,1.0,2.7656085143029,2.5309134807350078,0.22582267601768907,0.5661384850253474,0.554171375826069,0.36910986206795277,-1.57337991643204,0.4322458662532922,0.0,2.8438799459320663,0.40566654850566225,0.5906091149167227]],[-68781181.34459428,-68781173.24672073,[6.77188892408549,1.0,2.078325254532808,2.083500514460624,0.523724209191305,0.8803215158683866,0.20139890583953518,0.4511403282290377,0.30161879779910056,0.30123758981622617,6.36423298234056,0.0,0.4550985909393256,0.5967038287448796]],[-69165980.09880023,-69165975.4482255,[2.3088105819654126,1.0,1.1884697967248063,-2.27081413296185,0.28018041060623644,0.5552033223253068,1.0,0.7304999867982752,-0.05383262713814113,0.40660886916155037,5.885767543740709,3.938956345436734,0.587569356686074,0.5512603601556523]],[-69929021.44525288,-69929020.19150603,[7.555839418897836,0.0,0.0,-2.3194922017910824,0.09529882077395335,0.5902294655769482,1.0,0.417484710818859,0.2732194638413593,0.15507712966443626,4.123510445333274,2.54121769999743,0.4730220037205972,0.416166718431394]],[-70906691.64266369,-70906689.70095444,[1.4893342095599156,1.0,1.9409690552527263,-3.483032488514242,0.11186382728896421,0.41510184165383757,0.24523640677882158,0.7970835656553819,1.3670851909552841,0.4805038834199484,2.8129043588682845,5.123600235404182,0.405955617305911,0.41494313576797537]],[-70922106.74227244,-70922106.74227244,[2.021077632518091,0.6697594519502957,0.3558455594551495,0.4958266009903606,0.3921225311130515,0.23106513708007276,0.5765940399790899,0.21824501660356677,0.5857326240062043,0.3316968083008737,2.5970036792203515,1.3666641263648378,0.463556365173734,0.5624984991693549]],[-71728793.69476639,-71728791.25651228,[7.648374437848495,1.0,0.0,-0.2780613853523384,0.7601672678755051,0.6607153453670949,0.877493577047159,0.7907243359120176,-1.308799262175203,0.1,0.0,7.719941794840079,0.4513042296766016,0.4300245273506259]],[-73567347.19506668,-73567346.82334465,[3.3428450123760385,0.9980278564983291,1.9711254377616874,-1.4193644735899282,0.35132985741697176,0.1804672329213533,0.20568036903809495,0.3845143521723668,-2.800589892217709,0.7819836392763793,1.9922581322964712,2.959442471560696,0.3621460104060177,0.5530322086887045]],[-78058834.19136024,-78058833.45691502,[1.9496661962247464,0.0,3.141592653589793,-1.8480501907265892,0.4820853303749198,0.4327885649480351,0.5510872114314148,0.5402967791146953,-0.13486640254411528,0.8449759196986182,4.2093996444088955,2.948409463737476,0.46111639902544993,0.42608823854272737]],[-80462210.68058467,-80462210.68058467,[3.3052322036679755,0.8432783123210001,1.2643874218524656,-0.39729667239373956,0.9901081324252334,0.4417857820385528,0.4824492918671247,0.5514262073135725,-0.5576071921183511,0.49110799342435674,3.181496255528878,4.235978262172549,0.38651942004372164,0.6339071204108846]],[-80911406.70909515,-80911406.06366885,[9.53313893489296,0.23499309331942658,1.483777576133253,-0.7458753281401425,1.0,0.6547964034095568,0.45788728710060855,0.18262404662316034,-1.1376109770409861,0.6835568308817948,5.480166725685678,2.237646392840632,0.46546517294454914,0.42585892792010366]],[-82857890.88996537,-82857871.9217844,[8.58659616803066,1.0,2.3050440043206137,-1.1228688445147073,0.7236667711561413,0.6348869239872797,0.6481716881596977,0.058217316244686235,1.3373150822565059,0.1,4.303357638839032,3.6284991818890733,0.4737148305043213,0.5746972965165807]],[-82976605.44503498,-82976604.51966244,[1.7287342389012932,0.3441290101876688,2.3664062964985373,0.028171184731452435,0.8018086417646824,0.0,0.9466018627289239,0.41990917235150543,0.6542292107623267,0.6520445504221188,7.969216599405245,2.1198732658059978,0.6035925657942686,0.7188234010506165]],[-85426799.48496073,-85426797.22897625,[4.316228095690061,1.0,0.0,0.7136553395633137,0.8513008203451844,0.5965781584293258,0.22062669478123897,0.442076202511191,-0.5544257815983858,0.44216439329195006,6.555212759704643,5.7022043173479435,0.5515208942459702,0.5798309188919509]],[-85520028.83704655,-85520028.76263332,[1.4939538703587822,0.2622958516204622,3.141592653589793,-1.2942978236541047,0.18741728513868844,0.4222425372896431,0.49234801224491676,0.5476550283472174,-1.2853754240528343,0.6412495622172613,2.0957676823252913,2.398629938272736,0.6175273064547554,0.47487515818878623]],[-85984153.41016296,-85984147.52051818,[5.722047978480898,0.0,2.0540741979206234,-1.41450192230219,0.5956739779915776,0.5145293861321772,0.36591885783155936,0.20503287709090717,-2.3179199591596142,0.6016782221052989,2.8729592483404556,1.9592233553671146,0.5569719885716413,0.6723208555383617]],[-87654856.63657875,-87654856.49590254,[8.086697225820162,1.0,1.5089182573888693,-0.14533030254401666,0.6447644891628574,0.6348966234065134,0.6739326196281966,0.46514995348080646,-1.5371121374136338,0.21020847542076032,6.8193999307809845,2.347645412543776,0.5948597794415905,0.6254357046114939]],[-88673159.85857987,-88673159.74089658,[9.30343119201235,0.0,2.295849517824415,-0.6274065566187066,0.7760087963140072,0.7593118563511236,0.577834140016504,0.47162632260647286,0.93166113907585,0.26909665925667514,6.878737550652936,5.021373542585345,0.574939300350783,0.47004735764402755]],[-90938290.51063657,-90938290.4042151,[5.874936970100885,1.0,1.000860047572922,-0.9746664890965333,0.09010459122793885,0.5827213471071148,0.6961847568756699,0.5465274466326012,3.1467347870875884,0.669153995531893,1.7845232457436375,4.596421508172455,0.6353453842895207,0.5034641238370615]],[-91250880.04618691,-91250877.68935561,[5.955282002124821,0.0,3.141592653589793,0.025672245531914675,0.39528177170072576,0.5532532370022072,0.4000133337622694,0.44348447225539916,-0.9697042242019837,0.9,8.122097164272192,3.298364989489028,0.5215204621236639,0.4970917753457417]],[-93063275.45953904,-93063258.32149816,[4.41361753894101,0.0,0.0,-1.3358730568250339,0.5392883866234698,0.6397626876749222,0.3128676193624752,0.0,1.4039578580367968,0.3141263068412523,3.808003597272759,5.700368909351098,0.5104690148906389,0.5265320335082624]],[-93325914.99759185,-93325908.39439511,[5.175855174292397,0.3260765955473537,3.141592653589793,-0.0723708152666909,0.32725763648458767,0.6632556047731077,0.3124487714507339,0.28814684982246874,-1.6680070965388047,0.4143952233143937,6.944761012019443,5.200943330838671,0.5118157132152593,0.5307893951444151]],[-94068208.50484942,-94068175.47922873,[5.377076503048814,1.0,3.141592653589793,-1.0022003148179977,0.5236511594115996,0.7710050230824037,0.45718484376086693,0.19171099269712905,0.5947730401446438,0.27491878620953514,5.422133756844956,0.8587447583602783,0.5623566134729308,0.40618670180967026]],[-94268396.5792056,-94268396.5792042,[0.9874525938494436,0.5736460348484893,1.5922521377395762,-0.397958124688943,0.5879934908590572,0.6083420481351731,0.5436541057169232,0.22635459527723917,0.05978369012443482,0.6245163245035559,4.674433309306735,5.172771232368798,0.5101969324434918,0.3930331554961892]],[-94855564.4497035,-94855563.26450038,[7.032108130125787,1.0,1.000258151287403,3.1689915332838856,0.37441937920891044,0.9815969397223585,0.29707771246926323,0.38560184568763134,0.5117572825014766,0.7410741668282689,4.698075222362663,1.622822221673589,0.42022063760168327,0.5867791231414012]],[-95628989.44520995,-95628989.4118563,[4.812735274194874,0.05274614677556394,1.1130436706323876,-0.926940303723704,0.0,0.5856167904096601,0.68902083386164,0.3730319483809044,-1.374095028702615,0.8198419604337167,4.036887793335706,1.5418611836983658,0.46195183323377426,0.5850681626543375]],[-100637013.92996477,-100637012.65537655,[5.662173319050686,0.0,1.6788835357596237,-0.13549388806014312,0.343239701809104,0.7138082316523133,0.7856991750639347,0.8287884729023245,-0.5485747616870728,0.4031333450698622,3.6084145189128938,4.295765060675253,0.4921043386686599,0.4222029518637399]],[-101345474.13301446,-101345464.31859446,[1.5437105403010358,1.0,0.0,-0.7797171278353331,0.13085125554984572,0.6652128662848878,0.4817698810053887,0.41409613714127447,0.47363757311249266,0.5854889103788895,3.737236665156261,4.001576008177908,0.4467081546183204,0.3906112045663893]],[-102740393.52725239,-102740373.38117254,[9.522448696696838,1.0,0.08128821078677229,0.7916032946189007,0.6046365571405856,0.2749287389484718,0.7091055004506719,0.2756841768646521,-3.308966940074807,0.7496360001236997,3.0120748605106256,3.99812594283789,0.5761696152952623,0.8516371598755497]],[-102946726.90619014,-102946726.90605998,[5.423119755049374,1.0,1.356852297099436,-1.948398637496204,0.3844737843743128,0.6450957395245721,0.3553640943519299,0.7209407424179245,0.4353309187889343,0.6258883765363217,2.6699137945367593,6.644238658572351,0.594825135430781,0.6140925997543717]],[-110468168.5427094,-110468168.47510588,[9.099974465902148,1.0,1.851719192535512,0.9076529493395138,0.0,0.5527727637012461,0.5661415801481352,0.5772288699660725,1.6665937979389829,0.9,3.8675683387300164,5.398932323482029,0.6351301195800764,0.5368562502341072]],[-110976347.29847084,-110976347.19852084,[1.9454678058258033,1.0,2.5186417105582257,-0.32930091933339806,0.44788108243170727,0.3755766940601406,0.6424640787511295,0.5113802172834849,1.728304735991022,0.7111196892180933,2.1668632851450758,4.429285408853521,0.4173369277203669,0.5371057594068724]],[-117065531.3596725,-117065531.04395795,[3.102924327745273,1.0,3.1047836531236275,-0.36483539672247023,0.5828703446715296,0.66625434728812,0.18408211663279495,0.34934722140607927,-0.7741281191668546,0.4998254192944328,5.876683237712022,8.047696462797507,0.44238745892347553,0.5735390106879833]],[-126678726.68428776,-126678726.12251902,[2.292046966842529,0.0,0.9399219317070407,0.9440452659168177,0.18640229080868792,0.8111989300461215,0.4080674836762929,0.7448000057798293,0.9921469128814858,0.3635200251206925,3.6967055739178916,4.1156429507257295,0.5700213850505876,0.6292263725683147]],[-131833298.27837682,-131833278.73908794,[6.811718109867371,1.0,0.0,0.395405048271798,0.7283329250784786,0.9066986823105929,0.5917570457677421,0.3030571115533951,-1.234228021716427,0.1302721196754782,1.5055193006072427,3.938040322537125,0.6143671353133469,0.4654692908329767]],[-131930564.74182422,-131930564.63877738,[0.725568597683762,1.0,1.4998297293701142,-2.5789483966426747,0.6082170641672326,0.5780453199515391,0.8706350652293168,0.8744462962946923,1.0103429154224646,0.6063215132129618,3.2752603301496066,2.9080703918907767,0.41705371425169735,0.46848920333473454]],[-134178515.31001228,-134178503.12742853,[3.7869874999633244,1.0,1.3656009065710664,-1.6524389974835607,0.5600703911528319,0.8475630358174697,0.747378733533321,1.0,-1.7572027167598558,0.1551611264233152,3.651458693656794,3.349078642713271,0.541791842064242,0.3784114551061575]],[-140246948.6769709,-140246945.0475415,[7.095498884976326,0.0,1.743325265759969,-0.5890048718732117,0.5472376819949039,0.6682628253639247,0.7157259224331942,0.21215813150858426,1.4860020331286474,0.8723687581159754,4.283309047672005,1.1755562318651482,0.6007272941707791,0.6645197255877445]],[-142888900.4203534,-142888900.41037893,[5.49729586559558,0.10334658833362054,1.1997011130189044,0.5013360818466543,0.03082537520553763,0.7194254972637558,0.8124411082324702,0.4183553423706855,0.9295063927242398,0.6641616854551239,2.124812867329137,2.7297976757897997,0.43087511571876924,0.6102552005754158]],[-144128872.96804902,-144128860.84294164,[5.5413014962301,0.8372447997871332,1.8660198416619058,0.3931170858783063,0.31463285693655574,0.6994509520105301,0.0,0.22495089744477836,3.9126403751991052,0.34741965451369683,1.5903409278357983,3.6617166988428815,0.39774011090768935,0.46105256549013157]],[-149298022.3364951,-149298021.30696833,[6.0012395954593885,1.0,3.141592653589793,-0.289795491048074,0.5409227649294396,0.8284640487544516,0.5258652965868782,0.6003200593878468,2.7171024215648654,0.16227700367382936,1.94301275540731,6.087215694690178,0.37086111676259637,0.5344770112972146]],[-150543860.58706915,-150543859.6569364,[0.0,0.0,0.0,-1.5320395368605544,0.5496222359653085,0.27676305219729136,0.7056097231033645,0.31392146033733187,-1.139470302976268,0.4183184660969292,3.4373556725011447,7.266366659482045,0.5009696996696418,0.5081903747099675]],[-152030157.72709128,-152030157.16076285,[0.82415907175948,0.0,1.4668199324025397,-1.6658858685015716,0.4204363013367199,0.45259378975729386,0.3979346911607291,0.37178067950320176,-0.7084359463465114,0.5957053451349152,6.611891939361723,3.527834348134164,0.43564438715489345,0.5138786720382466]],[-155212958.26079994,-155212944.9415841,[4.849420058812252,1.0,1.2164581278333035,-0.5500410240364647,0.5917960538675086,0.8113537935870913,1.0,0.1299968978565466,-2.6458149371582733,0.8166273126898478,3.0846454628041475,1.7054765502542102,0.5300318216371896,0.5157558844598154]],[-158558443.66460633,-158558428.4022224,[2.9265228586277163,0.611898268264924,3.141592653589793,-1.292158532733107,0.21573935422591356,0.7850305669315343,0.12028782375620028,0.7216061962505739,2.1874737800573953,0.1,3.615816071159582,3.0691883812268395,0.29180868882314426,0.5984735134930106]],[-174242778.14486152,-174242760.64367604,[0.44604227382869777,0.0,1.8194507257032102,1.692035331176979,0.3155181516613541,0.7390524986257203,0.5587697625999763,0.3142972092101529,-1.5935755238526945,0.7354649559878931,1.7200261831181507,7.4129034702932035,0.500650564656344,0.46407493319281884]],[-182948129.02516964,-182948125.09109032,[8.34124319719431,0.5326371007398664,0.0,-1.8643398397330737,0.755748642891609,1.0,0.563314980932893,0.8534221488343198,-2.345849105002692,0.337988094609909,0.8663412939354971,2.5170502377862176,0.2807916373121103,0.4272368234249141]],[-185719943.4949736,-185719943.36872733,[6.9624213269396895,0.0,1.5805810673516065,-0.2246348736491155,0.5800847455944934,0.9757659573722988,0.6335516950163728,0.7371379834599932,-1.2430910681766303,0.11698546122944486,5.63521235963997,2.9698711806260576,0.5229086059043663,0.5516337433879235]],[-188723089.6542719,-188723068.09425056,[10.78766749716648,0.9511211133295663,0.0,-2.6005162080611317,0.2924489149270959,0.9077254612688803,0.16785141445681256,0.27996498619117316,1.6384411262138667,0.5998431549205653,4.490708950906512,5.328721053053988,0.3911128003314158,0.5009697903810605]],[-197325884.36062223,-197325877.96956998,[0.0,0.0,1.5123414897933953,1.2520890671808242,0.7199528883097358,0.5585558666020645,0.8134672328299635,0.5895650149385977,-0.2520196240697,0.2924265232920888,4.450786257803919,2.4951710806372827,0.3583105388294442,0.4215230803883021]],[-205705412.11990917,-205705380.28794765,[5.147603230466827,1.0,2.8194711666948034,-2.1870257284347288,0.6492853092060911,1.0,0.503588404195881,0.5052096111155783,4.0,0.6410462408713951,5.429948401804128,0.8661501459036942,0.59801569869884,0.5415951084834907]],[-275312733.55798984,-275312727.23921907,[2.9648793034253944,1.0,0.8982047826795536,-1.8804301860930948,0.7553451692824729,1.0,1.0,0.9896808466060066,0.3510506473284186,0.5058722702701833,5.120161543022069,7.011155921779216,0.45529908981136047,0.5558464609954978]],[-288044021.88907415,-288044021.8888389,[0.0,1.0,1.8426651455134417,1.5647155586565393,0.26351592460780604,0.690944996017802,0.6980140556577603,0.6098069717532076,-0.6841646294016961,0.8931642611778023,1.4973059758390423,1.8646536368607127,0.5348724678203024,0.5116291535222355]]],[5.69890050930036,0.6163656800400465,2.0698917271986783,0.17724242909451912,0.5066727801116963,0.35493216773351943,0.5280343252784993,0.4288074225436004,0.3339489137627805,0.33858331562904065,3.2831907858570935,4.7939778860231375,0.5198597365457216,0.4309335588101308],[23.533183756062193,3.607147594307581,9.358583499255378,8.781279623644684,0.2425956423802803,0.2390303437343256,0.2527220299413438,0.2589740044960633,9.139037667202894,0.2449880877286819,16.01822753389296,16.374905806239767,0.042176917871143894,0.03934187572723426],[[23.533183756062193,0.0016146345996321983,0.0031807422125685763,0.1726032740176829,-0.0018820976009804324,-0.06546792328691509,0.02305101738426425,-0.08005127110740555,0.35646091133430663,-0.07671769005372166,-0.6445841557684722,0.9492237822283127,0.013824826357158895,-0.005296773372588712],[0.0016146345996321983,3.607147594307581,0.11835504749634995,0.026307037886613906,-0.00857151547960175,-0.01608171255388195,0.009513511781194738,0.017085020163109147,-0.06509497828003294,-0.006871612850365297,-0.041104555598861885,0.14654168468111192,0.005166552946174599,-0.00515729226677383],[0.0031807422125685763,0.11835504749634995,9.358583499255378,0.016741937259539628,0.0014406669487723768,-0.0415754919800005,-0.020460756781192083,0.024402080321881844,-0.03718703172152187,-0.040318451142758865,0.05039146484348951,0.09275541585558528,0.027167318639853368,-0.01954955407650261],[0.1726032740176829,0.026307037886613906,0.016741937259539628,8.781279623644684,-0.011891364851729144,0.014977626814967029,-0.03035163012076373,-0.07987608809486457,0.02811783182491241,-0.016209435618616385,-0.27939051920845326,-0.01015258734698078,0.004173318351763909,-0.00016899513577230986],[-0.0018820976009804324,-0.00857151547960175,0.0014406669487723768,-0.011891364851729144,0.2425956423802803,0.0044459509105524335,-0.006673887767289682,-0.005186895509472839,-0.024522843907709146,-0.0006348877613092348,-0.006581057655789952,0.009003577788900971,-0.0015687513310307939,-0.0036032680533608966],[-0.06546792328691509,-0.01608171255388195,-0.0415754919800005,0.014977626814967029,0.0044459509105524335,0.2390303437343256,-0.0020749111688779342,0.0027041242386026242,-0.053895513597050436,0.010327173253935602,0.05535332572079397,-0.08038085216924726,-0.0030819092577884866,0.0026521493759478127],[0.02305101738426425,0.009513511781194738,-0.020460756781192083,-0.03035163012076373,-0.006673887767289682,-0.0020749111688779342,0.2527220299413438,-0.0008666480159600173,-0.01278832090461343,-0.0039005227810952905,0.051105050585490995,0.0001881962192917832,-0.002852689519614177,-0.0020196158058398274],[-0.08005127110740555,0.017085020163109147,0.024402080321881844,-0.07987608809486457,-0.005186895509472839,0.0027041242386026242,-0.0008666480159600173,0.2589740044960633,0.01791775371767597,0.0058014297385493895,0.04930588747849244,0.050199267349379836,0.005942565039465034,0.003759713397077883],[0.35646091133430663,-0.06509497828003294,-0.03718703172152187,0.02811783182491241,-0.024522843907709146,-0.053895513597050436,-0.01278832090461343,0.01791775371767597,9.139037667202894,-0.051142009502375074,-0.6279515273124868,0.3545815246901626,0.040999853951594646,0.010206106581642609],[-0.07671769005372166,-0.006871612850365297,-0.040318451142758865,-0.016209435618616385,-0.0006348877613092348,0.010327173253935602,-0.0039005227810952905,0.0058014297385493895,-0.051142009502375074,0.2449880877286819,0.067946390838779,-0.040986560575686865,0.001896827017525543,0.005553999865647974],[-0.6445841557684722,-0.041104555598861885,0.05039146484348951,-0.27939051920845326,-0.006581057655789952,0.05535332572079397,0.051105050585490995,0.04930588747849244,-0.6279515273124868,0.067946390838779,16.01822753389296,-0.7168591084248008,-0.03819701522640704,0.024848271917412543],[0.9492237822283127,0.14654168468111192,0.09275541585558528,-0.01015258734698078,0.009003577788900971,-0.08038085216924726,0.0001881962192917832,0.050199267349379836,0.3545815246901626,-0.040986560575686865,-0.7168591084248008,16.374905806239767,0.0665313339847576,-0.0057730987828188305],[0.013824826357158895,0.005166552946174599,0.027167318639853368,0.004173318351763909,-0.0015687513310307939,-0.0030819092577884866,-0.002852689519614177,0.005942565039465034,0.040999853951594646,0.001896827017525543,-0.03819701522640704,0.0665313339847576,0.042176917871143894,0.000752940010367907],[-0.005296773372588712,-0.00515729226677383,-0.01954955407650261,-0.00016899513577230986,-0.0036032680533608966,0.0026521493759478127,-0.0020196158058398274,0.003759713397077883,0.010206106581642609,0.005553999865647974,0.024848271917412543,-0.0057730987828188305,0.000752940010367907,0.03934187572723426]],0.5730793090129296,[[0.0],[0.0],[0.0],[0.0],[0.0],[0.0],[0.0],[0.0],[0.0],[0.0],[0.0],[0.0],[0.0],[0.0]],[[1.058765064711733],[0.4407062060992023],[1.2033388686970878],[0.44750788181515727],[0.10108601113826503],[-2.197634009037515],[0.42469226767846247],[-1.0784970517917631],[0.8431658931550714],[-2.445302929377678],[-1.3573687239792442],[1.5034973445585604],[0.7521383576482907],[-2.615720481767983]],1,100,-19540394.427375343,-19540381.475871563,[4.656408818436454,1.0,3.141592653589793,0.8121352887162236,0.6289397210966473,0.4412237781557184,0.46857345036371434,0.3111483291585665,-2.7411643449675442,0.21083873502347594,4.399012709799903,3.370887094226626,0.37942987444940185,0.34286614483673217]]
