["generation","mean","variance","covariance","_sigma","_p_c","_p_sigma","iteration","num_evaluations","best_score","best_evaluation","best_solution"]
[[[-15590711.207016526,-15590698.024673104,[7.91295728736003,0.5335203987979337,3.141592653589793,-0.46267278660048416,0.4594640629334714,0.40810555844693663,0.36219159550427904,0.5611773690461813,-2.0075631211189253,0.4242056790170067,4.269179720755473,6.394547766402271,0.6110500030171713,0.35997273026362286]],[-26166500.86151726,-26166491.065949917,[5.025046442171763,1.0,1.2623773555004079,-2.032913426168494,0.1708646009309822,0.40714805510134516,0.59095739232812,0.19153974547520758,-0.5070647650983254,0.5639270497748542,1.4482934949409891,5.025381824599931,0.45891102298461955,0.3368065379954433]],[-29524587.014812432,-29524586.738984585,[3.4111542159164623,1.0,0.5562975057203392,1.6982490375915194,0.8313081005431713,0.27087590398035244,0.34650445117182505,0.26622534164857914,-1.3003224043117867,0.5220641672514633,2.339046764412112,2.8823482803800173,0.6323436076225185,0.39366089438313834]],[-31641654.831491414,-31641654.16814649,[5.828027124062627,0.0,0.0,0.12666270834771756,0.6764731318471185,0.33772434596990736,0.11773359130616917,0.2462050534946058,0.372698237768179,0.1,0.5127937216476863,5.318416485014561,0.5487333684592385,0.4884392986750315]],[-33523754.320692897,-33523750.63057983,[5.031005098645314,0.0,3.141592653589793,-3.4847854052354816,0.4212060401113032,0.47742212297684533,0.4804616792642936,0.5324004883444026,-1.5909382666434668,0.26714516025351853,9.0,3.096653468294057,0.429679217472262,0.35802400063274475]],[-35695944.59165467,-35695943.874400735,[3.673739659122956,0.0,1.6155395315988257,0.29020197083572696,0.471685238263337,0.26190509014339447,0.926947686668891,0.5245314570592172,-0.6890958114403374,0.3007208607596682,4.9132234029234905,8.83619015608225,0.46803392150774015,0.45455816762770196]],[-40966594.87611132,-40966565.80867779,[4.6479486124977605,1.0,0.0,0.029214583949216253,0.6940806612387538,0.26777360559026897,0.3798058269128132,0.8428969835636623,-3.2938916843178117,0.5762074826292585,5.332947705201848,4.576091623396398,0.48094452889628425,0.4351550395158173]],[-41285420.192525215,-41285419.92056507,[2.7937427544685662,0.7824814149916717,1.757981525029531,0.8394552428460922,0.8848585717813601,0.033653768186815425,0.4726018783093916,1.0,0.08687616971267356,0.19090006059585357,5.777716524192258,4.805532840308175,0.47541581242962166,0.4214273014354212]],[-41290161.209038556,-41290161.209038556,[6.40472864886382,0.9538421527010348,2.594789298303037,-0.8805857048794672,0.5794864098641304,0.05469019811481052,0.43396437380270925,0.7317124182917164,-0.1831189182763978,0.17514125795662666,8.379725450621288,5.051610256979162,0.40941242092857744,0.40482496341584134]],[-44610595.95477385,-44610595.4744308,[5.131560556965456,0.0,0.0,0.37887611422468315,0.8515527391798843,0.4611247275092967,0.7038549592675776,0.44333514735371204,1.7389721864746424,0.1,1.2463482000679167,4.003231991405097,0.5830684172026924,0.5066988408159918]],[-46164208.96894288,-46164208.96894288,[4.443303560059251,0.42086191472243806,2.916241624011448,3.1489676261104877,0.6921900020843201,0.36097059807167486,0.5568216561482174,0.8103261064603933,0.8251274549853685,0.42272799388154253,5.248125693042407,5.910852016602569,0.48244939225083733,0.4712308724480555]],[-47263236.2786522,-47263235.690392256,[9.382819635368033,0.551880441186127,0.5480728389638381,1.3802718246701349,0.6747909598432381,0.30100318350451816,0.8386629340598419,0.2765517390238667,-0.02451087708889685,0.44963771082686943,4.257378603054368,3.8562410013870494,0.3455751131076036,0.40270081293511023]],[-49555679.58907284,-49555679.587616384,[2.214540746685592,0.5782086063026979,2.259320371414093,-0.5167713617055527,0.8669921665986955,0.4257477295805628,0.6190525411364144,0.3170306715449751,-0.9476287660412156,0.3623313792503635,7.706120955504099,4.040982301529877,0.3228472757646852,0.4214040068389563]],[-51085487.437526435,-51085485.13502127,[1.5957571817322078,0.6491208093147811,0.0,-0.8497127896748671,0.3905868904120478,0.39265843021156466,0.29298151868625355,1.0,-0.3597903013852369,0.1,6.275846585837613,5.805220824548427,0.39484602737914243,0.33232577722202505]],[-52271767.92653584,-52271767.922061324,[8.274888113964217,0.0,2.072300223627774,-0.4972909860030385,0.8499782292668646,0.3907654605311524,0.7274701796463047,0.45882667081926465,0.04636700344577771,0.4628809987096664,5.811662870844437,4.144553169590657,0.4621856124676184,0.5132807242567877]],[-52744749.45390027,-52744679.3259756,[3.4505862248198365,0.0,0.0,3.682556604424602,0.2498947560197538,0.02482012887411955,0.5885027062198896,0.2646591921134078,2.650705986470773,0.5454399344976761,8.363753583694887,2.7923489277783764,0.48248436986717075,0.40019483431401875]],[-52805043.01923595,-52805000.7928375,[4.333200346172498,0.0,3.141592653589793,2.1974015771225437,0.6569561426251377,0.2821460130687361,0.3554703524451829,0.8504230468036056,-2.8930762258951646,0.3761851549029464,4.796564938503608,6.365305695242008,0.4807521901860677,0.5456641100673507]],[-53639018.72536013,-53639012.84878433,[4.5718850204243155,0.6430588379060918,1.1278844377042756,-0.6609276918399783,0.4760006461252355,0.37071023935032704,0.5654283414013815,0.9622340609013826,-1.6457517104548365,0.9,4.89611742136857,2.385226497868959,0.4966658545019233,0.38370860407680957]],[-53692534.157482974,-53692532.274362564,[5.283417096412712,0.5637084263488477,0.0,-2.158429157739552,0.33824696464832416,0.3916828750073832,0.18512142851018598,0.5887516533135301,-1.1913824324525462,0.32803582917524554,3.0914989803542046,5.163597825575577,0.46770331305228124,0.5104299412180031]],[-54669246.5002361,-54669245.262643814,[4.3964216154759095,0.0,0.0,-0.17394887037735463,0.5167515132261193,0.4423855611579362,0.48924214411601413,0.827253369377608,-1.44581953916029,0.1871656631584131,4.302582876053486,2.2400940545161454,0.37110836698993516,0.5172065912572963]],[-54990758.60206881,-54990756.70565331,[10.63182766179369,0.20288790216063285,0.7868698840170245,1.140455849895319,0.6319146600949783,0.3546667848126097,0.6890718052292999,0.5104458949984615,-2.1362941313558474,0.10071885534155323,3.167792307210274,2.717258669751687,0.5031760785170647,0.5872794867447497]],[-55218186.07354809,-55218185.56427646,[7.169015703200769,0.545075677466489,2.172346974460522,-0.12161371875614427,0.021128224143207308,0.4747662467546125,0.8766356750211934,0.47667698415825627,-0.9942021328666507,0.38224006964473906,7.437885545777153,1.8513777923253465,0.5580301921131147,0.5514027010795917]],[-55713753.18946131,-55713753.18203503,[2.310054064044365,1.0,0.04516852824051343,1.7552286764765928,0.3165798883562385,0.25975456237294003,0.5525656044907241,0.6145684893255435,-0.06960462096330743,0.6085028923675513,1.3254881047823246,7.302697741224512,0.42912589108949756,0.3805186181279719]],[-55778300.58195095,-55778264.95126468,[10.442635591380837,1.0,0.5416403144794266,2.3032746041413703,0.0,0.31131652289880357,0.45475171919566215,0.0,0.26094658539230753,0.7049143027315714,5.834173260144153,2.2202373812900706,0.7063080863897273,0.4072438403052695]],[-56260733.31558172,-56260703.81468928,[5.0251584058222285,0.27694184426075186,1.8352532326492978,0.4253395526966312,0.31313142935346716,0.32218060659455827,0.2779309844259389,0.1210884739866468,-2.1667297285988583,0.5182244762383024,2.7550734365640976,4.547896296816173,0.4650950857653251,0.5116655890864124]],[-56338075.33086014,-56338074.97878212,[2.5239486043431536,0.46905214625516956,0.6224216611635038,0.03370222622179692,0.21512502693231605,0.24747463458560942,0.26749782541658307,0.30883372049434976,-1.7378477786631992,0.4002579455091604,3.321378172230112,1.171931167614852,0.478461921720499,0.43993997641560084]],[-56487488.52488925,-56487488.3195591,[5.646201053561464,0.0,3.141592653589793,1.0140087315611725,0.7762696794999504,0.16934878433256528,0.33590446763396986,0.5572486507315232,0.14230944032508436,0.407419131453638,3.858311789207135,4.039684034059818,0.5547438673919054,0.5410128390616055]],[-59218783.672527224,-59218718.814116895,[5.274253442828377,0.5009015340805523,0.0,1.8664670505141205,0.39181367438070797,0.09609832639955412,0.12807649559566353,0.36596712041146046,1.6419328687559012,0.5589526355309645,8.00829474910812,3.5820470188239812,0.4817004901957741,0.455753637432049]],[-60002187.59942078,-60002157.050058305,[4.909448128674765,0.0,1.9118777411735512,-2.8134883601605054,0.7074361183005474,0.01854941983192454,0.8969437068643822,0.2923131419314857,1.0046829228176584,0.1,5.224748479056741,0.0,0.4906363303221263,0.5209482317247307]],[-60808539.84868063,-60808539.12761128,[6.836620741115787,0.0,1.0820941905031045,-1.5208333283302813,0.18498401148560417,0.09726876029511033,0.6866356808943502,0.5049608544684878,1.3240988632403057,0.5321462222991679,6.386053924945733,2.873407750253077,0.5019293964000603,0.4881541097395672]],[-62053458.71528457,-62053449.83614051,[2.9469698496189554,0.0,2.7444553102611944,1.0506253401806218,0.3731773921020506,0.9682255776427675,0.6248970463851847,0.0921546556252108,0.8580076993751498,0.3953081278807235,2.874569944736513,1.143585598040917,0.4987767510425709,0.4566230718365927]],[-62979869.30821465,-62979869.1498214,[9.29051815141733,0.13395735242102386,3.141592653589793,0.775219582438319,0.7618005524343936,0.5650207895523848,0.6638219353849226,0.32500331423026046,1.2510672577236668,0.47891755480297254,1.6722710996667192,4.632351950597926,0.6103380290894053,0.519549211713031]],[-63213576.549533166,-63213573.47848368,[3.9702178553743037,0.0,1.786936680604037,-0.5804536919372094,0.16740909104167806,0.3479748218078496,0.6424392563724581,0.9724626668073062,2.5856529437233067,0.9,7.16264476403388,3.5340710840133513,0.528893034159168,0.4290401920121236]],[-64581397.76519037,-64581397.74923211,[3.922052163765965,0.6508943841117795,1.7397040152659162,-1.263753195172086,0.8099625723400181,0.5151409324161951,0.318343527089882,0.49861510594317054,-1.38232847640874,0.9,3.1579393161425413,4.387747812164464,0.310274894053323,0.37101785283626054]],[-65312660.44703521,-65312628.626981676,[7.6103075547206585,0.0,0.0,1.7748189221816415,0.08287613988722647,0.11889294977288678,0.43230722139850364,0.6920827726390328,-3.051849720595106,0.6044446985346431,6.002288596755459,5.562632633172649,0.3711532130278722,0.46320342212845533]],[-65358122.482382536,-65358073.09602535,[7.455510640197465,0.0,0.0,1.0250063615845186,0.9076074466417323,0.1709574676151035,0.17867117836300445,0.47577289446939913,2.2468632818103753,0.599812509205906,6.895792842073634,4.385580841207156,0.5395227078306334,0.5219340328588589]],[-65498437.9886288,-65498437.67488462,[3.382201413922986,1.0,2.5375595737583194,0.4945288317934111,0.4231218532155687,0.19630899454220324,0.8869955071186109,0.7060954143107343,-0.6442606703265732,0.6532498744251222,4.53159701408613,0.9722494383380558,0.5058262439484397,0.4877097387381457]],[-65795937.92189479,-65795936.88943404,[5.804013898287312,0.0,1.328430918780673,0.6445897296123084,0.305191701628365,0.03915828067265803,0.357274291474895,1.0,1.3006936368489723,0.5744372139065816,3.7245925448978072,5.110376647809889,0.4908364083325456,0.46914585392799923]],[-67800342.71980028,-67800328.3673439,[3.7894330388432165,0.0,0.9755221875664314,-2.3940293038996843,0.4673494499118267,0.6176895657486772,0.19090806706324492,0.0,0.5991276408704027,0.3517099407433242,3.6918750233419755,3.011914334131114,0.41449893585324105,0.40015271930591584]],[-68531834.70111576,-68531831.89995265,[7.724425210377943,1.0,0.9204867659535271,0.3826549117163588,0.7842708046940463,0.3628194236543685,0.8753316122081746,0.322086331011581,-0.015955181481050018,0.38025612062793723,3.555049071126245,0.0,0.6596095231542473,0.6282675805432004]],[-68916376.42668937,-68916375.9178493,[8.707228068701713,0.569505093811941,1.1637532959917332,0.29171718131088836,0.4701368828756293,0.619793969062483,0.12444267969703482,0.6902226613059448,-1.1016945245069927,0.135656510619872,3.894491354532517,4.707205917562694,0.5467846192427984,0.4954112773458653]],[-69679561.52526134,-69679561.47115678,[7.020966131542604,1.0,1.945526532153928,3.7263309262660655,0.39831572826044764,0.14009653294404484,0.5857847006663599,0.485060299649339,0.5031791187658848,0.4071318621116768,3.0478338427262917,3.1859885802438486,0.4097775681110835,0.5499768863623216]],[-70179959.40087909,-70179930.21404183,[4.994108658081415,0.0,0.3286678552988671,0.5899997552886493,0.4917181666876005,0.02426811537147594,0.7608536496009517,0.11873625771936713,2.3862816136477534,0.1,5.349271101888772,1.4228858505508581,0.49694981365675495,0.5733565923635314]],[-70714359.77532412,-70714356.40199816,[3.192697150505243,0.0,2.980083379125611,0.2552866729294624,0.8053503011034228,0.42768862554841774,0.3544005250381784,0.5275143231427885,-0.7534158945473286,0.624288668910095,4.667003478825395,5.130606793597291,0.5270055721750833,0.5461146424608785]],[-71089379.64270812,-71089379.64270812,[7.448123605614489,0.24964105292257688,0.7430043045858413,2.619283325185753,0.41668731761425437,0.19743063658225046,0.5718698142042378,0.3715408373213711,-0.5335658210015921,0.5616921227118398,5.558143630334061,3.610288099929917,0.4300105477453665,0.5454193747025967]],[-72407915.54402393,-72407909.84786779,[7.12648938581451,0.0,3.141592653589793,0.4636032211756629,0.6918785362600347,0.21965293923037527,0.5487511416883717,0.17688533389268063,0.07829479317590594,0.6578058648042291,4.440208199235343,1.0422404024356977,0.5261012448504261,0.5547828067542755]],[-72842385.6247615,-72842384.89350194,[2.1706865387288525,0.0,3.141592653589793,0.23676238576531927,0.5351186923969823,0.2744334317391375,0.6297524197962556,0.5854212944947388,-0.7774712800704444,0.6286376808510021,0.0,0.0,0.5087223426844394,0.4589607923123917]],[-74444147.55961491,-74444147.21195078,[6.200319727377261,0.2921351502737535,0.2972279469469996,-2.0163417689478917,0.29073986968319837,0.4751679088239556,0.8089288145504656,0.4732756030081624,-1.8318359228628098,0.8597260128224198,8.579571648732632,3.0785676781556828,0.636656472668193,0.437149095650765]],[-74584956.04638273,-74584953.48621035,[6.333296041018012,0.0,1.70114570211017,-1.6309313282247013,0.5925530492966317,0.5808583590355485,0.6616004814324327,0.42324483903598503,-0.7498605350310191,0.57034833267523,2.2339784692155984,7.575785225677411,0.6152342255145761,0.5073575425328353]],[-75308659.70701295,-75308659.1176759,[6.234388907316241,1.0,0.0,-3.0559386460674034,0.3892675818612259,0.5847093791180794,0.32489342016242584,0.334013801957992,-0.7578271683700506,0.39222845980577914,3.9715924878656144,0.5817311917380592,0.5958914975948788,0.54704406714191]],[-77684679.58063221,-77684678.85830605,[1.0790593101197166,1.0,3.083731683076768,-1.1703493718224536,0.6536078249634468,0.4428665003803738,0.7629227949638206,0.6810341288451333,1.8145720402381298,0.32706181864554396,4.078091581736715,3.884784036317938,0.631565071384637,0.46056715306221674]],[-77848753.42240341,-77848752.37525904,[3.3817756585673253,0.3488396329507004,1.1554214581091873,1.6536474449563898,0.5624600806170532,0.6963617491609837,0.0,0.3493895322275846,-1.5132544031507908,0.47857078683525855,2.779430232954177,3.369711102342497,0.38461393241368824,0.5200290253485452]],[-78353221.51733409,-78353187.07678294,[4.889569824624802,0.2268606989557706,0.0,0.1789025851062222,0.42450880494936183,0.3660474752063447,0.9020014340711223,0.12858229993602516,1.5194800832232567,0.43364099262840683,4.689401803435849,5.164387698928479,0.45255077142803557,0.6255590762059449]],[-80320566.3780627,-80320560.1891644,[3.591327878097969,1.0,2.3374671289544935,-1.2801898741028652,0.6896188466444229,0.5336533045649337,0.7137965277947567,0.5718639585595221,1.3887128913192843,0.7458823661005618,3.3443142737826985,0.0,0.5026396789940335,0.5025396964508733]],[-80899703.1474879,-80899680.7804017,[9.382734258597957,0.6646487912750221,0.9172828930838847,-0.9718963278477448,0.3441099836705096,0.4430233679667383,0.833363601854477,0.0,-0.16860126580349694,0.4949780045245504,3.2315835978372474,3.438817634222986,0.5188881746839941,0.628560885578371]],[-81104284.7155353,-81104284.65705216,[3.199995850649886,0.925312520863165,1.9088370185230277,0.6115397815555308,0.7759291693434409,0.4794720180822614,0.0,0.6008070624579207,0.5139749617350868,0.8305175693892854,4.875938851121161,4.036409532188971,0.356515536984811,0.38368962023200814]],[-81144229.89937711,-81144228.49751484,[2.141256835032305,0.046042552699211925,0.0,1.4731708147734517,0.9333886870005368,0.5207047173209814,0.2569171609705143,0.9472330069299301,1.259496687215082,0.5490841467015773,3.5620601264905773,4.96298373329041,0.5961692554551339,0.5277490142054353]],[-81395662.286477,-81395645.94005698,[9.047466680021213,0.23620951112121652,1.584085017479687,-1.2164196833139065,0.5784019795088499,0.0,0.32312718339072355,0.23418104085849906,-0.41805065525514923,0.510410933039366,6.777912506090507,3.1171808984396203,0.40063488176207485,0.5143378076867697]],[-81397474.41806117,-81397452.39571714,[6.693782705511901,0.20636689681681847,3.141592653589793,-2.6315759569618677,0.629688434399418,0.3749850113942161,0.47917698057849534,0.0,2.406406180118937,0.9,4.559132630327555,2.4902734026326394,0.46458170016624206,0.5157491432209629]],[-87550762.30605887,-87550729.59463781,[7.389519821649607,1.0,1.6794964858941381,0.9606003185138896,0.5965510068370609,0.5962030039794323,0.45854838226943107,0.7966676212925952,4.0,0.7744351201396601,5.645239269509297,6.5614870449971985,0.5779421069289157,0.49602856642607346]],[-87862827.95711127,-87862826.58370477,[7.44045820768895,1.0,1.9587114945626887,1.6250276770198657,0.4547712975933137,0.23850828139438762,0.7253856399412232,0.45971044859797516,3.504125287992196,0.7155962219344805,1.975526999667081,7.5289249221407495,0.44745525063514285,0.570050446403231]],[-89278195.95172796,-89278194.35043359,[4.374181021234952,0.3535819612733044,3.141592653589793,-1.1705490162226346,0.36014108812868695,0.7571845091680782,0.6850779228021444,0.5422751656716033,-2.7154120129536343,0.32716961077008033,1.5565181689134788,0.0,0.5818547979377573,0.47826495300711114]],[-89320299.24765147,-89320299.13968587,[1.985002615290277,0.0,0.13158556764012164,0.2298745922175416,0.0,0.38485866427458965,0.8196458625523819,0.5572478432913341,0.24185487704973,0.6753456654531628,3.4115577125375625,5.920913280952904,0.5838236693913949,0.574998218948376]],[-91371072.37709564,-91371072.15349782,[5.342048108105464,0.0,0.7202828986045426,-0.23336744391326414,0.6503517625494478,0.22105135991302022,0.33546465806715164,0.685909683172834,-1.660382469913065,0.45955743990439063,3.55162156997102,6.434468765205139,0.34356470379528065,0.6223729258004509]],[-91385177.045219,-91385176.2782017,[6.267554481919848,0.0,3.141592653589793,0.020138404461227118,0.6493954285753761,0.611812439898914,0.7383200064537547,0.5744186381586924,0.9881436461042942,0.47602214855730657,8.354532907324984,3.9468207117484955,0.4075312394666184,0.5186455662851025]],[-92804626.90938029,-92804625.65557277,[2.1176487433945326,1.0,3.141592653589793,-1.6845790944943018,0.271802274387403,0.4602934375735176,0.9530876412199663,0.8106549828372935,-0.9637693252643739,0.7630700215220376,3.798646695479305,5.42085448568262,0.4406047400007157,0.5406480140274545]],[-93203316.49520889,-93203307.74018604,[2.320743387265232,1.0,2.2303696011937757,-0.8799805121446647,1.0,0.2188153333387558,0.23418287393501103,0.35408558185382244,0.8891603350165147,0.8779837901176719,2.8705854140602987,2.416933910398509,0.5316291084512433,0.47652719876932526]],[-93697361.21291013,-93697357.66449034,[9.734140269101129,1.0,0.0,-3.648798786836856,0.17176470462870774,0.5602759102245092,0.8559619990619162,0.667520497008169,0.25279730067231476,0.7871990041149424,6.131268497560454,3.6298328719581896,0.4506853021265371,0.454463010857738]],[-97471859.81086305,-97471858.82206905,[1.3729597280196826,1.0,0.0,-1.1664952981239802,0.25894193909050783,0.44620809987151344,0.2158164301701218,0.7905991329930724,1.596497501312904,0.7484318040825189,1.644324608473846,2.6374138968102105,0.5165173587459257,0.4051028599070016]],[-101268514.46789625,-101268512.82235742,[4.367923865757955,0.0,1.926788858374263,-0.06954312502859712,0.33413663186348413,0.8238734723247143,0.9099276524011062,0.6753598298627352,-2.328196179191988,0.343041487047281,7.245570652125906,2.0148264088360177,0.47205721113668403,0.38478711076675143]],[-106809327.80376008,-106809327.03748381,[5.757992131198189,0.0,0.0,-1.507866046094557,0.27293946415859605,0.4035248368247815,1.0,0.49926848247565786,0.9881671545735249,0.34699539937169327,1.2374392505108562,4.285508780063277,0.5159504099279965,0.7352316895281265]],[-107030563.73596738,-107030514.18086636,[7.552809111401057,0.9881146823164446,0.0,-0.27461290027773133,0.8777628286803185,0.6704835104355015,0.6757842918803545,0.5115246658838709,-2.7186627535822256,0.14950093916444102,3.316039399834043,6.820797322379185,0.4625243327784825,0.5586783619762228]],[-110059789.76016724,-110059785.89390898,[4.833132259083324,0.0,0.0,0.3804543581211459,0.29194185715733767,0.7166308329406504,0.2490389848760574,0.5159470052476663,-1.2712897696233223,0.3553322067815836,7.774549469815877,0.4050037416136485,0.4779529732675386,0.4943479260141189]],[-110428908.42307425,-110428908.42307425,[4.818608154046367,0.6140181710918925,1.2992185597807897,-0.2239421474402018,0.4067204918009493,0.7468702311959843,0.6756382530852645,0.8455002360767039,-0.004633659436184582,0.8004876265652339,3.1524059307429004,4.103894329941518,0.46066194182537035,0.3280242089598031]],[-113949904.8755844,-113949872.65762031,[6.27120845659075,1.0,1.5460941701136235,0.4575937431360412,0.9296584261867993,0.6459960678231527,0.47175164567649625,0.16505810715970365,1.1401742802470887,0.7976862406436955,5.416941917176006,4.129987731446516,0.35454895834718547,0.3595069576767581]],[-126634394.36167546,-126634363.576967,[7.0463960913487,0.34630026064486896,1.975907737591863,0.6639039127563664,0.6600764960241304,0.622779848010741,0.27599471551431287,0.1634934023430653,1.7044362908755661,0.22876258070063987,5.471959439515074,3.2868983492369557,0.5681154911533735,0.6343602571726448]],[-127199164.9211839,-127199162.27174741,[0.9264850346681328,1.0,0.0,1.2317399683790957,0.646862178759877,0.29025078554731154,0.5078721867078098,0.41676473324353236,1.0631657842219293,0.32268850136404104,4.749036335145787,3.03701307249562,0.34241682011108554,0.45938802278255625]],[-130119982.2850011,-130119972.58737123,[5.527957638405453,1.0,0.0,-2.119893462352311,0.3880074704441179,0.6286881073674998,0.3842166169070635,0.32557517014039106,0.8917403117103633,0.5270460485816338,3.1066066526616316,0.7047199589848554,0.6598700208274788,0.7314315029796177]],[-132866634.21987215,-132866622.70985246,[5.439932943496729,1.0,3.0604588061246822,0.4173254343420913,0.49680691563998625,0.6564524177955815,1.0,0.45478634433682574,1.3988883024373244,0.9,3.811573964007016,7.178452930009337,0.6130855105610504,0.5067386102953382]],[-134096267.59956804,-134096253.24357784,[2.3118295330575966,0.0,0.0,-1.426871397818056,0.5075558448085568,0.8078032748941675,0.6673796195452932,0.9597759102461306,-1.3172021285524218,0.4049593168065382,2.6661267873317502,3.6796211574316,0.6317592433302606,0.4689203106450244]],[-136208205.98380455,-136208204.47115368,[0.0,1.0,0.0,-0.07344024981245022,0.5601625217315248,0.32711511806435567,0.8434758263741549,0.7467586991954522,-0.25415941104349576,0.5933089088239296,5.633411233678015,5.112504164455903,0.47237157028877597,0.5161247007552076]],[-136377893.22301042,-136377884.12439382,[2.381265428227376,0.4230534265763619,3.141592653589793,-0.8690389503868234,0.43168119542898997,0.736403121814747,0.7140764816381455,0.2652898149164566,-3.6453329731077284,0.7351289599032509,1.7540712923352881,2.371372123243522,0.4108961373475475,0.5605244433258562]],[-136463565.72651273,-136463560.01425636,[3.7144067145345914,0.5610840920453993,1.7992869372213405,-0.6623122702117449,0.7271201251001549,0.7686742835617411,0.31727564725799373,0.9963515624828513,-1.061136818496605,0.7519704327662692,3.260677294965494,6.596071139387585,0.41144003759366066,0.4884999826231855]],[-136939781.8713675,-136939780.7823888,[6.036479060450002,0.0,1.25636263137139,-1.30837132820241,0.6363095611209058,0.6563249644918507,0.5672357837983322,0.35655013851496103,-0.5669179650273248,0.9,3.2085821023302925,2.8806177678105387,0.40989106376902956,0.5187968834778456]],[-141879231.64351767,-141879221.2927339,[2.0750853661409296,1.0,0.0,-2.052659937054761,0.8423855288450068,0.7784946055413413,0.7130003006062576,0.21130759112058012,-1.6150807981215864,0.7124959145180291,4.189197552584684,5.525778108964877,0.33980680698919363,0.49991143601264026]],[-146558257.78237712,-146558257.78237712,[10.826946346061224,0.9444349003134465,2.349764053241479,-1.0104565892361852,0.3198716153937252,0.7878141237871348,0.3405672277921311,0.48607878311014197,1.4244901615635857,0.5056133412344692,4.6107314091455285,2.051775418036055,0.6687499489531283,0.388402651141309]],[-151215594.28991804,-151215566.7816794,[3.7571375039587287,1.0,0.9132173574695376,-0.2525522587325346,0.27877309525688315,0.8463985646489784,0.025207108873609996,0.1934946163194607,-2.4250678923526405,0.3361599604672487,6.915330899091523,4.616917742570301,0.2671433361695973,0.47834641721286403]],[-156031059.82805237,-156031052.38464606,[5.551754927308854,1.0,2.170831039780555,-0.6862524909298477,0.3945866033757269,0.9104397575223986,0.4900333447759639,0.2996695852263106,-3.1790672134314075,0.217028559812033,5.041142074468208,1.839604440324842,0.6124843209853341,0.5508400726315765]],[-161095891.1345614,-161095889.23694515,[3.8707888419874603,1.0,3.141592653589793,0.7303891550404034,0.6709303981635097,0.8935478678287899,0.20910779295872678,0.2091811088569676,-1.38451224623988,0.9,1.924613783660237,2.051682574932357,0.6586736420136062,0.40883507581485334]],[-171360850.96519166,-171360850.94936657,[0.5760554138855936,1.0,2.5803640569494473,-0.5208992931889229,0.2389109569211757,0.23807759136295903,0.6710068915464997,0.4753204886513353,0.337541275756438,0.676310825117013,3.8716488314459663,0.3660160413618483,0.3565055155356236,0.6289333207560757]],[-172511445.74071214,-172511445.74066174,[8.27684733438271,0.5047219934135784,1.5382274020337687,-0.9682429993937338,0.3600638377572565,0.7682846941211661,0.680875507247356,0.7813429906295933,-0.5982643272258893,0.7212600287637855,5.808358530406543,5.40941315328703,0.48696526473751833,0.6858746786497264]],[-176407203.30148348,-176407202.50124526,[6.826018708105706,0.0,2.0776768937946066,-0.16120608577639595,0.43542553390480027,0.8755900697829044,0.8873312372359915,0.3751770062275225,0.5489142263655932,0.29552590301836307,5.2591543959555755,3.0889923796446173,0.4430864437397041,0.594655069747849]],[-177977627.91170856,-177977614.47607362,[4.6988954569209245,1.0,0.0,-0.013175526632011,0.1778137873830471,0.89464145045045,0.21586253615334172,1.0,0.2066505214669911,0.41891627986024743,2.2407208169458803,3.678629013259571,0.5486126307862494,0.5218083176486454]],[-186997993.0332724,-186997980.31183243,[7.565187388085975,0.9299333404925152,0.6644176447030271,-0.7627018672154655,0.5130238191854841,0.9051648489758626,0.3501327794131278,0.2851215044511706,1.1830389223827174,0.3335538479162187,3.5477035120427574,3.6913610337092764,0.4847928985833302,0.5070406181939551]],[-189472746.46503127,-189472746.46503127,[0.5248824318294236,0.9781547159752941,1.0228076431484117,0.7546304157667345,0.04291247055121983,0.47012796643642574,0.41751752921876933,0.366952731876844,-0.42476842171535717,0.5145351242605622,2.4297027591552505,6.757998689025008,0.3573224982668768,0.49759594785872796]],[-202996799.56044978,-202996798.73800445,[4.469944234836353,0.0,0.2986456869426106,0.08715327917089623,0.5516371540836249,1.0,0.5875809615453625,0.38610159383659887,-0.7281895770471845,0.2290189982186508,2.646700678834957,0.0,0.41386220618528907,0.5551020256764149]],[-203839507.08614457,-203839494.94013965,[5.978784616558887,0.0,3.141592653589793,-1.2394734507312728,0.6829161461653327,0.9976326360934675,0.3299149513209454,0.39271351551681916,2.9586954574021913,0.6208655031230117,2.7436474305548733,3.3791385000185405,0.5102728677018716,0.5087905610204899]],[-215298654.5558224,-215298654.36118984,[5.131930565553327,1.0,2.8910649049142396,-1.233677382479263,0.12518601222634462,0.7712109250879485,0.5298333403331478,0.22501333553876723,1.1178460486065875,0.5429565692829019,2.7071703074153266,5.7104513842435,0.5062478544513487,0.5717596520921705]],[-261319056.27677077,-261319044.83063984,[4.859575431784341,1.0,0.0,-1.4887562169874138,0.0,0.7924334858718747,0.25982965432136496,0.16391711510487533,-0.3629158531556735,0.40833657051787,3.29874847196391,5.26380028294045,0.42458364675096827,0.5380031048194354]],[-292829317.51533115,-292829317.5093069,[6.49877265723984,0.012235155788634156,3.141592653589793,-2.481689871227648,0.9401891670221135,0.8941410312627578,0.37533881479165226,0.5470804127732602,1.3572499776986051,0.8223210799009764,3.5219654400271443,6.4711989829771674,0.5050880834823482,0.4341930729642305]]],[5.2372663873194885,0.4944503588801246,1.449717845558002,-0.021281702455569384,0.5509571414716031,0.3232720786281059,0.4899827132399293,0.512631874293702,-0.732627951481416,0.3759666240264521,4.459032329054745,4.721388126324859,0.4970486071849558,0.4227795608829334],[23.949948067774493,3.585574910855648,9.349640786690319,9.140682056095256,0.24611125440222636,0.24219609269534872,0.2394508944703539,0.251007333452809,8.932213966951387,0.2423502998324879,17.00117373800127,15.624875982344664,0.03849202759154131,0.039916030684702175],[[23.949948067774493,-0.04513055273390693,0.278610863399029,-0.14606204805312079,-0.029330859218364935,0.007795492865771814,0.01134437206348478,-0.055672970421067204,-0.2210831173033388,-0.006591377295476576,-0.11020482496463456,0.06121320638076798,0.020306722431921463,-0.002014457449928385],[-0.04513055273390693,3.585574910855648,-0.02592647767536839,-0.0004446975991946732,-0.004265845576498164,-0.004998359648000149,-0.006083172661340759,0.001447972119937654,-0.06608075125574711,0.017575320928151318,-0.0552923747337147,-0.03100391916341304,0.00109837763180826,-0.006334968488752628],[0.278610863399029,-0.02592647767536839,9.349640786690319,-0.2393343301333412,-0.014749002413752606,0.021586627754093337,0.01424261631826428,0.030652979065733797,-0.1651803992436973,0.008761487139796409,0.6304082162651057,0.2002255027664229,0.00014957827910419831,-0.003426463383184931],[-0.14606204805312079,-0.0004446975991946732,-0.2393343301333412,9.140682056095256,0.06758490706614491,-0.0412160173864815,0.0034805104714838104,0.007359072941205067,0.30153162896540325,0.01879312579441546,-0.2608252075460875,0.01021129355498832,0.017900175929109155,0.01972894126387176],[-0.029330859218364935,-0.004265845576498164,-0.014749002413752606,0.06758490706614491,0.24611125440222636,-0.007658713112675304,-0.002376557163958543,0.006989027991009897,-0.010162192080657247,-0.009275523742257713,-0.0015003248957703103,0.0022510201063898217,0.0006346506145869006,0.0008617860584246134],[0.007795492865771814,-0.004998359648000149,0.021586627754093337,-0.0412160173864815,-0.007658713112675304,0.24219609269534872,0.0013401227634791658,-0.004959435789498561,0.042103685498926006,0.010894679336529225,-0.07388589619517606,-0.06314826108278497,0.0006511802647777676,0.006119918931969295],[0.01134437206348478,-0.006083172661340759,0.01424261631826428,0.0034805104714838104,-0.002376557163958543,0.0013401227634791658,0.2394508944703539,-0.0016661585755727156,0.03283033463117761,0.002723120286508431,0.046407603363299396,0.008010402242545126,-0.0028873761291926354,0.0009511307988335435],[-0.055672970421067204,0.001447972119937654,0.030652979065733797,0.007359072941205067,0.006989027991009897,-0.004959435789498561,-0.0016661585755727156,0.251007333452809,-0.04452469934736606,-0.004654027550935245,0.13745162874621944,0.04872987920916873,-0.002314629591207953,0.00016846954455285607],[-0.2210831173033388,-0.06608075125574711,-0.1651803992436973,0.30153162896540325,-0.010162192080657247,0.042103685498926006,0.03283033463117761,-0.04452469934736606,8.932213966951387,0.011003928657681364,-0.2999094994515583,-0.33401697936087604,-0.0035082352153717597,0.03364530562377593],[-0.006591377295476576,0.017575320928151318,0.008761487139796409,0.01879312579441546,-0.009275523742257713,0.010894679336529225,0.002723120286508431,-0.004654027550935245,0.011003928657681364,0.2423502998324879,-0.03732461315124875,-0.06472304238699192,0.001224741924872732,0.002451116182528584],[-0.11020482496463456,-0.0552923747337147,0.6304082162651057,-0.2608252075460875,-0.0015003248957703103,-0.07388589619517606,0.046407603363299396,0.13745162874621944,-0.2999094994515583,-0.03732461315124875,17.00117373800127,-0.11978689574361558,-0.043901647838095276,-0.02634330384975596],[0.06121320638076798,-0.03100391916341304,0.2002255027664229,0.01021129355498832,0.0022510201063898217,-0.06314826108278497,0.008010402242545126,0.04872987920916873,-0.33401697936087604,-0.06472304238699192,-0.11978689574361558,15.624875982344664,-0.0011218057995497066,-0.030591936034157767],[0.020306722431921463,0.00109837763180826,0.00014957827910419831,0.017900175929109155,0.0006346506145869006,0.0006511802647777676,-0.0028873761291926354,-0.002314629591207953,-0.0035082352153717597,0.001224741924872732,-0.043901647838095276,-0.0011218057995497066,0.03849202759154131,0.00015561125402366132],[-0.002014457449928385,-0.006334968488752628,-0.003426463383184931,0.01972894126387176,0.0008617860584246134,0.006119918931969295,0.0009511307988335435,0.00016846954455285607,0.03364530562377593,0.002451116182528584,-0.02634330384975596,-0.030591936034157767,0.00015561125402366132,0.039916030684702175]],0.5674286584051461,[[0.0],[0.0],[0.0],[0.0],[0.0],[0.0],[0.0],[0.0],[0.0],[0.0],[0.0],[0.0],[0.0],[0.0]],[[0.35943508207729374],[-0.02101789189313142],[-0.29192503580937057],[-0.053732786421210245],[0.7719502342574558],[-2.6772530083716046],[-0.1517519750469114],[0.19136038715138926],[-1.8497646664004375],[-1.8789828250448617],[0.869235654984256],[1.3660394721546334],[-0.11177669651214109],[-2.9245329675283176]],1,100,-15590711.207016526,-15590698.024673104,[7.91295728736003,0.5335203987979337,3.141592653589793,-0.46267278660048416,0.4594640629334714,0.40810555844693663,0.36219159550427904,0.5611773690461813,-2.0075631211189253,0.4242056790170067,4.269179720755473,6.394547766402271,0.6110500030171713,0.35997273026362286]]
