["generation","mean","variance","covariance","_sigma","_p_c","_p_sigma","iteration","num_evaluations","best_score","best_evaluation","best_solution"]
[[[48799223.81667693,48799224.3684752,[1.507041131975214,1.0,3.141592653589793,1.7675831743001758,0.7126605168906046,0.6503401684891035,0.7234215048644466,0.20040231291869914,-0.21932140803680503,0.36718699128657933,6.151954486170531,3.1183327446618723,0.5454733600777226,0.3143579281211595]],[44865582.979156904,44865632.27150786,[4.131657381526641,0.0,3.141592653589793,-0.4521864176764128,0.6289273148588388,0.42187813212623526,1.0,0.03931626131957222,-0.3596215212774157,0.2053130693389515,6.656814125713667,2.7995418418113154,0.5553285714191881,0.4787876891527033]],[43199438.02911887,43199439.23802781,[1.720639884845589,0.0,1.32666882548588,1.4394262426401232,0.26275247070285557,0.5559259460565945,0.6937138621191243,0.43884206258273745,-1.5040513167719856,0.16304062553059506,1.1782410220660684,3.344300097021097,0.555320635098472,0.40084221623297045]],[40667843.50805417,40667847.87104094,[7.9970459214341645,1.0,2.158367335370738,-1.1130392715416009,0.3600037467484667,0.40128842598143033,0.06773865505269594,0.25933863986958705,-1.2640470735380986,0.14091399680547356,3.4157296160819026,6.338164061995726,0.5415824285596389,0.4182648774388633]],[39383345.53948667,39383363.91929364,[3.5853024155593567,0.13615889132282888,1.6583808563635922,-1.7984980584898267,0.037445388424369175,0.6576328802292071,0.0,0.8900086583299998,-2.738121611832688,0.3806411612193405,2.74568328076109,3.8280102126967344,0.44814275875826226,0.4139246765160459]],[38173799.73652683,38173800.174239755,[3.005629687743885,1.0,0.8503177463198569,-0.36186424220126634,0.6180500424620272,0.3666210750916694,0.2822360250074987,0.654352302870041,-1.4396300050069977,0.39190735714390135,8.36385493825889,4.944106264719221,0.49470893687286843,0.372154553299758]],[36154027.73349531,36154052.23636305,[3.02995544382491,0.0,0.7819751843564952,1.4349166592572449,0.0,0.9173253330096004,0.6781795477852854,0.5072889826810768,2.8243022338969466,0.1,4.914117873635777,3.4566727534412935,0.5208211754911006,0.3552591894521947]],[35753660.63476019,35753661.63280523,[5.465394311666094,1.0,0.09287224061281796,-0.015860056811328842,0.664813316375562,0.5899810209841149,0.14115008709165344,0.5951123802001879,-0.15418855797442668,0.5696241824820656,3.086278938192927,0.0274277555541933,0.5151641344515606,0.34259600991285466]],[34893536.73791373,34893594.04744375,[3.305704234835418,0.5068228361972125,2.825461450421367,-1.4011127552553246,0.39043160179428,0.4829895178533379,0.26526939735836896,0.295819694119599,1.907563252535944,0.6792255995026387,7.541195864142594,0.9920061733250263,0.527044070836238,0.34914321377735336]],[34889111.554970145,34889111.554970145,[5.0724008505412295,0.21558588388657046,2.727282747537336,-0.10503928964300925,0.6876752743654712,0.4869751621230806,0.42774098027445573,0.4581430563614193,-0.8673500894054456,0.2641350165554792,7.398495320498824,4.876884041338798,0.6192069173227855,0.5399763752849873]],[34242593.904048026,34242607.85357523,[2.476127015016388,0.7651037852139153,1.8417400227474232,-0.5420336871766085,0.4376108170498367,0.44348533817846425,0.5290761851371224,0.14743156710467398,1.7642597217022338,0.5925412268934918,3.6914781676665775,1.8206877597831421,0.45632105542793294,0.35999679482456903]],[31784352.066763327,31784425.738583565,[7.751972679753619,0.2054511265346443,2.6216485282156485,-0.555548274515466,0.6501834610454699,0.5223929043210774,0.5737790309510327,0.11724705999521212,-1.3062846807514807,0.3486250355119304,6.500389792794309,5.471328965236046,0.5743273030183624,0.4864215591999166]],[28911238.80505374,28911255.082480907,[3.5224170070243277,1.0,0.0,0.8256337317453253,0.8826347388003866,0.367752336313821,0.2916659647319483,0.0,-2.8218620889159807,0.5350873304606942,0.9689710396267563,2.757581368492451,0.5276111894541377,0.43106206277592274]],[27765579.795646973,27765581.681741476,[2.6934919367391084,0.0,1.7237530516591595,1.5631455681465787,0.7492949372446576,0.46211835616494035,0.17830917479531722,0.5029621058658255,0.44092344943562345,0.7554026616498515,0.08014192501612882,3.039469415354317,0.4498460700978578,0.3369719023733295]],[26742421.1583231,26742423.307157874,[1.5145824306668536,0.7116219609269071,0.0,-0.7090134141999772,0.21052993546040516,0.7157401976554235,0.45937983401067406,0.7434655264451493,-0.7627462272194432,0.10557694525457817,1.949487036988788,0.9128820279791214,0.6256112114390675,0.37783039675961866]],[26310190.417885836,26310197.64371407,[2.306112313314225,1.0,3.141592653589793,-1.397550294026715,0.7551235707695576,0.5018528016003883,0.14849921159508606,0.6954318257781961,-1.1285175276940547,0.6020264254649181,1.795053642833103,0.8373462573604389,0.4086053813697134,0.3836924081007629]],[25317583.686085112,25317589.803143144,[5.145631004070746,0.0,3.141592653589793,-0.4462548742701957,0.5290401269763068,0.7899804659529011,0.6210381543638628,0.6174486604774995,-1.036151779652843,0.5204311671821723,1.8093841673117206,6.690287613368179,0.4589931846471021,0.3787296732104074]],[24408588.96319421,24408592.69759655,[4.764085736276675,0.0,0.10754316933456187,-0.5718215980524657,0.31248477465525704,0.4578966388658263,0.11867261029824366,0.2519271214976897,-1.6483731218899638,0.28981470876964627,4.76792068724485,1.3444577891369085,0.697876386348462,0.6100801024968481]],[23362461.993984103,23362461.993984103,[8.059551190871474,0.3107255219949453,1.5684075229925303,-0.8596435134621259,0.740979112068833,0.5150078981148036,0.4827589399541671,0.7386196827587692,1.6289431346081669,0.328684192004372,3.393970014045426,2.077782108834243,0.36356452010503815,0.5480698054691968]],[23212285.25595686,23212314.943526626,[3.60576364954027,0.0,0.7714678654826699,-1.3799387502622107,0.0,0.2592128793323263,0.5012707603250683,0.33551205690581354,-2.1328998733728888,0.25567328473849366,6.5561838998995,5.367086729820166,0.463157672441712,0.43950115847994337]],[21260697.492353164,21260731.150184393,[5.045112683145887,0.0,0.06951098012268186,-0.24453831489918768,0.47757344132372936,0.5097835824747697,0.5721770229859119,0.0,0.7357975633096232,0.8309733588492108,1.0984444528974815,6.723950149180334,0.48939241249239057,0.3841996486215494]],[20769876.03683504,20769877.12099874,[5.819148025819711,0.0,3.141592653589793,0.6269827084986037,0.6664451705452697,0.359399107315289,0.8610195378440362,0.2868095623977611,0.555109269425345,0.4214961168564356,5.465960338012193,5.786891733814178,0.5690700108332161,0.5372296954452713]],[18850923.96554014,18850924.042159915,[4.699323375617899,0.6251624336280365,2.6404759484087643,0.2902433524442555,1.0,0.5307349876524098,0.4065214551603483,0.7545996201027811,1.1812380883875664,0.6599847804740445,2.7562406394112213,0.0,0.47496042271259414,0.4846277011863093]],[18617436.605187036,18617437.719682693,[6.852270839715052,0.8945855937153561,3.141592653589793,-1.404155578352797,0.41349851667622456,0.5124297383055567,0.31777875530190575,0.6356301483568776,-0.035003508008328396,0.3839207534016703,3.105378265782031,3.926046519680669,0.36309068451661397,0.568507476165166]],[18411029.03765907,18411098.00405109,[6.578156379469577,0.2644650810995738,1.6806884043616164,-0.6662152695243853,0.5616076316917715,0.24356411405820538,0.9859792174649391,0.40505892676725036,2.3146735381716095,0.22138356301095324,8.278715340114385,4.90669743171547,0.6837839126361899,0.5149010849423222]],[18199000.24458277,18199000.333549023,[5.636525696294793,0.0,1.59465946985911,-2.564939698174159,0.555860449350909,0.5588509703031125,0.5735736666149732,0.7388033087460415,2.0078068638715223,0.5208192467647319,7.077850802437586,3.6615117340971928,0.4861002994994758,0.5597181472298998]],[17953079.018317226,17953081.02824366,[2.906960695640562,0.7704320120275482,0.0,1.7096016046585143,0.22576391186004513,0.3293557540421854,0.8464501230192619,0.23056979815999357,0.4484477010729855,0.6476118586839698,4.3526682412178435,4.902029349322111,0.5710603326451597,0.4454107214135037]],[17769726.03185664,17769727.75729716,[9.20297726969683,1.0,3.141592653589793,1.0902314281107326,0.19507569351224852,1.0,0.6144764013134967,0.724513986558214,1.6148290663372902,0.1,4.350482293851761,4.516292847985691,0.5771827851609803,0.4155677096098962]],[17711259.602243677,17711266.75254202,[3.0020850266596373,0.1724171428105814,3.1414608013710614,2.654449734347219,0.7664140542697692,0.44903172820207904,0.767303763954516,0.4261377835340929,-2.401953672360063,0.27434396723011517,6.800839720696445,5.963724131788585,0.5451733796405338,0.5708208877941886]],[17079849.99037814,17079849.99037814,[7.092603775571208,0.8823206978029208,2.4143728032041825,-0.491211440369426,0.8056029700977052,0.3405429927086362,0.4613781534041063,0.7131134269767078,0.6885069178088398,0.40224304129424004,3.654207693380092,1.9131510220720842,0.5003046989938363,0.5200506257641341]],[16225902.241929717,16225902.588476658,[4.405591510036213,1.0,0.6778664521107786,1.2201824702421473,0.20032918015310602,0.7075093693992375,0.8068940671654261,0.8328463790673855,1.438266241506902,0.18463532814680178,1.0000502311973922,1.2787806995273825,0.3791384230293001,0.46464429583464645]],[15547391.707443457,15547391.859371543,[8.792572618077186,0.0,2.290640112981138,-1.8818743606970556,0.34592336264445955,0.28800105576771284,0.4662142238397511,0.5437753988488551,-1.0555632390001812,0.5711442529890869,4.74935146043982,7.54040562332671,0.4773930245613736,0.43856083326663187]],[15452214.152361885,15452214.153164744,[8.140307400022857,0.14524491425496738,2.584251539622751,-0.4015510658147134,0.8150290502307072,0.47923679318127005,0.6343420376670421,0.6225484182783596,-0.6587905223061061,0.3816377101530665,2.8338325689429587,6.288810542896867,0.46204162927795067,0.6150698471193163]],[14798541.61752094,14798541.622560501,[2.2896842179942247,0.806736966520201,3.121810647374672,1.0944219414583567,0.2756242531650893,0.8626548528784552,0.5106295005464478,0.44294679083174515,-2.2581088970362204,0.4213048156081649,5.8902588077471245,2.3839484212812865,0.4784077753385532,0.5438693379892224]],[14666623.11277631,14666623.303690195,[6.206981178253402,0.0,2.4269150568979536,-0.021124002450736108,0.8758969297746629,0.45353458660298873,0.5198296326861634,0.611338854960988,-2.3224520186630206,0.6157110234980271,3.2762140019157044,5.856924617897718,0.3784755617806161,0.4585088588452146]],[13916273.998757116,13916274.55716741,[4.4633440880520485,0.0,1.59797173578655,-1.2726968100497258,0.5537372729137905,0.23146969982741322,0.3443137122741231,0.8585980065030678,1.6187964706745257,0.35687919270693064,1.5578006706112069,6.283785821034682,0.6075173149038149,0.4615876519023011]],[11494670.540578289,11494671.474401593,[4.342165239185667,0.0,3.141592653589793,-1.1361952993175182,0.5923420687325678,0.4124207107758196,0.6162577546987451,0.833375509720675,1.974352383451715,0.4341452145406784,3.244229847050909,1.3098280047695599,0.31273656832938357,0.535205769667362]],[10445000.707108974,10445000.70745492,[6.931552722185871,0.8317310137280737,1.4326170869812023,0.9685436312158535,0.6465714437612182,0.6440816727643628,0.6200308986634832,0.6881386983327149,-1.054191582396491,0.27285096923175667,5.371052592700968,4.403426351180985,0.4703579576146916,0.49234502474521546]],[10212561.184169456,10212561.792345703,[6.614171680083224,1.0,1.0495303544934136,0.1900892351887929,0.5436414362819811,0.16877800903256762,0.23385247421199407,0.5163521226252467,-1.5528562129693153,0.42393131695535924,1.0070704374832213,4.809802024496267,0.5908431679288941,0.3835344049981304]],[9871569.342732072,9871569.342732072,[5.017993281442904,0.648284040206197,0.6825469205402225,-1.1072427820045647,0.9113977573238482,0.6136431056839178,0.49494078495330884,0.5551695500937922,2.3895253926055853,0.2841148441056843,6.964107346506937,2.509275557658496,0.39388431305943,0.4500764794804011]],[9737074.877400724,9737078.489902496,[6.467157701766117,1.0,3.141592653589793,0.22758024877234667,0.2844775694657251,0.7093786245712332,0.8469062988301427,0.8009945018025528,-0.7101388404107186,0.1,4.180095975315818,2.927495265555633,0.4577865094716019,0.5165079099604637]],[9467865.725015534,9467866.76648891,[7.169317916200539,0.0,1.1505596302687335,-2.257916274557288,0.2942177155461013,0.2945860044414067,0.9061007963112906,0.28772460240836506,-1.5587178385201585,0.7217170850203167,3.849958299849861,3.9656176728627197,0.5173484623504078,0.4205099425833015]],[9079838.655658782,9079843.129589558,[6.84401975120289,1.0,0.0,0.13735114130969056,0.5438799753257811,0.5797443244799579,0.19089896151595415,1.0,1.1019687146510475,0.6278677477448458,4.561152234599197,4.156271643644796,0.45406970521819245,0.5001766411417841]],[7765310.324591089,7765310.631391048,[3.2623703256214,0.0,3.141592653589793,0.21279646458042895,0.7635643229689214,0.27531459363985455,0.8020232766887424,0.4471941444024544,1.3437967349955093,0.46162254092056004,2.3816201861380066,2.5835383977678674,0.5747332865785841,0.5200902418573939]],[7554553.044769785,7554553.896056175,[2.99288271533455,1.0,1.0118993040081583,0.08155105639934565,0.9051755271870232,0.8064460059383851,0.9322286442302512,0.5238997611270079,-0.6657487437372609,0.3731401856758092,4.513756904056101,3.747709895248511,0.5995363570848273,0.517738624158933]],[5993326.238189842,5993330.010579705,[3.893296117153347,0.046131454805965866,2.452257938975284,-0.3789199358425601,0.16837203967526598,0.3994988452051471,0.16142922552192274,0.33410928744210233,-0.5142329587604726,0.7485735888711343,4.85518008684136,2.7118897747175232,0.5022078594659471,0.5254280232175595]],[5074838.300892086,5074888.570597768,[1.6975145082779122,0.0,2.6804347720334727,1.6369031578785904,0.3592388975599151,0.4899677378601131,0.43183408522173894,0.16731336938634328,-2.501678512063065,0.5281123832303605,1.1560770432843168,6.554456952597077,0.576120067900613,0.545195775842014]],[5025476.438876574,5025483.061180353,[8.957910187780296,1.0,1.218999914761539,-2.0991923598758864,0.6567652365248876,0.38210547809172457,0.3151399623527817,0.6002699090125483,-3.2591450455620317,0.6818688530738443,2.4105976715203665,2.3527466547204234,0.6574918472516457,0.5359411286124195]],[4975401.356523703,4975423.596544862,[6.292457534195788,1.0,2.1783000431437434,0.2549436547778386,0.15056591659372381,0.6357121710562949,0.13580808327860228,0.5823178152814962,1.2585694259283984,0.30140903669230545,4.279923723110439,0.5151626815887949,0.6035427863380416,0.6164671784798309]],[4334835.990169461,4334884.819162607,[2.759914046339655,1.0,1.890954012671455,-2.681204838138135,0.42009544772346813,0.4873370090779655,0.020681820765933723,0.24945574259110098,1.9015042319960025,0.6532568718379335,6.766709985558093,5.632715278342479,0.5237130382472568,0.4313026380489861]],[4260079.380046199,4260079.391939759,[3.449790913018922,0.4471837354354787,1.690603057349411,1.1617894546413758,0.4993989357223967,0.3085845708280738,0.7297671099650357,0.7248897175287379,-1.4417111002372007,0.21963053056486836,1.9529972594043978,3.6371321057567445,0.3192249948039588,0.5391877301701735]],[3429451.876419215,3429452.9202741385,[3.1615765996237237,0.0,0.0,-0.03535505621436174,0.4487036180223434,0.6458003261505934,0.6021110389611554,0.7111046387552464,0.18403992480908926,0.44897714860255045,7.0982904042322135,5.4311211538233515,0.6476555316425151,0.5330837890062172]],[3156727.029615055,3156727.8630462885,[5.3881091959723575,1.0,0.0,-0.24132463012439015,0.28036119622259004,0.725848919587083,0.21842260002415642,0.43480455731461654,-0.7451868524064245,0.7013769705065178,7.286177814592639,4.4557134002000165,0.4392644071068019,0.3643628267292342]],[2993982.186851164,2993986.803901553,[12.885962418958671,0.7333475378985903,0.0,-1.2996018672033578,0.5726292297437426,0.7514966980091307,0.28178207251616605,0.41503358827575565,0.3615387625503609,0.1,4.69716434478794,4.185448454997616,0.6041303202081116,0.31554086213708415]],[344546.8277621644,344547.08882784843,[3.6232666179765305,0.4204621628862185,0.12395582398660365,0.19892687070955634,0.28191814034933216,0.5283120334096317,0.15372406391408205,0.37503838658068867,-1.1206227763105778,0.7668971390648045,5.158205527292244,4.4408741368104,0.3602214821677785,0.5443397328093152]],[25349.076092653024,25349.247891306877,[7.0173495883482815,0.0,0.9124447166579999,0.032666875408155945,0.3853538207060078,0.6055900152000305,0.5422387909103834,0.882117054146649,0.6236831512266318,0.11056062386803667,2.4854568627282987,4.467849441161744,0.4634151270741549,0.6213881070743432]],[-198994.98381786834,-198994.84030377865,[7.487161577279068,0.8665026584706295,3.141592653589793,-1.7980317107786323,0.516334430935235,0.44265917989718095,0.37895239705096484,0.28038586352651096,-0.7987187365560602,0.7752679178410189,2.554488571789162,4.551699686443192,0.504315372175776,0.4523117890554115]],[-337336.4409126341,-337335.3428223133,[5.916747055639637,0.56976687254352,2.9862295560404655,-2.4030526838986406,0.5663788594974442,0.4180411068514873,0.9112118413622043,0.736067437682513,-0.9832059829587523,0.6026521086209511,5.834960869921031,0.0,0.42543981989518054,0.6007714406787185]],[-394338.295769569,-394319.6315449476,[6.879230037491907,0.5054321944701194,0.0,-2.1971340147833396,0.5505532000329545,0.45658056430662824,0.6848975513402298,0.1298929209309777,1.2397045714466746,0.4569943219881307,3.913195294639603,3.377145485789632,0.6078377650989433,0.6041313331188972]],[-919983.3348461458,-919946.5299785137,[2.8458967720828907,1.0,1.2228729814629644,0.5653647741763388,0.6150319893273588,0.7475569576277487,0.8031650835087236,0.12429130973059926,-1.519851782373389,0.8293303513926757,4.864180550923956,5.5745496951520765,0.4676761337108423,0.36566491844328675]],[-3783143.765288048,-3783143.336421132,[6.61281283661917,0.6971210873156977,0.5011955578689213,-2.632128835843792,0.1892291733307796,0.10289302932901784,0.834378536607621,0.3950405927823074,-0.7997598825045612,0.10238083019336841,7.787824472134881,4.098984436099494,0.48614488452644344,0.39071018294980986]],[-5308092.847594058,-5308092.81469512,[6.125731526252342,1.0,2.0280909885477736,2.836119348748605,0.14007720371773236,0.3540983136792883,0.26718745282778755,0.5665104434058984,-1.6334546024961094,0.29193643491533067,1.30724382128642,2.165973095691583,0.3084489734656324,0.4801099643482071]],[-6454305.583382493,-6454293.458405733,[6.072274396958782,0.0,1.2861454126306608,-0.306376112063369,0.869203533991401,0.6470201267092104,0.3255358806849506,0.1698685266837619,0.41866877491002435,0.7471816378684464,3.4371668232908266,1.9712496419796461,0.600825775325928,0.5165390100276747]],[-7274786.471310617,-7274785.9180806875,[2.6110490999737586,0.7111588339690275,3.141592653589793,-1.9451614380114828,0.6985425140506434,0.7148774534529482,0.3109362054141245,0.5378546790581017,1.9014363216607952,0.9,6.282446282482862,3.1554309937943006,0.4449835720919346,0.45445399585723095]],[-10407877.10350704,-10407876.888770223,[2.0798942977294272,1.0,1.112936053668241,2.3775612328332594,0.551575820382744,0.32024269858108734,0.4125833779413728,0.8601142300056146,-0.9035898561260467,0.3828962079444823,7.237336225868017,5.024870605202272,0.608146940103729,0.5641828062383977]],[-12765296.263985515,-12765295.137151003,[6.346011418978918,0.0,0.0,0.06536529477872399,0.19765876426808976,0.6076944034412959,0.0,0.39808735984216487,-1.433082496535705,0.1710565066027045,0.9809788480444852,4.017227507533497,0.23237296934786267,0.5457008130062815]],[-12954546.65165689,-12954545.94151771,[5.537091930757377,1.0,2.644367522032912,1.2197890794959634,0.44790682627172146,0.5609954096376866,0.5944568681538444,0.4850131107874304,1.7495055417825158,0.4092242647368459,7.045891129957782,5.319431777101273,0.5017343766403749,0.6493925594550418]],[-12982915.950956758,-12982914.265151024,[3.9697486928714776,0.45357153320303684,3.141592653589793,-1.0926408111805834,0.7737217888656691,0.7322909027915329,0.8171994001741049,1.0,2.155577747570809,0.7740052367401009,0.7464676521740343,3.1560558106461514,0.5567013332249627,0.5351104022453641]],[-16951493.529355697,-16951457.27458954,[1.6778340601825033,1.0,2.667796709573384,-0.5153836631168177,0.37489043762213203,0.3332513502647937,0.593437556609585,0.9867815366552253,-0.9480611813096826,0.34304861280128573,5.193242657988513,5.912554512771989,0.6101524917429607,0.6201874873368917]],[-17451886.010842845,-17451854.872712135,[4.247107591584851,0.9345236919552249,0.9274923740702545,0.19095807977149215,0.6172103688634163,0.393508938650002,0.09852145169022675,0.5763608974841066,3.737988952720008,0.7251174451263664,4.766622398532396,5.378949199391671,0.5367744147301725,0.6459189907299278]],[-18829719.652380086,-18829719.11824429,[4.894731044206727,1.0,2.3187272615517043,-0.1516819504553576,0.508432199535923,0.8201554722250908,0.531305451479703,0.37326558212050776,-0.26192428970050535,0.6188224040697674,4.519710049346656,3.9273471688980317,0.5355425163551749,0.5045390524168073]],[-20193303.070004437,-20193302.014828086,[3.196406839706163,1.0,2.3205196944985804,3.1937979726994437,0.5166378943986549,0.4576783935697162,0.0,0.36553452615016313,-2.201848772727516,0.7815376708850259,4.024305601421393,2.148750730196268,0.4162592794455996,0.5504799318300493]],[-21028848.67240425,-21028840.15933156,[4.266365938623558,0.16531163179026065,3.141592653589793,0.7986149946754071,1.0,0.7269662505698841,0.3095077942117451,0.3257671669947795,-0.9012579444591069,0.8513212593891009,1.6538190484609734,6.711390484381672,0.5437877450467422,0.5383704116906084]],[-21471942.219000183,-21471941.78172481,[1.2328419411437408,0.04833721877744118,3.141592653589793,1.0302836656497196,0.72889732999491,0.6294157763391999,0.5521496631773364,0.5121994571357132,-1.1140553208104655,0.591000889232054,5.678768063034544,5.197047218422552,0.5915949305662529,0.5781433363266357]],[-22089731.16492204,-22089731.11538291,[4.55938126573439,0.9504913781710145,0.024974833052363365,1.9785626614645637,0.0,0.24656794320129094,0.40853489890536016,0.38612027773551927,1.8197572696257098,0.8755136671068207,4.298887678847591,4.480848752379395,0.5091641644583924,0.484764757133802]],[-25310315.997929554,-25310315.166650295,[5.950506354980927,0.0,3.141592653589793,-1.6802454590589786,0.5639528975151333,0.8883617457917503,0.42580402523506117,0.24721762399908992,-0.972730502545641,0.5179651193985184,4.533999281980957,1.5204892911036718,0.3615528779213676,0.29488434480195824]],[-29291577.214506887,-29291575.892852426,[7.7097165173547655,0.0,1.3477604686418185,0.16314959741503582,0.28625541219452433,0.8422260423787049,0.924577272707014,0.11871054746764154,0.29650958472372246,0.24955947836108683,0.5266296926415732,7.140914386673158,0.47757843203148437,0.5084292247940237]],[-29667729.340626996,-29667729.196659327,[7.178792166924412,0.0,2.5411114265187678,-1.8166896493803544,0.21750360216587183,0.6008650322078815,0.3365745076077468,0.4043492934100046,0.662865035155592,0.5392632647232208,4.593242076376081,1.5888174623671754,0.3970909057980555,0.5269162784345006]],[-30869695.493239276,-30869679.606314957,[9.602212376940898,0.27311757632874006,0.0,1.594894399174768,0.3532783405165957,0.470706623356558,0.51783577191289,0.38930917313328106,-2.4009362418262943,0.44894296702460645,2.3177032070931216,4.857099574390475,0.3698537849097465,0.5274548483561607]],[-31474711.965822455,-31474711.96097541,[2.2192227351089926,0.013870144782981486,1.893315246162329,-0.5261854973796505,1.0,0.6907520547083288,0.31262279725893916,0.4263967608430588,0.35822082284559326,0.3674131699148676,6.093015907280938,6.785754286362806,0.5664012508141099,0.7455918538238271]],[-32179644.271692395,-32179644.271692395,[2.2843784565875276,0.6403763612410729,0.4830922848621597,0.2015027067299917,0.1510162900254613,0.2053142229136839,0.5629410095805739,0.767233386091409,-0.1940757733963382,0.35235757316786004,2.876736629825924,3.9212705219814423,0.4027149038550574,0.48279492120552675]],[-34603855.57101673,-34603855.51954341,[4.088515494827521,1.0,3.122131398980384,0.1007074082544627,0.15095519854324568,0.7902152059245027,0.4706334091525826,0.6279670508533529,-0.5452534734395241,0.7975245269507492,6.013649538675775,2.682618186087833,0.4388348580560147,0.507674716154025]],[-34948199.83562046,-34948132.79247165,[8.607019090973195,0.42119604951311934,1.308475170639451,0.30480292223130556,0.5431053860502124,0.7141019910144673,0.406696264532856,0.0,-1.641846751048699,0.8373028722569702,7.8692222993626535,1.6035311865868112,0.5599350470055314,0.5306744573048827]],[-37214829.31471056,-37214829.08747351,[8.877747111856,1.0,2.973005559469933,-0.6167759663758798,0.4350492179712642,0.6110996376033622,0.4400668436032679,0.3910571893221958,0.26701299672179124,0.9,7.396967127037804,4.175761185204449,0.3881206771940888,0.6034805586303222]],[-38035281.40788478,-38035281.407651305,[6.7960469787143225,0.23881845769280413,2.1220861130669526,-0.4902053474024658,0.4660779547927563,0.9989069131096999,0.8221648841908475,0.7019684267682722,0.3904149358646629,0.6189258274952961,2.4706027366581784,1.4474756786571938,0.5793125486071535,0.38650251702271154]],[-39148006.66646532,-39147998.21405959,[3.890429852549177,0.0,3.141592653589793,1.6286034784748773,0.0,0.6243821900919301,0.12632549928164516,0.26026002927381264,-2.3029440566618713,0.3121203943993114,7.603579305011621,1.747655595911179,0.3714360562737856,0.7002620864112515]],[-40831012.1150119,-40831009.26706898,[4.705431244462754,1.0,2.0776894070030734,1.706790827125725,0.46836018562678716,1.0,0.3142488124855831,0.8118656739415988,-0.981929492303466,0.513222227182996,2.572655366712483,4.8665098818269605,0.48575053407309066,0.6834156900883757]],[-42364913.9373557,-42364901.22821069,[4.662135873612134,1.0,0.44491722133812894,-2.166187877951636,0.29068599004819495,0.0,0.4918598011653589,0.37290469212324495,-1.8503499951170483,0.26427620990323897,6.5982011201819315,3.5626329088075996,0.48988885992438197,0.40346146724729204]],[-45221867.71506247,-45221867.57508695,[6.042934979426846,1.0,1.6670913567385306,0.7264026801979597,0.47173460840034,0.7940077172658626,0.7184511899571304,0.5578960327540299,0.9273711098193629,0.4112754821512469,2.511008832795586,5.000186565568361,0.3713999231481223,0.48551320351563904]],[-45757372.51980249,-45757371.55936402,[5.906870928662216,0.10101239724247207,0.6699031885372749,0.7864936692945131,0.4807842230898584,0.48720568930142816,0.7248669295611749,0.5882437207849813,1.456213804075002,0.7019914754503566,0.8466183230472368,4.294810901379714,0.5857025233999262,0.41680381481356393]],[-46676633.38429027,-46676628.41756165,[1.4376625185597414,1.0,0.0,0.20367332363855115,0.2763714452718796,0.2934871602915149,0.25832843742814693,0.6761697843277745,-1.2653713693005395,0.33467649729227406,1.7856108554775867,5.403075745426248,0.44141927836554584,0.5396965534876261]],[-55320897.14977529,-55320896.88840377,[6.235308300397085,1.0,2.2316124513888065,1.352153804635233,0.8035532794024145,0.47509583095526225,0.7490167471701517,0.3376935127415299,-1.1563785850375217,0.7151021117218894,1.915272337262894,4.324303209449952,0.3808139228869706,0.735970134550227]],[-57652788.25680406,-57652784.41936898,[4.844655870000441,0.6153592500660268,3.141592653589793,-0.08579837441863042,0.07131727177840419,0.999512963788795,0.719668967227873,0.2355346854358099,-0.8990761646925587,0.37567607898728755,3.988794830902135,0.0,0.5449079914123617,0.3407149028098593]],[-64637534.69036637,-64637529.13735378,[10.579378627541256,1.0,3.141592653589793,1.8594073995112361,0.4359599742667617,0.6185660108449251,0.0,0.648880470020386,-0.19839309401682365,0.3998912219969791,6.11630955638565,5.6258008213839945,0.508944350740626,0.6320032869956054]],[-66152004.535016894,-66152004.114765525,[7.269710690538377,0.0,1.9069197197642218,1.596674854263359,0.0,0.6915225477943849,0.36463606055047293,0.5515491721484748,-1.6343122274002715,0.7433401785059621,3.032411279328876,4.784219425331891,0.45467338817881164,0.6467608064515167]],[-72728196.90834956,-72728196.85930371,[3.9137801688144185,0.0,0.665774457295905,0.9659776567235716,0.6017535509747052,0.009083343960930579,0.4728382629128326,0.7661251860262523,-0.7807568537704118,0.5742489706719841,5.018615273159628,5.830028278608927,0.5318300288573928,0.49371334686729407]],[-75492242.90531929,-75492240.40034258,[5.341317798690284,0.0,1.8903225457052009,-2.7320350730644622,0.749873056413356,1.0,0.44756309165879343,0.20033359852712446,-2.472152202981604,0.3972192974089638,2.4045456230989917,0.0,0.3424491931998136,0.5570355155136263]],[-78389551.49527839,-78389550.54801875,[5.986448574621269,0.761618155377749,0.30099278699880183,-1.6160561118615597,0.906655260053268,0.06744631070506557,0.23184895443754933,0.8597870471554778,-0.6048073959536292,0.9,0.0,4.922737720667905,0.3218768002977378,0.5035740462877314]],[-106669541.40897647,-106669530.66137362,[0.7803249130089531,0.8411769267314754,1.728149448293509,-0.7819406710343382,0.18806957261816132,0.6033313078926664,0.3152527197297215,0.3295670301133321,2.3755632206979103,0.6843814253759775,3.239480642988013,4.362897561419426,0.506517615657357,0.4903265540675134]],[-146415026.01173526,-146415025.64686167,[7.784471579172247,0.0,1.8496802299905872,-2.721945095172131,0.0,0.7141977870666719,0.2922071395276721,0.8484009878028544,0.9244574360940973,0.320356324882206,2.1618471005816033,2.6756111998018444,0.5588112522584823,0.47324723009784925]]],[3.9541248244708664,0.474568731012052,1.8971305272289318,-0.012822313971131719,0.48979418846345696,0.5328899543531377,0.4793818898806644,0.39494404059139104,-0.4143024684202099,0.3611789111124556,4.468378616760969,3.410029288748368,0.5243262170474693,0.4120991861795385],[24.42315034896768,3.602517689593917,9.285077310840391,8.55992710947081,0.24997016180926224,0.23045739074723598,0.2616371723522405,0.25560885808237777,8.987919740127348,0.24556006870417418,16.844844710433033,15.69038665515098,0.037239372253175695,0.04134761556367267],[[24.42315034896768,0.01067702502651557,-0.10541469852234611,-0.5670479391314283,0.02087967924498493,-0.05429053850287274,-0.06783708551337823,0.04759567836928058,0.19797431284385564,0.05066682139829347,-0.12254515950692658,0.9709723415747351,-0.01215802234518571,0.08294102425741398],[0.01067702502651557,3.602517689593917,-0.0065902637712130915,0.011804924027498161,0.020211048825561323,-0.0038768586248238614,-0.021252919834791613,0.0002480953649815785,-0.01426905140498163,0.009893180098977342,0.03669199577998171,-0.0474205426938356,-0.0016705356911218608,-0.005645681288181785],[-0.10541469852234611,-0.0065902637712130915,9.285077310840391,-0.005692142176523682,0.04465620601123017,0.0031211066318797553,0.054068044036757835,-0.0553068121570166,0.015013955663755189,-0.0241344419219931,0.5499415354879716,0.04521242007437588,0.003143840153240099,-0.010867262576829635],[-0.5670479391314283,0.011804924027498161,-0.005692142176523682,8.55992710947081,0.030857200435365648,0.028193368699082674,0.08092457019353472,-0.03730957878931691,0.14686444872773463,-0.011179181284397712,-0.1422983690169548,-0.05545052270080495,0.008677344386432568,-0.015180572733890558],[0.02087967924498493,0.020211048825561323,0.04465620601123017,0.030857200435365648,0.24997016180926224,-0.006910333588077406,0.006200632609852324,-0.0099935602593953,0.00169933932673453,0.010242180800066626,0.05343554564302721,-0.031178648406743562,3.9276138237365654e-05,0.0010003312436175596],[-0.05429053850287274,-0.0038768586248238614,0.0031211066318797553,0.028193368699082674,-0.006910333588077406,0.23045739074723598,0.0016414238485302577,0.004844737221110179,0.02332371778518477,-0.004691090125321597,-0.026498911254061425,-0.028933736093950717,0.00010816691593896718,-0.003451636267767764],[-0.06783708551337823,-0.021252919834791613,0.054068044036757835,0.08092457019353472,0.006200632609852324,0.0016414238485302577,0.2616371723522405,-0.017216098189036615,0.0723182416129207,-0.007280340635553852,0.10218496072424203,0.012093731049776821,0.002550866993710832,0.0017731225059329087],[0.04759567836928058,0.0002480953649815785,-0.0553068121570166,-0.03730957878931691,-0.0099935602593953,0.004844737221110179,-0.017216098189036615,0.25560885808237777,0.0026927948622562222,0.007661421412543827,-0.09850141595456799,0.005929818744908852,-0.004384686915047768,0.004000659445084301],[0.19797431284385564,-0.01426905140498163,0.015013955663755189,0.14686444872773463,0.00169933932673453,0.02332371778518477,0.0723182416129207,0.0026927948622562222,8.987919740127348,0.048598284934604746,0.27449470937661813,-0.24140313651670028,-0.007751824262100758,0.00843623619842573],[0.05066682139829347,0.009893180098977342,-0.0241344419219931,-0.011179181284397712,0.010242180800066626,-0.004691090125321597,-0.007280340635553852,0.007661421412543827,0.048598284934604746,0.24556006870417418,-0.06123228655955017,-0.007533209694039671,-0.00412141607642898,0.004034290431727021],[-0.12254515950692658,0.03669199577998171,0.5499415354879716,-0.1422983690169548,0.05343554564302721,-0.026498911254061425,0.10218496072424203,-0.09850141595456799,0.27449470937661813,-0.06123228655955017,16.844844710433033,0.12429815941691995,0.02788273454672182,-0.008097329060850256],[0.9709723415747351,-0.0474205426938356,0.04521242007437588,-0.05545052270080495,-0.031178648406743562,-0.028933736093950717,0.012093731049776821,0.005929818744908852,-0.24140313651670028,-0.007533209694039671,0.12429815941691995,15.69038665515098,-0.003834031620129356,0.03662693087659346],[-0.01215802234518571,-0.0016705356911218608,0.003143840153240099,0.008677344386432568,3.9276138237365654e-05,0.00010816691593896718,0.002550866993710832,-0.004384686915047768,-0.007751824262100758,-0.00412141607642898,0.02788273454672182,-0.003834031620129356,0.037239372253175695,-0.0004980792476521815],[0.08294102425741398,-0.005645681288181785,-0.010867262576829635,-0.015180572733890558,0.0010003312436175596,-0.003451636267767764,0.0017731225059329087,0.004000659445084301,0.00843623619842573,0.004034290431727021,-0.008097329060850256,0.03662693087659346,-0.0004980792476521815,0.04134761556367267]],0.564228023674458,[[0.0],[0.0],[0.0],[0.0],[0.0],[0.0],[0.0],[0.0],[0.0],[0.0],[0.0],[0.0],[0.0],[0.0]],[[-1.584397325748132],[-0.09631463562203003],[0.7868047416380987],[-0.03237422661438507],[-0.15460793872851347],[0.4982502399937466],[-0.312343951739065],[-1.591493755999067],[-1.046045357314798],[-2.1030020325283294],[0.8869340304619081],[-1.1171840089615588],[0.9212952495999288],[-3.3290257194832913]],1,100,48799223.81667693,48799224.3684752,[1.507041131975214,1.0,3.141592653589793,1.7675831743001758,0.7126605168906046,0.6503401684891035,0.7234215048644466,0.20040231291869914,-0.21932140803680503,0.36718699128657933,6.151954486170531,3.1183327446618723,0.5454733600777226,0.3143579281211595]]
