["generation","mean","variance","covariance","_sigma","_p_c","_p_sigma","iteration","num_evaluations","best_score","best_evaluation","best_solution"]
[[[31640882.09543447,31640888.5370273,[7.694765817569734,1.0,0.2818887973414561,2.207156999809383,0.32940899685708636,0.26132501435090094,0.5928186545791866,0.5669483741386274,-0.909699271860188,0.1,3.646988895180931,4.629675982500231,0.5849286280584736,0.20295667994373556]],[10119804.13370544,10119805.420714498,[8.719351256051032,1.0,1.6038445787981583,-0.009641312818332025,0.9428078511789644,0.18279010011168567,0.5451138391276006,0.369103371596325,0.21853871409179051,0.1,2.5243270437176113,0.41460194673621364,0.5019967678740177,0.39479115373539536]],[6399557.393804483,6399559.178052664,[7.291688634605554,0.0,1.073352303111565,1.4122255795971959,0.5880183719838425,0.35250161683859715,0.4017771840101126,0.5089439532181587,-0.35633335678712413,0.5046242312664242,2.4054044167011064,3.372665809075554,0.6953377893962167,0.3638935356716083]],[1048985.4937597518,1049073.467725873,[3.8536005982157997,1.0,0.5837755004500933,-2.0998031836529516,0.07003826031040811,0.056105096999018556,0.8707141591004377,0.45587699191385445,1.5931187318452167,0.1,9.0,2.550733122316129,0.6627726553276371,0.4660606060452576]],[378614.7753903808,378615.2497819662,[3.9689613345495687,0.0,3.0257195088402904,1.359179331362789,0.07060781857854931,0.5012430609215879,0.9119656483054668,0.46018153082276964,1.41915156905342,0.48715218143530314,2.7634640700168664,3.2864436976857614,0.6320991490105029,0.38383570149051227]],[-3624412.9538380806,-3624412.256570101,[8.48984056319373,1.0,1.9310233106109402,1.8641284725028826,0.23331213222021202,0.11134180827928086,0.9155016169757885,0.5541041596234751,-0.843611965930306,0.3145274597130382,5.494923106136551,4.513777546745375,0.5217452555856272,0.41758977043436296]],[-4227198.423975727,-4227196.94119215,[4.109040181902383,0.9062102836661243,0.448036545297827,2.4869542523914534,0.4916533540436613,0.47521115818331394,0.5330565028848621,0.2184661863066003,-1.4317163700035598,0.46971092545581844,3.0872059563468106,1.1575116399789263,0.5158517192231967,0.34774712832776433]],[-4518771.28457411,-4518771.284574032,[6.13517910567114,0.1294757632256176,1.3293737982956404,-0.5330312720807697,0.14723452923517777,0.3228746318291893,0.6242961178497232,0.7004841917971826,0.2250439596175892,0.1,4.393154008304221,4.540062952250378,0.43064802253423895,0.5016207442814822]],[-7765955.948984609,-7765955.929128408,[4.239960627312848,0.41786767365329847,0.3723412956439607,0.8409315364878696,0.5737357117260604,0.580391741927913,0.6031057255465624,0.451231153234965,-0.8780620187624291,0.1,4.862574907905639,6.373465278769794,0.5471122755765795,0.433128195809372]],[-9862216.47030409,-9862216.466751218,[2.000461230738698,0.0,1.525575146545598,1.4970537635035535,0.5520632261813246,0.4928606664368528,0.6946386612466192,0.6745627974170556,-1.0974601690606,0.5621676443877127,4.500632359101841,3.3431378370135016,0.5731395865085739,0.2854700906437474]],[-11551833.564583184,-11551807.550626516,[7.843378516638761,0.3682717635093807,0.8655759466646373,1.859575757823379,0.2692175046898314,1.0,0.41439021516913666,0.7096134643282072,-2.6155318279638573,0.351807509542117,5.9990074558309665,5.055281997153932,0.5029645610859265,0.332350564232554]],[-11732236.514886394,-11732232.663321376,[4.97198771558562,0.34997776077844567,3.141592653589793,-0.596845443066247,0.7828579802065925,0.44456091850204094,0.297393480869491,0.7991904667639191,1.7675789006347369,0.22740135741139644,2.597545959795488,5.131353624727423,0.564341010493439,0.46722786052967763]],[-12917163.745520147,-12917163.144204259,[5.508306089805692,0.4768776930520557,0.0,0.23879598214086353,0.2662247889098426,0.2608296745917267,0.32293602836226654,0.8844042327200182,1.1703596946314578,0.611705344722568,4.858979837436466,1.5036236360581863,0.5333215918989458,0.41944482215065926]],[-14690504.85005948,-14690504.02099955,[5.074431913359081,1.0,1.0816332578762589,-0.07455476011482398,0.45037639107572786,0.2864410724909455,0.3771369718776415,0.5710308287007934,0.7930708479572164,0.4432295686506282,3.689137177126094,2.381934795055859,0.623651369818081,0.5721100498238376]],[-14895586.810399752,-14895555.891282558,[4.812046088388649,1.0,0.19716402138805478,0.9091709301715287,0.646896452509599,0.6738134912321725,0.39312996910978604,0.12807038229614315,0.8725616931062825,0.502214139310632,5.3280808502483445,3.9746112221082552,0.5928956813528559,0.35345593859023816]],[-15683459.261000276,-15683459.261000276,[6.440113424526444,0.5772261806233755,0.8533488056391683,0.2982171909157991,0.16474449933958063,0.32938742372049257,0.5148230281120428,0.6436500024536665,-0.3108850143015307,0.38209242670085397,4.623587358743341,4.772004304618631,0.46032561095810826,0.5033699988604685]],[-16206013.82679198,-16205990.007507801,[9.831783942245607,0.8832438026891806,0.8872017007609763,0.7916282482983681,0.22069040067710055,0.3428199789603288,0.1406572768598494,0.47633177803947124,1.1811833405845698,0.27497780155263957,4.872129281805114,3.953578658576831,0.5539221137383198,0.592012539429504]],[-16411187.36286432,-16411187.209577322,[2.628678261257374,0.7132100716299308,3.141592653589793,-1.3040457425856473,0.7301768920311921,0.2988224518860204,0.339382887093058,0.5560772321316236,-0.5532714865318094,0.6502520168708433,3.7822178394199413,0.36910083577553143,0.6656581868987161,0.37596927855128026]],[-17812888.557785932,-17812887.223932564,[4.591883648910036,0.0,0.0,-0.07563534211385674,0.741318356305132,0.19455992517911164,0.40629713701780623,0.35361696918009444,-1.5297453882327319,0.4697660042935023,3.5059253994045583,1.6103314961190573,0.4878050719180403,0.47040135461806043]],[-18811930.822761476,-18811930.822761476,[8.77598472976186,0.30710593919878504,2.499759966705441,1.368639754520629,0.24676803875452624,0.6304269869872363,0.620034296947021,0.6828733625556672,1.2539564673010213,0.39641071315967635,4.39393519619341,7.44317463678624,0.4261682246338453,0.40788411821000786]],[-27383043.369148415,-27383042.99668789,[5.927775106253013,0.4174833481170007,1.356454149111947,1.0475629528592356,0.7895514386531088,0.48885749407597334,0.8388762305698549,0.5890959778358121,-1.6768216531675604,0.29820034145363494,2.809828747323813,7.216515465217166,0.504159215137239,0.5621525518639058]],[-28328490.67727562,-28328476.446240306,[4.130135712066443,0.33154588293132625,0.2860118568178067,-0.5917588076787498,0.7523832969872206,0.4651169347464222,1.0,0.5573120890384367,1.1299786743718996,0.26357308010166025,3.6973808928646905,0.0,0.4127321505887185,0.47528455638352374]],[-29726662.647511337,-29726642.75868702,[3.350045951113789,1.0,1.4063931395608886,1.358018155906223,0.4800278531066544,0.3672514115777594,0.05786429413590277,0.5284060227175232,3.611353189540272,0.797677532220857,3.4860870041062633,7.642686624920013,0.4829939431934828,0.33583351691742325]],[-29760380.40442731,-29760375.521556556,[7.042417435182106,0.0,0.0,0.768104225182765,0.7723491036824199,0.28674772287327605,0.34267549308911405,0.4444727693668247,0.8719453217858368,0.4586652612306074,7.216789579129547,5.019745902769825,0.2795742945133046,0.475490345095492]],[-29979235.195806697,-29979231.064863205,[5.436557019215316,1.0,3.141592653589793,1.4795257031741333,0.8383531903320747,0.8945046975195066,0.75066750202357,0.29376854607544556,-0.9547743317387959,0.4155002999070035,3.2536253718561605,2.0503918702404462,0.423198797328167,0.4679122187971586]],[-30514569.478680193,-30514569.478680193,[7.270533228208324,0.8512555935927504,2.235935594115019,1.3795249190126682,0.13867930143208024,0.5173594946640433,0.5152982449502467,0.2943695577759375,-0.25671414986373997,0.38813127472600933,5.917873498860703,5.111511451637566,0.23937907022830257,0.4150180858180202]],[-30625485.486132063,-30625484.57825762,[8.868600857780683,0.29099061309774343,3.141592653589793,-2.873207504071705,0.13514438925919992,0.19114160141237546,0.4521475405829349,0.39748797951919246,-1.0448576844454804,0.8980622958907868,3.073456420223986,3.726900443545169,0.6063958765528767,0.39594473403382485]],[-33599513.848178275,-33599513.61977118,[6.071652722294897,0.9226715557968628,0.1783230930724371,-0.057826721666310116,0.2710533690662057,0.07479187066515025,0.8685654292970137,0.6789187777319107,-0.9304832119277641,0.44085947635172207,6.5247042923797185,4.135187525879403,0.44884950542913904,0.5405567804885631]],[-34526187.0229385,-34526186.78668833,[3.181523289157868,1.0,1.7320725749522095,-2.152340210022127,0.614496903455805,0.5143798661734467,0.6339064492284039,0.5752280895458596,0.9814544491350756,0.39527835573449743,2.9000022225847735,6.57832290574234,0.3794333597707166,0.5359493614205725]],[-34544630.17427393,-34544583.89554417,[2.8933273672851896,0.4840424503299711,2.1630968588710804,1.142008712903014,0.4636416736509357,0.8155691089967112,0.8447659084861179,0.10371356996483622,0.11893159839793531,0.4044680794178605,6.769938992837124,2.8100958203507402,0.5381313183523401,0.5406913583170396]],[-35207710.90182537,-35207710.90182537,[5.78017664401437,0.30356515183951427,0.0708547132993993,2.557044718261996,0.45555252284152575,0.48447985580885655,0.6335636066953888,0.41889712826265374,2.387766047064917,0.5388316730553054,5.591051390076339,4.843147691712163,0.4675956971166813,0.5200406148744147]],[-36328495.17546329,-36328495.13339853,[7.072109181988225,0.0,2.011806078857641,-0.35648660838268287,0.22666243871289998,0.3459446560296578,0.5525980917923092,0.28532740629482534,0.3573605946817171,0.6578628460489544,6.133544870732644,4.492386041451185,0.3965233576238125,0.5213583075531633]],[-36431282.0138877,-36431250.09296119,[5.435454371462856,0.0,1.8118872895950764,-1.1585528535543683,0.20316812547915353,0.5052560593313965,0.401810934305172,0.32807542770970954,2.045793797735201,0.3772157627459195,5.633764330874066,5.770205539577663,0.5218043724266077,0.6330644639206908]],[-37613703.889288805,-37613703.23677015,[6.915337483635967,0.0,2.5083980901550222,-2.1335025973923285,0.7748926309918538,0.49481342475145307,0.3641521344086932,0.5625307556958781,1.3412219043749611,0.6644316723894801,2.1190341695359685,6.601835218374715,0.46692785919817187,0.5316384644067145]],[-37920787.213128574,-37920769.964850426,[3.9653096685906677,0.45104757480157254,0.0,0.7308012714894401,0.406522437863668,0.34653363636168305,0.9546521515429428,0.5659884633897884,3.0445310167155557,0.7294192753992217,3.843043754790529,3.178985469032226,0.6254889109203634,0.5666442321850893]],[-39550263.057095125,-39550244.1931895,[6.66533493673714,1.0,1.8755236032867604,-1.3237930682353216,0.01585193253890671,0.07487744152455156,0.5175123927648401,0.5084073362424867,3.1575181608718697,0.5520036792445882,4.46541475013391,3.1305011023841294,0.5945328017952336,0.6041923550887186]],[-40505018.50183187,-40505018.07627976,[6.184718101455191,1.0,1.1565748173559687,-0.05251261412683937,0.5184447542986639,0.6378535455513857,0.6195209921579932,0.2758729642206683,1.5891130763175458,0.5102169293419078,4.92290348632391,2.8103863566407994,0.5762922112459465,0.4270501486932057]],[-40665295.628866166,-40665295.30433297,[4.671841072622721,0.0,2.417252247418743,-0.5572340833382212,0.41856494888180984,0.4217732796393296,0.2990166653154238,0.8794948015906376,-0.2430514899406121,0.8106401411131332,3.4014171432007676,5.95828711353168,0.5445429380731817,0.4676290484205667]],[-41356400.96699218,-41356400.95941782,[7.615150318270144,0.8224285507632663,1.5780163733415515,0.42050989710211967,0.0,0.42416815565404076,0.6729182349535557,0.21842889278224414,-0.25445738633307086,0.6522161119379717,8.128311004234089,1.881415368047604,0.6345122477137838,0.5825437506776787]],[-41956375.52645755,-41956375.525269926,[1.8374938832560876,0.3378647565865981,1.9799565347012047,-0.8268111284213083,0.7746722342596439,0.08229960454562968,0.7004224874297302,0.6602848944528676,-0.9319869542592439,0.34064097694241835,4.880999391791026,3.999368151434308,0.3616081530367553,0.5479193958270668]],[-42411578.22541188,-42411577.797217906,[5.222126130298765,1.0,0.6162063151089234,0.014171110863432076,0.3148746862892538,0.030267919303251456,0.08515427856866586,0.5872652733659589,-1.725469565739921,0.5137396797340619,0.8946258609339632,0.19010279177511746,0.5957007785379128,0.6112536736106597]],[-42951637.83365279,-42951637.8315773,[6.521959641210369,0.46524602245620855,2.30253564485181,-1.940340573013082,0.3284547416068182,0.6649020511709758,0.621823734320206,0.19386501755346058,-0.11301626045051813,0.37299828221459647,4.80646233842507,3.871035699456347,0.6249133477656867,0.2929069904839494]],[-43868520.63693079,-43868517.70553827,[2.321791581864919,0.006368550047592458,0.0,0.2918778434044823,0.8638962194458106,0.27214325513209797,0.0,0.21628554563681468,-1.4962185095403833,0.7134497191665523,3.2827865426911713,4.124501268469685,0.3992103388751099,0.5219277699437308]],[-43957913.68470835,-43957912.71404928,[0.46666647975879094,0.44613913779934317,0.6759593635198858,2.1409357733009373,0.585184799470899,0.0,1.0,0.6646331976515808,0.1958844601159112,0.49857581350625213,3.378467379515551,4.907925417924528,0.45007565939820215,0.5416527218236541]],[-44514602.792113066,-44514540.69609773,[4.937346594687003,1.0,3.141592653589793,1.8143380697404763,0.5528903281076841,0.5960870855357008,0.5542877877511592,0.15653211025166658,-1.9895694325637332,0.1,0.8130977062968845,7.5500927532942175,0.5909867340261947,0.7546047054248342]],[-46083965.570126295,-46083965.570126295,[2.6944825675619564,0.8927211640531416,1.6722067726103433,-0.6358156248790022,0.33860121425951106,0.5215762960082152,0.4469204704542946,0.4916650067229314,0.5242880371619915,0.1341317826898154,2.560068738225895,1.8157408675257631,0.4632389731187121,0.6810120052115601]],[-49475386.892034575,-49475361.35882974,[3.3933828683273184,0.0,0.34680991211526946,0.5533157071941968,0.47369214810249843,0.527865330614161,0.2821500908366037,0.3802351112211321,3.000135738381122,0.7461103743618204,4.950604556902912,4.224497376112271,0.7335234512701877,0.4873164521767991]],[-50458094.481336586,-50458091.33360672,[3.7903446306232347,0.0,0.03874052040924392,-0.1729044442662399,0.0826048424509282,0.41355249651282133,0.9101548335663028,0.20843663476366464,0.29905364082459057,0.8938415892412273,1.9481459563782262,2.767080740456949,0.5628455027883955,0.5508651375773587]],[-51277914.667285606,-51277914.61947614,[7.677588580945882,1.0,1.0314148502039941,3.5217265845706542,0.8923512097294243,0.4714593400106553,0.7193745969019603,0.4498247843078567,-0.7272282967223775,0.5880255795899907,1.213301907425409,5.852209652865668,0.3999598962684969,0.5288642455790175]],[-51550517.97800246,-51550504.818270445,[8.467191613665946,1.0,0.0,1.6639380409605715,0.41425894981181327,0.4347389671497268,0.617943796781258,0.3572044262700699,-1.4470677874425677,0.1,6.0498779874933195,8.942998474892423,0.37197817308787484,0.653911676721109]],[-52621493.73561639,-52621477.40822089,[2.1844699535313317,0.39748126556351915,1.467850675473065,0.421054998066593,0.8023305284825539,0.3989487733978152,0.9254976604096496,0.7400746370444234,2.86379182008134,0.6770352009717224,3.870636238590117,1.8684012194707806,0.6781940623206308,0.6702602049235743]],[-53668098.07199196,-53668097.93035579,[1.2475170449094044,0.8719613896117467,0.0,0.6116182645927931,0.7642540380559887,0.19617806837653146,0.47307854062545945,0.6199910619382787,1.8212312197297864,0.43856419112981065,4.5595430400081876,5.1810030298798875,0.27853927796313216,0.3674101563649582]],[-53836045.917164475,-53836044.9290936,[4.926329620443717,1.0,2.004941869050756,1.529362128309046,0.5955462629942386,0.44156453107637633,0.41332423221117615,0.5472312815730196,-0.6345711577724485,0.6973586728657712,3.1263642081814624,2.6240244327993887,0.46781578514170824,0.6332522083620579]],[-54454631.82729179,-54454631.82729179,[2.574036982083809,0.9954102449308142,2.7300956923252784,-0.6163620459347361,0.5068256205897763,0.16315428722844155,0.4608346723175708,0.3826020892178889,-0.08028345790991018,0.2528825640039677,5.412645492504524,2.6404257089589382,0.43309737348517746,0.6681993589960529]],[-56922810.69291954,-56922809.354411125,[10.028505523653731,0.0,0.2598102184145623,-0.2751667900488061,0.7205792754568777,0.5968614849912613,0.3874357059074728,0.38114777560320867,-0.7564474742381176,0.8076177056455691,1.2451242739349508,3.441260935755191,0.7155627852801246,0.3676948754512942]],[-57464239.50441972,-57464237.099111795,[1.4456978495204655,1.0,0.0,-1.684077900493004,0.8118811482513613,0.5853198449642771,0.3826268761963144,0.5746933951081656,-2.1840106601071727,0.42568429330514046,5.462930609650341,3.7204682933004203,0.4486679580274703,0.39217223821063757]],[-57843245.050603576,-57843244.903428435,[8.414144908310831,0.0,0.6758339208102432,1.030653514964561,0.8751007946720825,0.05904263399870918,0.29910330681185227,0.5420919977418429,-1.450475244138487,0.5673890980202433,3.3342370488997615,6.979349457554196,0.45716752709984343,0.6475829572405538]],[-58373282.98977404,-58373282.61755955,[4.341814739514534,1.0,0.8342623403439636,-1.2543736709889008,0.39944389007233766,0.7078044727473488,0.26419207357236835,0.32792186909440035,-0.16835341903584192,0.48679769020496977,4.9193843317090336,4.192554309246015,0.5181175040097618,0.42969123224411815]],[-60359815.39099578,-60359815.27077091,[7.919609767391014,0.8357335531234638,3.141592653589793,-1.8820143653993884,0.6036808694148027,0.363285527983356,0.5607405635563301,0.5264006161705448,-1.7353569117731256,0.9,1.0806554159136015,1.7016591351321217,0.6577216034559475,0.6482625360119855]],[-62368047.58091634,-62368047.580192566,[7.536970211330694,0.24153255740311946,0.30653247391450256,0.5604706677469904,0.6662971412232257,0.027433935026036305,0.4158123249291295,0.3832507953428169,-0.9787634539725489,0.6960529409897426,4.317578236137748,7.59841654180419,0.45971474993654915,0.6006745416125224]],[-64378765.402386114,-64378762.13174653,[8.826792390350722,0.6924446408085434,0.0009559679596360393,-3.5007845105752753,0.7844017171957048,0.6204934908304505,0.6662630996481664,0.1876397297716983,-0.8447981126055473,0.9,3.7641532486727853,4.887019472739294,0.5182525503497012,0.4128391074867981]],[-64656183.041927695,-64656183.041927695,[3.962208280031578,0.8533047794368104,0.8651921312136952,1.224033490746718,0.4307945432301549,0.6261002558038418,0.23397889456196247,0.5048590015725485,0.655340227520123,0.39542493754552444,4.049863830894888,4.975087194622058,0.37799595753932125,0.6691647722949551]],[-65602901.41389626,-65602900.34882772,[7.011297199053442,1.0,3.141592653589793,0.41338524967931345,0.3796080450862173,0.6671249449706617,1.0,0.4981872159161048,0.9706728882179718,0.3807719990233727,3.9098199250900887,3.115298898236078,0.5514743250037573,0.5514171412396933]],[-69084607.89152974,-69084607.82006454,[4.963718888140431,0.0,1.3698807250766134,-0.10239885298363116,0.4838683771321682,0.646606288531278,0.31533156820067165,0.4533311756399009,1.1727044573298824,0.7071106630469906,5.1374386143006205,1.9305994661077719,0.5957539067075479,0.4914911050627995]],[-69156302.33989696,-69156301.49373126,[0.011649320057838253,0.30385775096977286,3.0706676607610754,-1.4483213114058333,0.7986141537747029,0.08893291495436861,0.1271568604989362,0.29984486221701445,-1.5254787083878019,0.5807525284900273,5.054140367553126,4.038381574781454,0.4925312206592854,0.6356556206556033]],[-69949397.79325563,-69949392.80099821,[7.589518254488665,1.0,2.514386009748203,-1.2103639450130999,0.46268109671912916,0.4728972543600017,0.3997775420654086,0.7167144921647433,1.4725592742288915,0.75068253561606,2.3472787083180413,3.3392541920955177,0.46888605043826076,0.6903256849071739]],[-70385378.68587096,-70385378.64503968,[6.49173076936273,0.658243166328381,2.9683029527812788,2.812202843963322,0.6642108977876254,0.6279029826748079,0.718023533329614,0.5957600571511664,-2.0480022498279387,0.6300544697523253,2.576163769904108,3.047746783286683,0.3153671095084738,0.5843180318639027]],[-74991801.34171684,-74991791.38928187,[5.118922360357389,0.0,0.0,-2.7942115519815207,0.17422952313434953,0.659446688072431,0.08335148591027897,0.3946317946815433,-0.08476143286119238,0.8983993632777159,4.834307458960036,4.5110038338160345,0.5433406397208558,0.48745243709787606]],[-82201589.94356447,-82201589.91993701,[2.741779469791296,1.0,3.141592653589793,0.7519382459595562,0.7410325221843052,0.7905792977506321,0.3948453772945113,0.783074007184266,0.9394178711293539,0.582527528783454,6.816694198021488,6.276964847072071,0.6897874033070835,0.5416182649168257]],[-83561047.84401649,-83561045.97009355,[4.486110429189637,0.0,3.141592653589793,2.8222876523781077,0.5342659639175754,0.6557921197250447,0.21382600946994312,0.48172406268651113,0.9848711307622469,0.9,1.1684512631073054,7.4443918074693,0.4294528606702869,0.6137964017719991]],[-83777793.78660046,-83777793.68322873,[3.2404811496009542,0.0,3.141592653589793,-1.3777409770157067,0.4545156339772751,0.666483057465617,0.37397551773044246,0.5699051674769846,1.4435715146273407,0.8483574178068347,5.0139461687314055,5.874469859156744,0.62034932941115,0.45433322014310173]],[-84168892.4659285,-84168892.34451604,[3.0692086597781447,0.3151312651137844,2.2658304066432855,-0.08221878924030947,0.26972160997650624,0.7031509554584897,0.9295579723475016,0.678278604407131,1.1864499818205323,0.6025220187411281,6.112317501384375,4.914489756086661,0.4058601587317691,0.5209407192947515]],[-85874642.7160956,-85874619.54842341,[1.1176932767989376,0.0,1.6142345284848438,-0.3671665561921982,0.6710972081836202,0.6604580057570064,0.204650408168276,0.2546730439863377,-2.1908721920890573,0.6023255680351186,4.6563883894020215,7.3643082268849085,0.29952108178048353,0.44431884629952173]],[-86183819.41643676,-86183818.59738076,[1.702138552870875,0.0,0.0,-1.0461039705204,0.31087988072519623,0.6462855694981846,0.23015300357755625,0.3732826900092837,-1.0738466065113887,0.6508208386299306,3.977333721011379,4.6925052261260864,0.4333392588081628,0.5207337233530772]],[-87872114.3697776,-87872113.17793775,[4.379856398261026,1.0,0.0,0.6487009826451381,0.5266517251308805,0.0,0.4093929276989208,0.8084983459748273,0.128162205259816,0.9,0.0,4.909246235705662,0.43908028221102535,0.6469754086925278]],[-88643583.33429098,-88643583.05082977,[8.019983555642494,1.0,0.0,2.79115811355635,0.5616091840668584,0.06542313320184617,0.6212967504226901,0.441280978943856,1.3916673122365841,0.7181165630727128,2.6514487938150975,4.226366060877031,0.3570581934033834,0.7233248821879996]],[-91570285.84074916,-91570256.55055249,[5.549371774383437,1.0,3.141592653589793,0.21845257213541483,0.22412405456124024,0.7885271689701203,0.8380232665341143,1.0,-1.8335471659538776,0.1,3.277826560101203,5.263196404583551,0.4237132414912823,0.45611935185257013]],[-93011908.54663979,-93011907.42942357,[3.196565136911018,1.0,0.0,-0.021618902705065193,0.0,0.7319938754552998,0.4414054504579664,0.4553808307104002,-0.4188901565489752,0.4892118246020709,2.4381941520268677,1.493020956939601,0.3735012064836444,0.4253061424925535]],[-94636869.98127061,-94636866.06726778,[3.915648357925132,0.8999288332490751,2.8297918458324283,-1.6146152054115577,0.24499348158017004,0.7502818752118209,0.27129369417817617,0.6472319902409962,2.178541088740092,0.15429696752592847,1.8924970257740408,2.3247320097335127,0.5321811518744054,0.4947919431744533]],[-97727610.20021683,-97727609.63462245,[2.630547267278748,1.0,2.5270232558651724,0.19510195251356416,0.253679497254616,0.7568982877124315,0.5492487085516113,0.6791477387229766,-2.3889244983335582,0.5652418502927254,4.762400536881182,2.9274493783901225,0.44984871888436095,0.6506762565540675]],[-97791984.54405679,-97791969.3068192,[3.563551865023122,0.0,1.3899163201049671,0.9244584153566215,0.22444830683225725,0.918734459210556,0.23945484677982465,0.37319770810003083,1.7365663954080508,0.8469136647822616,3.714093670654552,4.685106008730329,0.5814248106440414,0.46209240378384353]],[-99658731.61218466,-99658729.51426375,[1.077055040216544,0.6446563773706826,3.141592653589793,0.5032398023606242,0.007371023569262336,0.41137599633579497,0.16358763985622787,0.3228734867095896,-0.5685995500614576,0.8388531849772093,4.652167970839347,4.0314794873255435,0.3570977199629523,0.4036951272753367]],[-102410060.27155814,-102410059.75966346,[1.9248127681156157,0.0,1.8230062764654078,1.4422973844502749,0.2345159184687754,0.8709366208114001,0.6760553212630704,0.4993467950491089,1.2450516446456197,0.9,4.944021393256047,3.595092702070996,0.5349402118326746,0.555708998938208]],[-103600141.36064379,-103600140.79041731,[3.3912865086352877,0.0,0.021091038738272783,0.3929844530651557,0.1699699524170089,0.8506079859907184,0.3123284865005164,0.28423681152743574,-0.9424625367529599,0.6324809683642552,4.433320648664222,3.9769579328327223,0.43487840262686844,0.4316673187658814]],[-104519245.18763408,-104519244.86590219,[4.626050005471276,1.0,1.3979516530641694,0.4545232113613602,0.2397365164825651,0.7238184124837477,0.5397026426037298,0.6710586987699261,0.9123802549285785,0.1,1.8629037274063478,6.105758208558401,0.25327173059461716,0.5509741920133828]],[-105949200.67109036,-105949200.67109036,[7.414480962638287,0.19702321171691667,1.7192553073926786,-0.0787069267081083,0.5874274288313458,0.539153156111549,0.6737785334765702,0.5855468743613366,1.678321783736588,0.7471734854924538,4.208199422703218,4.040110932293256,0.5052668892359323,0.7367993678122993]],[-106350407.81846915,-106350403.57966113,[3.9949080042642726,1.0,3.141592653589793,1.4414570665723465,0.9396166628031677,0.5230433420836146,0.1833956949900294,0.0,1.3482235087470187,0.9,0.6495057524916712,2.5318595607902896,0.3228251128388564,0.7445902940136571]],[-123543819.72855952,-123543819.06141567,[7.254459937914333,1.0,2.346793478368009,-0.7761088918895158,0.6376103047454205,0.8689749138619839,0.6419482348849985,1.0,0.4378842755922159,0.1,5.373616781626246,6.5862842710628415,0.5747236065148359,0.3833032015758517]],[-124509304.0237204,-124509297.76254332,[4.333569435006896,0.0,1.4185502128483287,-0.22543480665444854,0.4334669407912919,0.7793377165970883,0.278333135407705,0.7016680104839503,0.1937226159973312,0.6050832035149692,3.5277274368449327,3.847507744708845,0.6675963460306108,0.620671502461405]],[-125105708.37944616,-125105708.1124655,[4.09380014535006,1.0,0.0,-0.42394869635462806,0.43405766979028504,0.9105818679872282,0.4396468312014785,0.48322185903004417,0.14932942062398974,0.6045808643496355,4.438817703216372,2.673111928648466,0.5580787478616864,0.483895151326179]],[-142950895.11168498,-142950879.5275104,[7.596918840555112,0.31012902361491435,1.4725218848890356,-0.23735488104864488,0.32432778030081416,0.6413761335933319,0.5254091509997943,0.017872395086969195,-3.947652247884367,0.5129945526875108,5.434490042212981,6.905687581367799,0.40365776498419526,0.5951785248050374]],[-162320032.6161343,-162320032.3689345,[3.703631637211865,0.4963470410291504,2.8782505433155383,-1.5868094343612742,0.5491150479102325,0.8579798062940738,0.33507389578721575,0.8290206671547184,1.2666796411168295,0.26943169698887404,2.575602260630922,5.293546134716086,0.5982485776854292,0.6543043739792811]],[-168372187.6794624,-168372171.70417416,[1.7481492889323222,0.3257561791808252,0.18661996785950064,-1.3053740722737204,0.08574444089664307,0.9071781051072405,0.3588581333453906,0.3596251550828411,-2.6958173541300656,0.7955746239641894,4.174528915197752,3.978763569652199,0.4566268805403858,0.45649481361131766]],[-169318752.72514042,-169318752.20678866,[2.7694363055837843,1.0,2.967040365284984,-1.0168593077869739,0.13008219916989344,0.8882248071786786,0.34772577343425515,0.8430988325789923,-1.7532324396589734,0.25183101529022045,5.620887010556482,2.4737045507945776,0.3267320176841113,0.4478758056760753]],[-173159534.79350334,-173159533.76223063,[5.654311342204547,1.0,3.141592653589793,-1.0911087500381484,0.4299923653624443,0.9941604661250316,0.7701743217368706,0.7944813454609914,-0.6899021176482758,0.7429287511091222,5.539319874931522,3.4156824542845197,0.4125514770681033,0.49920082768843277]],[-187146602.73315284,-187146600.5305313,[2.064480655022247,1.0,0.0,-2.4764685395967336,0.06842018900450864,0.9735039599983373,0.4912052309060361,0.6365254440748727,-0.35135324718176697,0.7334830890916952,2.0256232120225897,5.279308495912041,0.4357370200361006,0.47485779238130005]],[-219741950.93627164,-219741950.42550176,[0.3634175110595894,0.8721891101718978,3.141592653589793,0.02377125528147579,0.555167317975298,0.4872715120609824,0.639593900997621,0.8044887432339729,3.283278488595915,0.6345108191914601,5.918667098090246,4.832577717874316,0.5169876516955368,0.456999760268068]],[-253008503.17235464,-253008497.31480896,[0.0,1.0,0.8892921812624124,0.10970504571540421,0.45343386396380986,0.45529682800944804,0.5579484170148163,0.15690182570809585,-0.32536698568148137,0.72262533011307,1.7606771229373908,3.3959755557411864,0.5841406110027805,0.7335013412105129]],[-263310171.94445205,-263310169.25838262,[0.0,1.0,3.141592653589793,0.9742112978989261,0.392855679151074,0.4878591180175466,0.3114242694312366,0.4147633933414231,-1.5839737198384751,0.7107905668476632,6.345876479780237,1.6899633987776412,0.5251613736591509,0.4510837260231747]],[-264366216.47411874,-264366183.70383674,[0.0,0.7345721722423758,2.553856999407856,-0.6683808448131262,0.6200646866204478,0.47917197858461763,0.5292007614013053,0.09406853090605655,0.45276019779316345,0.7677527956898205,5.638231300272161,3.0300352809360795,0.5813617450951032,0.5090912088532449]]],[6.0487065564939355,0.6008024135844007,1.2071567108741454,0.7332945514711341,0.438917388057784,0.3616484488778438,0.5800070676848268,0.51661554687962,-0.02605118564726915,0.3222418431526983,4.221138158558848,3.4970162480780167,0.552704541237715,0.39628503599220943],[24.456935405405346,3.5946837513277154,9.14174857824678,8.936171143380118,0.2558321027121752,0.24891321162411587,0.24350412625993553,0.23163044650294928,8.57956139250446,0.2524618303630962,15.469264077368683,15.783382493165195,0.039962983348490244,0.04463158085458857],[[24.456935405405346,0.15875169943143141,-0.23841534681792967,0.6802436440872504,-0.006018239147899333,-0.10785499306129798,0.0003931878975638251,0.01612384459928345,-0.27133939583125877,-0.15476745249478427,-0.23170342213783335,-0.08822957807880275,0.008035116261501319,-0.061997262089793094],[0.15875169943143141,3.5946837513277154,-0.06487813086644575,0.02456020443997893,-0.0005072725617491255,-0.02222283131470071,0.005396975162064216,-0.009299040043336992,0.0020994897815863004,-0.024571948879243025,0.0921592982512719,-0.09210726902547353,0.0014562466831328797,-0.007127516550418902],[-0.23841534681792967,-0.06487813086644575,9.14174857824678,-0.20525131059539053,0.015849964354614086,0.035576159103880504,0.0029290741399589683,0.004227879070981578,0.14498908394369472,0.051069492750256636,-0.2852797272480209,0.08402057190560422,-0.00765426657037623,0.025836712055738977],[0.6802436440872504,0.02456020443997893,-0.20525131059539053,8.936171143380118,-0.023205962416931167,0.0015252795438386215,0.02202716326273841,-0.002291280094383183,-0.39166416122450803,-0.04141489278394588,-0.33251398060955045,0.14229411671198652,0.01506157779245617,-0.07116072521009457],[-0.006018239147899333,-0.0005072725617491255,0.015849964354614086,-0.023205962416931167,0.2558321027121752,0.0057490023702679045,-0.012556244456624012,-0.006016520718147061,-0.02070779846809919,0.00492904545715889,-0.12178729028771397,-0.06647590746391896,-0.003090049045601983,0.0027753038251893385],[-0.10785499306129798,-0.02222283131470071,0.035576159103880504,0.0015252795438386215,0.0057490023702679045,0.24891321162411587,-0.009208603435177116,-0.0009705545188301581,-0.031632061048031124,0.017556924282846987,-0.0403001727073611,0.09324919718985542,-0.005005829290180909,0.005929577807627807],[0.0003931878975638251,0.005396975162064216,0.0029290741399589683,0.02202716326273841,-0.012556244456624012,-0.009208603435177116,0.24350412625993553,-0.000974730700537294,-0.002030954138592454,-0.01240537901011346,0.061514709738028764,-0.022168190574256168,0.0023090130426265095,-0.003958184623254215],[0.01612384459928345,-0.009299040043336992,0.004227879070981578,-0.002291280094383183,-0.006016520718147061,-0.0009705545188301581,-0.000974730700537294,0.23163044650294928,0.0035154276976139135,-0.001365206996435293,0.008709655550769435,0.04718836386392419,0.00011229330622212973,-0.0005580320609843428],[-0.27133939583125877,0.0020994897815863004,0.14498908394369472,-0.39166416122450803,-0.02070779846809919,-0.031632061048031124,-0.002030954138592454,0.0035154276976139135,8.57956139250446,0.00585671324447451,0.1425555865104196,-0.06544411163313094,0.0053707244990182906,0.023289049056320135],[-0.15476745249478427,-0.024571948879243025,0.051069492750256636,-0.04141489278394588,0.00492904545715889,0.017556924282846987,-0.01240537901011346,-0.001365206996435293,0.00585671324447451,0.2524618303630962,-0.05059950048955174,0.030733697503328095,-0.0034559448906647822,0.00909383427033308],[-0.23170342213783335,0.0921592982512719,-0.2852797272480209,-0.33251398060955045,-0.12178729028771397,-0.0403001727073611,0.061514709738028764,0.008709655550769435,0.1425555865104196,-0.05059950048955174,15.469264077368683,0.17957407419995733,0.0041469798003364285,0.008148021572807624],[-0.08822957807880275,-0.09210726902547353,0.08402057190560422,0.14229411671198652,-0.06647590746391896,0.09324919718985542,-0.022168190574256168,0.04718836386392419,-0.06544411163313094,0.030733697503328095,0.17957407419995733,15.783382493165195,-0.023774865988011797,0.021018184089081113],[0.008035116261501319,0.0014562466831328797,-0.00765426657037623,0.01506157779245617,-0.003090049045601983,-0.005005829290180909,0.0023090130426265095,0.00011229330622212973,0.0053707244990182906,-0.0034559448906647822,0.0041469798003364285,-0.023774865988011797,0.039962983348490244,-0.0035530747104130476],[-0.061997262089793094,-0.007127516550418902,0.025836712055738977,-0.07116072521009457,0.0027753038251893385,0.005929577807627807,-0.003958184623254215,-0.0005580320609843428,0.023289049056320135,0.00909383427033308,0.008148021572807624,0.021018184089081113,-0.0035530747104130476,0.04463158085458857]],0.6370134727496906,[[0.0],[0.0],[0.0],[0.0],[0.0],[0.0],[0.0],[0.0],[0.0],[0.0],[0.0],[0.0],[0.0],[0.0]],[[1.5886865875393732],[0.3817641871824715],[-0.8767495827080444],[1.8514477213604756],[-0.9253410853928629],[-2.095889000330749],[1.2120278504235151],[0.2517090820957091],[-0.0657749443366399],[-2.692860055659066],[0.4187530157031448],[-0.9524632218141686],[1.9960540259876274],[-3.927947508909727]],1,100,31640882.09543447,31640888.5370273,[7.694765817569734,1.0,0.2818887973414561,2.207156999809383,0.32940899685708636,0.26132501435090094,0.5928186545791866,0.5669483741386274,-0.909699271860188,0.1,3.646988895180931,4.629675982500231,0.5849286280584736,0.20295667994373556]]
