["generation","mean","variance","covariance","_sigma","_p_c","_p_sigma","iteration","num_evaluations","best_score","best_evaluation","best_solution"]
[[[68199008.14813784,68199008.42493987,[6.72965195162449,1.0,1.1212455973239537,-0.35211323580832166,0.9760148123877341,0.47678020521483,0.5014002909653159,0.6542497912612673,0.4515213513898442,0.3813473694276716,3.7534006676742275,0.053266840826523776,0.4137501575873652,0.24942433082491938]],[66238056.20382026,66238057.61233282,[2.8068552422593434,0.0,3.141592653589793,-2.638016425883273,0.8760751091108376,0.604174808052983,0.7335045873183876,1.0,-0.21820987126965435,0.2450874163683826,3.2930079275057555,3.1482432583186344,0.5706496757474124,0.3480688409249653]],[60029875.98557345,60029875.9920547,[5.235006760849595,0.0,2.717692355930052,0.3558948061272276,0.0,0.38813851565220514,0.5386150313076561,0.6119199292255988,0.7021593716225608,0.429970423579939,3.112072437950304,4.923157410931133,0.49321817328286477,0.28864069641062706]],[54479846.79274031,54479847.56646085,[6.282914084432402,1.0,0.0,-1.15994769739009,0.3976192783886314,0.3021455608148981,0.6905825876654357,0.49428270529009727,-1.4836050335796198,0.2755086959441096,5.695457047677946,5.541568296579779,0.5260521326369866,0.3188597214457345]],[54362375.869126216,54362375.877795935,[3.05731363891577,0.23634701739794367,3.141592653589793,2.3699545659615584,0.3953838794972062,0.37608407974163094,0.4990550410503289,0.8537954516718127,0.12052726321908666,0.45928456495604647,5.229371949575617,2.990245648100738,0.6888921765462428,0.3105507386216311]],[49937393.20674967,49937393.256625414,[7.19786853880532,0.0,2.613652044707451,0.016576824855941856,0.3318343604256777,0.47606850278259255,0.7627402802549674,0.5191685249088878,0.06827882894686066,0.251740628401527,3.135856456867141,3.772546569735153,0.5520718332567575,0.46995937698007634]],[47235979.174963355,47235979.174963355,[4.174426972357003,0.5747767054117969,2.628221516574256,-2.48870022040468,0.8945728427215145,0.34475106787798393,0.5493831159989712,0.48650109627665417,0.21014629570736446,0.2699738357849806,4.684734661635282,4.074799403981797,0.7074626937471366,0.48678839258809414]],[43726266.982617974,43726267.00914049,[6.571710621029297,0.9354389735420634,3.141592653589793,-0.3896230436385009,0.33636888046823077,0.4546891424717353,0.461868432864494,0.7303947202806933,1.2403338790749625,0.1,5.140914128391321,4.157804595861297,0.5429966982715979,0.43082828996800165]],[42906564.196539365,42906565.310871124,[5.574898705913087,1.0,0.0,-0.9380726131240665,0.37335627222641665,0.6052266874439197,0.27431850879259756,0.7555957069825958,-0.38104376822381975,0.1,0.31574998249680153,2.5311851312518803,0.4652004793325416,0.46100091888437345]],[41084817.036390744,41084818.4653579,[7.790888264294871,1.0,0.4597981497928083,-1.6443583313528067,0.2932764283828785,0.6556724575822599,0.5499658576967518,0.6261644211523173,-0.40481838829833117,0.1,0.486886544068315,4.9680164644120195,0.51244697909836,0.48340305016823615]],[39637875.1413327,39637893.55882251,[6.568154664160212,1.0,0.5323045165915845,0.6858167580439043,1.0,0.5718877870900849,0.0,0.08961799892733713,-0.9499533662210133,0.4267197306628742,2.7195937572586715,2.7936012371579935,0.5727248908824258,0.44441585602195577]],[39394372.78592644,39394372.78735399,[4.779120214008934,0.7353696414546443,1.8648285554400346,-0.8855184666054501,0.17902383909279745,0.5461298610195213,0.2977626411121631,0.7251046477047631,0.3202205016454627,0.1927798284374987,4.439339605058306,6.92772189850321,0.6453203043604088,0.5095494397620668]],[35519711.64857964,35519711.648597,[6.329420822677854,0.8651228168038336,1.7676971250320572,-1.1675499726252183,0.30027988452423093,0.6504458352282103,0.49852726389673563,0.5970552334963442,1.4443372105053491,0.1,2.463530384454163,5.793562702484913,0.44409090368015947,0.436898629766772]],[35083178.34813132,35083180.42740595,[6.146177436094874,0.0,2.2417930282171294,-4.0,0.5505933683107166,0.5017793904887712,0.6395596885521699,0.5859750029473769,-0.9444378882949602,0.1,4.4251077488535335,5.429280663122427,0.6600498634057261,0.5882232218216557]],[32350587.087657854,32350588.713823915,[7.064528772886483,0.0,0.0,-1.420104167141449,0.300579172465823,0.5030538998509563,0.49439634801951926,0.6740231819756011,0.7503534978119467,0.12013745183621427,3.9035288605555363,7.862429465659924,0.5085233658270424,0.5971000482564726]],[32313421.224101387,32313421.309850812,[4.25265380795215,0.0,1.0469108913093796,0.3794739803353643,0.5298412617914758,0.3230573767911704,0.4056771200333299,0.5768363930597917,0.9621330414332857,0.2449769233430507,3.78232477496802,0.0,0.5382630872763728,0.4745158072504304]],[32269768.814006925,32269768.814006925,[2.560756356200913,0.3006275937380749,2.0973244165642395,0.5621963528610731,0.2365608006251642,0.6132781891397101,0.4871919712215583,0.35098045502524566,0.35383250158993546,0.43097982983367666,5.211973945370615,4.854467285255146,0.49770632435534096,0.4579365587100579]],[31739602.460856676,31739607.299281597,[4.2070322650019865,1.0,2.715368772164434,-1.057999717622263,0.6977171701881971,0.40860355249890434,0.636395262489819,0.425908491368259,-2.530080256838346,0.5205524149625196,4.371493189255556,3.3020908891442033,0.58545899525026,0.5260047536748097]],[31212124.731891785,31212166.46360141,[6.2221067759144155,0.0,0.09474496650192332,1.8961633065674701,0.3738455996057436,0.579372060564539,0.768883533817933,0.17705485914646674,0.16279722007976435,0.1374254840693086,6.480710599489465,5.347899480679323,0.450215156391902,0.2666662462512137]],[30908137.60339702,30908142.56081271,[5.267153651502422,1.0,0.0,-1.0207627697322557,0.32447462960154727,0.30077028907489706,0.7394003824818056,0.9804899574766126,1.1560606775225868,0.1,3.8013489324312966,6.257597906532345,0.36658082861524677,0.4220670317659474]],[30733036.415319018,30733065.455463767,[4.769954472074585,0.07918203394228884,0.8841888513483063,-0.9506291105913309,0.47180978824479824,0.3910444633068773,0.39879845662665425,0.13402970709748785,-0.1815166145793504,0.5203152685591496,5.384622964433008,2.6700471830756607,0.5955409966853361,0.3425974010009296]],[28992769.47404449,28992790.535349607,[4.620528878486951,0.0,1.2721037151462222,0.07335634830520535,0.6410160811913225,0.7121558227643536,0.46641747396161987,0.3841874130677951,-1.9243613025995525,0.40783363832316194,7.92959134857642,5.001901990902417,0.5346872100815123,0.433830309472238]],[28750965.010778528,28750965.087834835,[4.001260184010818,1.0,1.4982933266332188,-0.7205301187386849,0.6639320390346201,0.629051318859835,0.35707469576179846,0.46879871444998183,1.9003196072494428,0.21855941761500908,4.976417139611613,6.409926982914637,0.4789017282688252,0.375766547604715]],[28425373.611212358,28425374.37872696,[2.859639328738254,1.0,1.9257058795897712,-1.4705964301751786,0.5177093472179728,0.6268494175623042,0.17628666124581405,0.38524523261967625,-0.7712974913177034,0.4243875060754899,4.179533481508124,4.523664268845338,0.5929817787652897,0.47885731972231393]],[24002990.51155559,24002992.071482778,[7.216791517978422,1.0,3.141592653589793,-0.7029582338730622,0.4671819838628268,0.5229653645892406,0.35603217553992617,0.5138179343945868,0.01077026872038004,0.3847219384193886,3.330440453453538,4.568255304614535,0.6014158369617697,0.6518788971952069]],[23088531.349012528,23088532.117583394,[5.230148198199969,0.989645896954611,2.830007145121443,1.0928816426889791,0.39791818076886376,0.5643686599717489,0.0,0.3145227464962148,-0.8534411457593181,0.1,3.5044994063647352,6.741194071135017,0.43980439087547596,0.5692011929818308]],[22872615.88505243,22872615.88510239,[5.4284421737102635,0.08551557592260917,1.0069061915653497,0.3265800455006766,0.6814378487203487,0.7508431465809278,0.6137197307189304,0.7912193772076479,-0.22047062471042117,0.143489041926826,4.165448222049809,7.577342462991579,0.4677716537221474,0.4047564857205389]],[21707760.179348867,21707760.270938396,[3.0979328094824345,0.6213869689155905,0.3564494394035844,-2.2061227896036844,0.6752586434012277,0.5136852046249045,0.8545351263507365,0.7110484227426951,-0.8414935650701616,0.9,2.619909009757509,2.7291516571693695,0.4102950005725717,0.4453268180947467]],[18968243.621698298,18968245.123623848,[4.124213824516794,0.7238990056501469,0.42260811261478026,0.24117037867435231,0.7087550237448795,0.3699664168404332,0.400274917907857,0.3908495918186751,1.6043594259702678,0.33657936076345296,1.221148696596317,1.457258366769791,0.7504142210448534,0.6736398496150793]],[18631146.846233845,18631146.849786997,[9.20038574926257,0.9588831715823178,0.38456549631340753,0.03398913617941647,0.7273552891827565,0.3089266147337133,0.615473236626142,0.6450550317320068,-1.0938512312728843,0.1,1.8363919563687028,4.969121208488302,0.4482776892722738,0.5867469790662652]],[16897415.395628713,16897416.185990214,[4.927470133417495,1.0,0.547448229958013,0.025643581311038346,0.45063782639672506,0.5538315280462216,0.32922214403991457,0.6695649114185531,0.7760137865673402,0.9,3.670483461999953,2.6138218869519387,0.5971286421417693,0.40429636683779013]],[16413537.71756196,16413537.71756196,[3.6233376204372725,0.49155875050848735,1.4527319828392606,-1.3551043408270953,0.3368891270951294,0.8684466841641284,0.6377486878161973,0.5360288799484657,1.0558791939064092,0.2846083402021896,3.153601650217894,2.7406034090642164,0.6269037170535858,0.41520615897344626]],[15966645.190626513,15966645.578959107,[6.099009061858373,1.0,3.141592653589793,-0.13246627755042845,0.5984856156418904,0.49379700699783063,0.6291192403910378,0.5641632088234231,2.4690555213963776,0.5201462271997986,3.631927257373189,2.6899013829363057,0.49374752241386144,0.6267231462158147]],[15938636.174950633,15938649.991535068,[8.877982407994633,0.0,2.007174704849301,0.2991419346607096,0.3729174006347427,0.3677931919655235,0.5468856411584968,0.8262387189152003,-2.3971014812972395,0.14924887230774614,2.677425543974692,3.5227790672573667,0.5237438157155706,0.6181631738018675]],[15928390.31677013,15928390.437422514,[6.052242572793192,1.0,1.231363462810908,1.1819952307847614,0.13808088211293235,0.885645006357868,0.37598857777634587,0.722398387078068,-0.061032295675610526,0.49864781107663064,7.397048782710256,7.534279803407342,0.5232306402971645,0.4157050219682529]],[13531369.25974182,13531409.015617907,[6.1703633057262115,1.0,3.022416251509534,0.8181861080750148,0.5235740258677758,0.23487293262490228,0.6657058250327353,0.0,-1.0337845601093754,0.6783744353532236,4.48958662801256,4.294221954590775,0.5490812221073034,0.38928784107063374]],[13183047.89880144,13183048.90314567,[3.6868967689707137,0.06816445583410596,0.0,-0.7688427221202331,0.8200662075772924,0.6787768605455695,0.5755660846913814,0.8450790330686773,1.2904820084506066,0.5494153040273295,5.061629720644497,6.635244064686727,0.4323365178857239,0.4273294840229709]],[12645172.315569758,12645172.315569758,[2.9812886444432154,0.5972554320603712,2.024323578801164,-2.4027000917885237,0.6870833516842938,0.46587892540423703,0.6386767988665704,0.6554530205304234,-0.6861609913532123,0.8494568610536456,3.6929716395672143,3.365721139002745,0.47832410302285,0.4523591296695511]],[10873233.214919608,10873258.300180554,[5.074269998388348,0.0,0.4384855123764635,-1.075544096211171,0.0,0.5372054101035664,0.6231673025824651,0.15841903378253414,2.9851513806005707,0.41797825895033613,4.9085152025207925,2.6297713033198393,0.4613103713517195,0.4794553306725412]],[9859500.566150283,9859501.83336544,[6.042897303782727,0.0,1.3246390658061447,0.9452155728862457,0.6293450100058327,0.5010669039390103,0.4723669150107976,0.3501338110843594,-0.01711681087500793,0.47844886922203805,2.718703232189293,8.142644601472234,0.4604029488326532,0.5675734360980882]],[8704623.389251113,8704623.389251113,[7.530171536401953,0.46424219231890834,2.5570230005790777,-2.569608391493298,0.44088431614058643,0.6095483747797693,0.5686036252681952,0.18131106025007432,0.371215998398638,0.6462823860795932,4.597948137311389,4.291513778895467,0.3858490080693833,0.565926572449223]],[7526517.637520179,7526531.643352628,[5.897324754445615,1.0,0.07662751443134175,1.5289744674213033,0.9197824194683423,0.34572843431193456,0.6690234936438516,0.18000938374132408,1.45477507635847,0.4694622539625095,3.4872889094933797,5.5166320388673835,0.5408772944316985,0.4869590841969178]],[7060551.946616584,7060552.356521249,[3.3769376470220394,1.0,3.003216351096288,-2.03725325509305,0.4443975651583801,0.4802674152476256,0.5210415271108244,0.9023767999234903,0.9894499139989947,0.5565561574890487,5.086200261374638,2.422520541669714,0.5080404194614748,0.6505277317543161]],[5450233.005383332,5450242.224923849,[5.216890471462571,0.7162238157312217,0.0,3.300103107122704,0.514987738269486,0.6345114109835415,0.3715943874494245,0.24685759420515496,0.5242127000304652,0.1031982369742564,2.9671309700125086,3.449187415857581,0.5535076209260957,0.5027863146140509]],[5095403.926640956,5095406.260233045,[6.2915750952836484,1.0,0.9414199555537598,1.456070717074325,0.09931343753824129,0.3997681712112774,1.0,0.3089513151491311,-0.7040895147305067,0.5252621394517836,2.4799167229080403,4.48032904577912,0.5431386994039424,0.48748273381463636]],[4455796.154328266,4455816.712726593,[5.616208440347947,0.5458894510437668,0.0,3.0186222292065796,0.642798703123528,0.32476590515552406,0.832602703235723,0.6582561659671118,3.4762883584740365,0.23101717713359687,4.33520735003286,5.005317728799714,0.6360604432863617,0.5195638719963617]],[3639299.9492089343,3639300.994571924,[4.016492201899985,0.0,3.141592653589793,-2.3964056506751295,0.5229781731230841,0.6677817287551537,0.22149970844518596,0.4911174650284063,-1.0156919118844663,0.1,0.0,5.787721723045234,0.5637466973426525,0.46589511863616784]],[2979751.964682363,2979751.9717868567,[4.1423685791709755,0.02323487531243229,0.947604232722845,-0.5038756400810533,0.0,0.48790332660622415,0.4242380496413909,0.5221509481917254,-2.118389604524097,0.7212883642604611,6.414243934759542,3.2217491499523327,0.5038805224288007,0.6013048549451714]],[2291585.5041201944,2291624.245050907,[6.9177523602868405,0.0,3.141592653589793,-3.159970344342859,0.425362991808663,0.27973675466301395,0.0232734485037861,0.6427622267826193,0.932081273219973,0.7208151423016604,6.004863802294752,0.9931121528019884,0.5901595133320108,0.4907647734761409]],[2229750.8401566506,2229752.0607602,[7.230684351842472,0.09888362464330519,2.571823492359871,1.4426110820297784,0.5543519943107531,0.6169888559703229,1.0,0.5008561289496088,-1.5500721642008184,0.7828094049354605,5.641482308747804,6.12922851946017,0.42387481648118097,0.338497203156135]],[1581411.2452703435,1581461.720867157,[1.1107891905508556,0.9090144382089749,1.0221197219963243,-0.04511051104462593,0.36223365328571805,0.8452857178120297,0.5409235869703086,0.03374030720010762,-0.8675653902783529,0.43908949461046504,4.113780645484358,5.737316131412241,0.5406545494198353,0.32263224911152605]],[1333865.598987645,1333871.4725339413,[8.347895580015807,0.0,0.5609602766769071,1.1653690890717467,1.0,0.6013143114167717,0.6285138124962222,0.39141296120301505,0.9156774187431611,0.20451929367897576,7.593279916843622,2.4498727050026075,0.38214504825386003,0.5732508383469149]],[1031790.2841153138,1031790.2843575478,[5.130896634654868,0.05987331512787336,1.000850507531494,-2.702236200014549,0.5433473914086092,0.3279274101449331,0.7389112942738164,0.4836480046708087,0.7491965424273179,0.7874447397366968,6.79347672252147,3.517225400955742,0.5438834375288287,0.5540768226767002]],[316281.88353278924,316290.1290534735,[7.390352114604871,0.26504283333564466,1.703036308765004,-0.8114702542778405,0.4274698346065692,0.7686342208347603,0.49863809126252917,0.266648914810256,-2.35241921575522,0.6521583303945117,7.014336563897064,2.798435089605828,0.43263868636703323,0.5237796503746858]],[118077.08818730646,118086.69564890862,[4.847805747481332,0.5452167900860075,2.3983031347963837,1.2185541399633664,0.4303577716666246,0.7186619966381782,0.6810896399408781,0.9718560414799866,-2.2878605091588,0.6763818640050395,2.5179458226986893,2.888735974748913,0.5075980605467527,0.4819279384057668]],[-254791.12125963203,-254791.07941687107,[5.152327289783071,0.4299710238028411,3.141592653589793,1.4867774730243242,0.5208455157316644,0.5483158152756143,0.6465694778939888,0.5049829027609618,1.5092400901069711,0.2586739721357704,4.140821883425216,3.041916250897299,0.525122310190632,0.5912745276410447]],[-412580.7468490879,-412580.73737072945,[2.7708218765052868,0.4403522214194767,0.0,-0.9054708295489026,0.3806028661256985,0.33219356189700244,0.6452708553174908,0.6301243102069902,-0.011755822321317846,0.4499415418642315,7.893126159164639,1.6939406207481187,0.4155691227795136,0.5872355844755751]],[-839362.6051293912,-839362.5085287094,[6.305145969880801,0.6598829788297034,2.5886447357687103,1.261034223163184,0.31907034919771204,0.26480659579384114,0.6168906678629105,0.9263963256779211,0.1118899124701148,0.5243697944010246,4.30484298820682,1.9863151244330837,0.5093887849417306,0.5934527511902955]],[-1503813.3317744464,-1503813.0597600937,[7.152807698000664,1.0,3.141592653589793,-0.484555340668667,0.5585564090726457,0.7553777942480522,0.6813330967694765,0.7571741940538458,-1.1398008388451657,0.5199202067363872,4.516409089374289,4.036681496631913,0.549569552842424,0.5292049797925473]],[-2359070.715906292,-2359070.714697242,[2.572275268320677,1.0,0.24643495199806775,0.9428774230209681,0.1287106355087152,0.32720336984706166,0.2775514032938854,0.5160027109715213,0.434888485302671,0.23279334766966003,3.643001066402698,4.973033463690417,0.42563889476886285,0.6058087400464631]],[-3153665.9268366555,-3153664.664809227,[7.686000681240451,0.7498225454996443,3.141592653589793,0.588925681821328,0.5655715463018456,0.6249066120671641,0.5316963155591096,0.5537929614849011,1.78456184896867,0.9,6.887796873798692,2.281085183485272,0.4641920983428504,0.5383470621473452]],[-5871535.80125103,-5871533.7393324375,[10.542726240865687,0.0,2.1949226909106008,0.1969269145349294,0.6657807563046524,0.5286699902107427,0.4620213405484449,0.6722375670152331,2.4244394002532097,0.9,3.9609348350438327,0.0,0.426742333192465,0.5888438621099663]],[-10516326.530295404,-10516326.52104795,[1.4925620328890892,0.1937393529968463,3.141592653589793,1.0531602875898811,0.32554311799133895,0.3935150422768723,0.6489072454925131,0.9254737587899341,-0.6636876656823895,0.5952163488912281,2.0570420442082007,4.093743343597774,0.39834438634477914,0.34715757140867487]],[-12001014.555280766,-12001014.406275988,[4.472314481328597,0.0,1.0037653143571372,3.3229340885588714,0.7039148867634089,0.5754171499590361,0.7276962923969126,0.5137142328670231,1.7930491425359647,0.4969951802172228,6.84918307985625,2.2862516632253964,0.5005738173655718,0.563831542052839]],[-13593933.0233297,-13593930.411162853,[3.792583405503363,0.3095240395466706,3.141592653589793,0.37140182091306556,0.8374355845639523,0.7731860974920939,0.3175002244658628,0.5149594854957247,2.044575144487064,0.5000217468180844,1.9337953724823622,5.328752466331576,0.4714233928854923,0.5353400292056605]],[-16081971.28156563,-16081962.938774467,[5.85483764718776,0.2534986690164708,0.08720409170774501,-0.6636621049593122,0.4542312437455599,0.8439797900157906,0.6377874475031928,0.1657170536250845,-1.3467711050102544,0.611807399728957,4.210129186706148,2.808885077536611,0.5321353796758063,0.5472655380867806]],[-19185287.490528006,-19185286.903965056,[11.094453543999553,0.5517832888455952,0.0,0.2999946393495711,0.7327540058330835,0.09032197543409487,0.2941846083949592,0.7989933773542217,1.7379357271508509,0.5713653536140575,6.010126156031136,5.158006569086698,0.475226743674109,0.4130886019358953]],[-19341125.02967142,-19341124.446070313,[6.655282255450145,0.8369732972286168,1.0228987586425535,3.6627083292970815,0.33563106348287153,0.6137930165114398,0.8958198924221914,0.5537791636484374,-1.970568064931184,0.4854283967614983,0.3359358796572205,5.086040722098523,0.44138355722716105,0.4749114488842054]],[-19392098.495517213,-19392096.514522076,[2.3181882827633626,0.0,0.7352919867566475,0.49365721648357447,0.8525744771383748,0.8722576714293644,0.0735957223380801,0.7320699559863298,0.4425253413414857,0.1,5.507075383690025,1.2712085819755052,0.46808191312986436,0.3660115543592263]],[-20278092.84321855,-20278091.651819468,[2.3663564728558786,0.9106724705468581,2.353960821546087,2.425641879765847,0.6809832104023272,0.8009033265098404,0.7408609257702499,0.17196301834323763,-0.17529582921669742,0.2950622736999874,4.482667450432692,4.316465766897196,0.46237352816036964,0.7458656560128141]],[-20424582.463225704,-20424581.99063486,[5.806160705062624,0.0,0.0,1.6098836919187045,0.3157667779162706,0.7340053179913631,0.3514417165301639,0.5763518903223996,1.0178101608948915,0.6546448911490108,1.654903860002387,5.8309799965401545,0.4331863755539613,0.5009651429808142]],[-22553401.94138831,-22553368.514008522,[7.065420081747956,1.0,1.6806936321343056,2.4172738885908016,0.2721976582670128,0.4945171473475336,0.7280395462699982,0.9192065207400149,-1.5008869923780779,0.5167199198162175,4.95066773499789,6.319168612639524,0.5930114666758366,0.5547496726475224]],[-25402197.842106085,-25402197.795289278,[1.3392905076214774,0.8450823030540713,1.5317175660219329,-2.101451439523128,0.5785998501927314,0.7790829538964165,0.42924669575952573,0.9682418193043882,-0.48167567316733406,0.4680523746860992,3.728681668845758,5.381822773694018,0.5874541159571749,0.4925377321943966]],[-25469246.583139867,-25469245.987317204,[9.35460864312325,1.0,1.9861808558625706,-0.9017522773298916,0.4850349926371259,0.28119581685822304,0.20669723047650362,0.40306930732296725,-1.5043454761517538,0.5564406776818827,3.7512983323700047,5.279247012219267,0.4277046812528466,0.7501171353084803]],[-26893773.844239574,-26893736.967190623,[6.738078025541196,1.0,2.286752922053223,1.6777509215626694,0.0641337988812335,1.0,0.6262892595447797,0.1301558400599283,0.3416480566185414,0.21621079025224055,5.53559562090788,7.415846599954984,0.560817916073868,0.6493675422244716]],[-27758905.05566322,-27758904.70690143,[7.992589524216433,0.0,3.141592653589793,-1.4732919488400724,0.7037164692003494,0.8594312822565541,0.44046242895537036,0.3563896142945475,0.03995096012498626,0.6824788261368263,3.9979864109595824,3.3473772212528496,0.405637269647945,0.5137142389526823]],[-27873814.867752556,-27873773.737894535,[5.373055672661217,0.0,1.1674043857046363,-1.5174545544030549,0.8152300467014826,0.5254163546210964,0.5666497627153031,0.11416747944330236,0.7338065493703583,0.8297237986895435,6.286594098861698,5.474295090218721,0.4820756702861351,0.5093846900347208]],[-30757962.028656006,-30757962.028656006,[0.8169507662593363,0.023532172812531393,0.36284549223993645,-3.6257485319582226,0.3511222102830317,0.15292809182187134,0.4805337116713043,0.2470977241330638,0.44295599587626416,0.23770424467540452,2.9619467913465862,3.877957271306859,0.5378675076662799,0.457774351081497]],[-31726400.867132984,-31726400.84887457,[8.288735468380786,0.5002176075894961,0.2525461851544766,0.8398063969234009,0.7576719060338606,0.039352777654683146,0.7784242892814919,0.6371223425170381,2.856621110104209,0.5414082956572385,2.8715673066222163,2.808871951670972,0.632458548867015,0.4526048325731287]],[-34630658.280478895,-34630658.280478895,[1.3558135577428594,0.6147921892034535,0.6996781981566709,0.017616666464624977,0.23896846608338523,0.0009883586284203938,0.38939298413840373,0.6085376179582089,1.4258537162798626,0.22515594460532318,2.0524537902188826,4.346991200317979,0.5755952927725984,0.5048822496820632]],[-34687654.21368604,-34687645.75472653,[1.2244983552342505,1.0,0.9245614724482218,0.11768979354942752,0.44634563282227613,0.3802527591801774,0.134562684566081,0.315713648734671,1.2166984733249826,0.2736862173584294,2.346041874216917,8.199356071433195,0.5254035210159076,0.49829116822654723]],[-35750566.91355689,-35750555.078639984,[7.406785656251312,0.0,0.48020072033799877,0.69535109447421,0.6132929292250717,0.046155927142496056,0.3527292294694595,0.7560094829194006,3.322989318280656,0.4198039679435109,3.3272297108304607,3.6274780676866256,0.5198449817536211,0.49935659567751955]],[-38663726.69703339,-38663726.311168194,[7.902884115091126,0.0,1.69577921593404,-1.715993912577885,0.6581647269256148,0.834250869419746,0.25059580878824494,0.8153470866414719,-0.30861792860742204,0.5851952462356332,3.5306800565198935,5.441412682930428,0.37912698534767286,0.6027531245465841]],[-39184746.39379486,-39184744.469692945,[6.452239511177851,0.0,2.096142094867049,-2.0151708708197984,0.39943523357401284,0.10754984980697102,0.6730534443858651,0.6345557390841821,-0.6876770250212453,0.3003449695175954,0.0,2.7701244530351925,0.3428054849229612,0.6116299390799423]],[-41238316.515349194,-41238316.2774902,[6.875566452625431,0.797469645983476,3.141592653589793,0.508706974398885,0.43849368985277115,0.0,0.4213473039169996,0.7555323966698824,1.1798447483929553,0.3625239465949768,3.7536607201366254,5.263551251841565,0.5594164020757555,0.5070933746568086]],[-42580980.523603976,-42580980.27444661,[4.345096834497316,0.0,2.0161828033958313,-1.7226907744597195,0.36736724126776943,0.8664816987338021,0.6878770422719975,0.8949149148108546,-0.35478946349502144,0.7155502340298732,2.0560902303983104,5.975392154297358,0.48455177249857095,0.4093200659432239]],[-46996708.11853377,-46996707.99084252,[8.709430928341707,0.5902049935824305,1.574614565223934,2.070224309376769,0.5226121520502092,0.9528826949196625,0.34416831069041437,0.7942210938731689,1.1955418584910853,0.6395855494991332,1.0990528690977848,6.021202160147591,0.4762329513457041,0.5542273613081945]],[-53003716.36371684,-53003716.36371684,[3.7140215221517323,0.9460895070696129,2.44794625141569,0.2341618781662107,0.5185961602818612,0.09514827578435259,0.4196812924566153,0.5103075602171383,2.7248454607693944,0.6306803196567958,0.7861122713311488,2.3454986303174534,0.4146969282115358,0.5847554424307834]],[-56620169.61768506,-56620169.59450114,[6.310264792687715,0.3462653713109397,1.5880295655052845,0.3789064950541553,0.8792342034785208,0.7306911049118232,0.9202479360989084,0.9019294206873236,0.3635506171321289,0.4787530655919449,3.9554924711342108,5.9772062043789385,0.4258697160119787,0.60103187207571]],[-57609199.31114361,-57609198.13294548,[5.137227407150765,1.0,3.141592653589793,0.9054863463787608,0.5416167700522104,0.11878932994909491,0.6284907613798751,0.7289923139492982,-0.43129884205130264,0.8251486563547255,6.272813586680003,2.2843977858907882,0.3800292327597061,0.6178071477029768]],[-66755687.709272884,-66755687.22800934,[2.8232028330976027,1.0,1.4541821759743327,-0.5995371906505275,0.2870614260681028,0.9626329343177082,0.5273549511385076,1.0,0.08016022266057089,0.7209688022142555,5.084485405432675,4.084073092457794,0.6304670726006047,0.5171487001478074]],[-72019580.0871918,-72019580.06189275,[6.967151133116328,0.9420595982818126,2.345984597270298,-0.22855370866123834,0.558876804708425,1.0,0.6104633958403721,0.5367836382775422,-0.01639734849875074,0.7286204871622926,0.8677256150854302,5.082867057762474,0.5095399592763176,0.6180988037101671]],[-97889337.68855362,-97889337.06637251,[0.6848785676184628,1.0,0.2753742639775072,-1.0481050840340478,0.06548940902195216,0.2817499283568898,0.4130213993988205,0.5354261926937885,-0.5642209316440523,0.6389973730555626,2.8042546976074902,4.79955440756013,0.4527327410815708,0.49281283514469676]],[-102184551.06578927,-102184544.27117014,[4.288499580596285,1.0,0.0,-0.19727560855411078,0.33341986045173366,1.0,1.0,0.7236854388061141,2.1012819585855644,0.3564870013105884,2.491478242330478,4.061637254990639,0.6541258955346737,0.4945649906149927]],[-113877248.17357527,-113877248.16684687,[5.774672494525756,0.8362011584250163,1.4298519600138109,0.30629789010130676,0.38078503999548474,1.0,0.6350903588218171,0.7759971733451504,1.9031510372112943,0.6075075693641976,5.645415940965383,4.370213433610267,0.48881135018309035,0.48634146272416795]],[-129473958.07776138,-129473956.4824524,[0.8139299134890221,0.9914699799404356,0.0,-1.9176147803746635,0.8667193761064355,1.0,0.37506986257512187,0.3671344235918828,-0.3354354670459223,0.3212561602476133,4.783782175695104,0.0,0.5320696932153083,0.5428426646531904]],[-132338506.07938233,-132338482.00066835,[0.0,1.0,1.4979467597756098,-1.0167352733773012,0.27048711240144974,0.4758068024356671,0.4547685324364948,0.389910315754116,-2.2167672752477126,0.5910595017029328,5.7796672533364735,6.416922407775669,0.44434004403389377,0.4284128017987343]],[-153509256.76878744,-153509256.15897584,[0.0,0.0,1.6166455849328203,-0.5678146066190666,0.27869519011752686,0.4329678092673717,0.868522644025002,0.48440792445998443,-0.006672117208955089,0.7983426177097043,2.7444639156960147,4.461724415439575,0.44150630635436716,0.5124604068780965]],[-172164902.99029982,-172164879.1795683,[0.4933003344548421,1.0,3.141592653589793,0.8512968923063957,0.37102094133686825,0.4553805185199088,0.5914986541062754,0.1781282837120115,2.261687770054427,0.7583032635347662,4.676035021034566,2.8105846753884105,0.5285625597159662,0.5506849912032841]],[-296323734.59681183,-296323717.6952554,[4.766230409493596,0.451871627707988,0.0,-4.0,0.32909612170968194,1.0,0.21549106085452496,0.34621336192680197,-2.4883127891077654,0.8130251797244629,7.025871955395864,5.075569842866908,0.619468873037559,0.42804535780417324]]],[5.367027631887618,0.5392389051551972,1.732073471339424,-0.6551788483622577,0.5229241875558027,0.4856821143769068,0.5233905149976725,0.6158492483145817,0.028114492933746862,0.2846324596440542,3.8253032474546536,3.8438307874379496,0.5377475675907027,0.40057342640524374],[23.14271214197357,3.6064078940065922,9.30874063143451,9.013485671740073,0.26299197433125987,0.225723277546967,0.23476082188294464,0.24747484109175966,8.254675932688002,0.2510573205147962,15.08459437793897,15.929337229103776,0.03938327672061468,0.04485694859132073],[[23.14271214197357,0.14285337857205885,-0.3936309880743228,-0.08292483427122187,-0.020924829817172173,-0.0037204755146647847,-0.006030333588296844,-0.03358954656065286,0.023901842317506736,-0.07270715499842474,-0.30673882365137384,0.02831014099857413,-0.023205165206404907,-0.009771032588382666],[0.14285337857205885,3.6064078940065922,-0.1138119102517877,-0.02177330172237587,0.015282633340910113,-0.0002284758268014669,-0.015284794083680319,-0.006233686770535023,-0.02005562776187091,-0.006942668550527354,-0.053691016544511264,-0.06715134565461117,-0.005221594541584421,-0.0018121172787481912],[-0.3936309880743228,-0.1138119102517877,9.30874063143451,-0.041818140831473394,-0.0037234763367560196,-0.0030232154773843587,0.02121796605937397,0.050569795652561665,0.1070788044559426,-0.0024896321507743664,0.1148700721908576,-0.04164744335066712,0.02618648501559004,-0.008427206491728477],[-0.08292483427122187,-0.02177330172237587,-0.041818140831473394,9.013485671740073,-0.0664503480021204,-0.010526259646417492,-0.043096138620663894,-0.06830289253507567,0.1079615548183201,0.10419364448208468,0.2437388250449197,-0.1653237377988723,-0.017592620631484555,0.00761226002043065],[-0.020924829817172173,0.015282633340910113,-0.0037234763367560196,-0.0664503480021204,0.26299197433125987,0.0020218894007209024,-0.0009145421319593317,0.0017319286771635663,-0.024196986710180553,0.0013072358400027845,0.006933455555929269,-0.17813843311388625,0.0005992506121499136,-0.0035280820997492237],[-0.0037204755146647847,-0.0002284758268014669,-0.0030232154773843587,-0.010526259646417492,0.0020218894007209024,0.225723277546967,-0.0021789714773335096,-5.806511040093018e-05,5.531185029875612e-05,-0.0007706440648485293,-0.030415315309663987,0.010335021363269458,-0.0012180414792578188,0.0018823238582841777],[-0.006030333588296844,-0.015284794083680319,0.02121796605937397,-0.043096138620663894,-0.0009145421319593317,-0.0021789714773335096,0.23476082188294464,0.008176683400616263,-0.00543090061002133,-0.0033624117101423495,0.023112897563380416,0.015188663297493271,0.00017675798343303782,-0.0030631524923289783],[-0.03358954656065286,-0.006233686770535023,0.050569795652561665,-0.06830289253507567,0.0017319286771635663,-5.806511040093018e-05,0.008176683400616263,0.24747484109175966,0.024658944521262997,-0.01498097623899057,-0.03924346828638394,-0.027667600845714707,0.002080417231189532,-0.00744114777229254],[0.023901842317506736,-0.02005562776187091,0.1070788044559426,0.1079615548183201,-0.024196986710180553,5.531185029875612e-05,-0.00543090061002133,0.024658944521262997,8.254675932688002,-0.013554706235887294,-0.07596022784177728,-0.054126834684498214,-0.007106223367822431,-0.006233937038395363],[-0.07270715499842474,-0.006942668550527354,-0.0024896321507743664,0.10419364448208468,0.0013072358400027845,-0.0007706440648485293,-0.0033624117101423495,-0.01498097623899057,-0.013554706235887294,0.2510573205147962,0.042676343337362824,-0.03817958359929104,-0.0032360484505805937,0.00718054088906515],[-0.30673882365137384,-0.053691016544511264,0.1148700721908576,0.2437388250449197,0.006933455555929269,-0.030415315309663987,0.023112897563380416,-0.03924346828638394,-0.07596022784177728,0.042676343337362824,15.08459437793897,0.24685789123647742,0.01383765657175099,-0.007087316460036393],[0.02831014099857413,-0.06715134565461117,-0.04164744335066712,-0.1653237377988723,-0.17813843311388625,0.010335021363269458,0.015188663297493271,-0.027667600845714707,-0.054126834684498214,-0.03817958359929104,0.24685789123647742,15.929337229103776,0.011683171165152563,0.05044928758990718],[-0.023205165206404907,-0.005221594541584421,0.02618648501559004,-0.017592620631484555,0.0005992506121499136,-0.0012180414792578188,0.00017675798343303782,0.002080417231189532,-0.007106223367822431,-0.0032360484505805937,0.01383765657175099,0.011683171165152563,0.03938327672061468,-0.00016707563392717517],[-0.009771032588382666,-0.0018121172787481912,-0.008427206491728477,0.00761226002043065,-0.0035280820997492237,0.0018823238582841777,-0.0030631524923289783,-0.00744114777229254,-0.006233937038395363,0.00718054088906515,-0.007087316460036393,0.05044928758990718,-0.00016707563392717517,0.04485694859132073]],0.6026120746807516,[[0.0],[0.0],[0.0],[0.0],[0.0],[0.0],[0.0],[0.0],[0.0],[0.0],[0.0],[0.0],[0.0],[0.0]],[[0.5560105183146792],[0.1486076394387259],[0.38884561249392247],[-1.6542184630314039],[0.3472787413659245],[-0.21690178926103448],[0.35434314034115144],[1.75500139513964],[0.07098445471190684],[-3.262604974061823],[-0.3308103514954525],[-0.2957261159563339],[1.429595676031515],[-3.765535338194942]],1,100,68199008.14813784,68199008.42493987,[6.72965195162449,1.0,1.1212455973239537,-0.35211323580832166,0.9760148123877341,0.47678020521483,0.5014002909653159,0.6542497912612673,0.4515213513898442,0.3813473694276716,3.7534006676742275,0.053266840826523776,0.4137501575873652,0.24942433082491938]]
