["generation","mean","variance","covariance","_sigma","_p_c","_p_sigma","iteration","num_evaluations","best_score","best_evaluation","best_solution"]
[[[-20542478.678487595,-20542472.89511037,[2.3914714570147244,1.0,1.1353590529611788,-0.5937658048719981,0.661055646236379,0.0,0.42868367423245474,0.43872419303704896,1.4861981002016729,0.3541429186101176,1.1147799715008069,0.0,0.5606271587443461,0.3821191212105468]],[-28140020.14265318,-28139978.90588808,[0.7251736886077076,1.0,0.12182310862052192,0.39245878467467743,0.4142335057018114,0.40776011873289597,0.6510225203906332,0.3017488273636977,-2.6281169255208736,0.4353648844613357,3.559522306170093,4.839609846085754,0.4419023778816504,0.39402663526339105]],[-34678789.98731929,-34678687.01793349,[6.801118520185179,0.8565112857331021,2.0055114300780206,-0.7466115387361203,0.18883500601631614,0.28819417972960304,0.6432276954101275,0.21878457101463228,-1.0558485085285965,0.4949807572938953,4.60219198330892,9.0,0.4716618211711142,0.4024447840509583]],[-36743479.78256265,-36743467.91860831,[4.502689019750552,1.0,0.0,1.0467417925542144,0.6575203559149656,0.9774637053245656,0.5611596359861611,0.6460088067178621,-1.6982267905934503,0.37206853137775114,2.1688062669961212,1.9298346814943463,0.6679733164620112,0.3198013276843995]],[-37270043.385906,-37269998.797836006,[3.609946421713836,1.0,2.346312495937312,-0.7950054394098114,0.5259447619113387,0.507310134519706,0.8000344159663548,0.2570487874305083,-1.0478911833921096,0.3953605535445143,4.577031032319125,4.779446007925392,0.38147307770441746,0.3727848084105042]],[-37722720.491372846,-37722660.33843994,[9.480754880107057,1.0,0.0,1.0353262298785197,0.39143776935636254,0.22600071296261492,0.553597899771251,0.502377795664555,-0.9204416902154355,0.5096297197950928,3.715732455690332,6.540681002644075,0.5756117330587531,0.42173472480748914]],[-37951212.48043244,-37951186.44986963,[4.611413137654344,1.0,0.0,-0.8987414254642907,0.3964585712482029,0.7523039787709717,0.5238335360628666,0.6174568399469765,-1.3863086282145642,0.3775690541491674,3.2510245000444433,2.2450652274277725,0.5979150324473579,0.3424809590311719]],[-39045998.1579523,-39045975.68827081,[6.296574247876089,0.7187125182589642,2.8931978213486627,-0.8369570269316617,0.6918788026044037,0.3207446272986071,0.84777842150522,0.4594545638152291,-1.9842944979947261,0.4350313475654818,3.6692454442824873,2.574398960476983,0.604461608055809,0.41084787944718115]],[-39108757.95278245,-39108731.0057165,[5.064233773671105,0.6184812353687614,0.5556992438425721,0.2705614187436866,0.31942889515127726,0.46399859005157046,0.48957358823277797,0.6057972409970865,0.26687295089304247,0.3572596026778859,1.5372892463504448,4.907158827215532,0.49296687138879014,0.3797277762855268]],[-39320117.13942284,-39320078.583765745,[7.512488906222645,1.0,1.0645289091892243,0.8904651449674059,0.2883419663111598,0.5153671900646476,0.45091154855196497,0.7599939020169388,0.5062409310874281,0.24446328071337076,5.873791269136335,4.273025110257628,0.3580845911246278,0.3363736045985839]],[-39765187.34691843,-39765170.8066715,[9.695071225939223,0.0,2.445867036750613,2.1685241363101744,0.5763100442958965,0.23111140595650148,0.6675493604990697,0.23689249215836444,1.5652219844810875,0.5245383751424967,3.2492934839870324,1.0140699602566694,0.6896703596463951,0.41745007669338285]],[-40591863.55444202,-40591779.55189872,[9.525646771480393,0.0,1.2899376429694507,0.08418953471517587,0.14443171898580814,0.8069283472564381,1.0,0.0,0.029521670428318256,0.2545770265043519,6.219948428097991,6.632850557627796,0.4189089511313702,0.3382311254420508]],[-40685811.20650618,-40685774.28525871,[5.844958054815651,1.0,0.0,-1.1147742209668383,0.5135838229544675,0.41404658014113427,0.6509394002838748,0.5425994127437671,0.5351030153468986,0.5438889192270411,5.097763059779022,4.636562333182038,0.5141273630943214,0.3456963542502016]],[-41573174.29768161,-41573080.85871816,[5.9382417437791535,0.0,0.3451374111419174,1.008674034769582,0.830395424538779,0.8317623392627309,0.25378345675789593,0.29424468003443893,-2.8505795361055393,0.2734566134868517,9.0,2.3584209406101264,0.6179227700707404,0.3522538352373821]],[-41630403.71230083,-41630390.441663474,[3.530349665148037,0.789656315058052,0.0,0.5675082327387289,1.0,0.5100548017671533,0.5957283272064513,0.1831807105788581,0.339658077666027,0.27411253091349363,2.8902552014155796,5.413292327475857,0.29710447051980393,0.32008017719084225]],[-44516042.29336079,-44516020.45778388,[5.080996806772699,0.21082674649916927,2.8304397133449806,-0.9360099156806078,0.5546662573038202,0.7643889742168759,0.6046861268795881,0.5133047129978542,0.952837775129358,0.4124189367489309,2.497374806923011,6.012275539683367,0.4136632935021723,0.33342430147454594]],[-44863044.86766876,-44863043.047162056,[0.9838439694227086,1.0,3.0336039906978076,-0.7925258710952012,0.7108461632986998,0.630903494932793,0.2183085681797426,0.599063036272309,1.0101460925319414,0.46313588074330747,0.003596714500160303,5.198587131228009,0.46373251269231347,0.3687486306192021]],[-45267715.31889938,-45267628.99343598,[1.5920932685975613,1.0,3.0387841923893166,-0.5687971248512986,0.26689836110150106,0.816804743767116,0.5510344496950312,0.2578699218988337,-0.20747737704262195,0.14326631170170823,8.3069583677443,4.027666532081386,0.48839171790207636,0.3375425976132086]],[-45437531.48878289,-45437465.65303999,[5.568874054071352,0.0042337356012227545,0.08972592512465316,3.0096120388513636,0.510378816283436,0.3829234622261065,0.4584847373158347,0.6248778193191399,0.1705205591467544,0.21224545453918636,5.924414885258799,5.499543579663978,0.5770973407084173,0.4109093629775556]],[-45595272.8620538,-45595235.579078496,[7.000495158892812,0.0,0.0,-1.9271285069484034,0.2380878602370869,0.6760373636719403,0.7333034330233658,0.30948918762078925,-2.624749365296692,0.5139433052296485,5.04302493262308,2.6862230255364565,0.5621363688928985,0.4000812386784539]],[-46422787.09838331,-46422772.368303955,[2.0416233812573537,0.0,0.0,-2.706424279176336,0.4180850121165423,0.43403848015389224,0.4687254175058634,0.6988036260878069,-1.5255118654213784,0.6431699647469906,2.7921388665613294,3.5565060987167136,0.4339897226040269,0.3727181341573731]],[-47243591.39731592,-47243581.085394084,[2.336108383124249,1.0,2.070619138564782,0.6187506700250271,0.25553559494757105,0.45404775678034287,0.9561278474587696,0.17456444962697648,0.15616885877595463,0.19946603797931156,1.056821513368285,2.889140637370173,0.4169953744974218,0.4073910705274757]],[-48163069.992607184,-48163059.635362685,[8.053473566800369,0.23925258004612038,0.0,1.7291992229797712,0.5660291953502521,0.01816653990683542,0.32657995452243294,0.9193592995347755,1.6537859665535573,0.2185763218122519,2.6816394838497053,2.3449155578584477,0.3014835765090304,0.5084539161282152]],[-50937819.397445545,-50937723.40618956,[3.809401808240597,1.0,0.0,-0.12589011293302843,0.29393796183349397,0.2856003031610425,0.2837829225191229,0.3306287175749663,0.07486124722985792,0.3954592575098504,9.0,6.341725254816977,0.374553312263168,0.5508769535590272]],[-51412491.8900711,-51412431.66669732,[6.708231199729217,1.0,3.084177783369936,2.0540982994143917,0.40068206176032195,0.3616282191105413,0.7396048602209084,0.41655443099405154,2.805294859523862,0.6627333162591633,3.057533209052769,6.273375116704402,0.7242504625169114,0.4141779878671612]],[-53041204.9244867,-53041192.55093032,[0.5482388453236995,0.6090684933468566,1.2495298473895018,-1.793079490418553,0.43147225919258336,0.5136871753375482,0.30206482875504326,0.4172671480216214,2.7454572676408544,0.31404122138847884,2.0148305293177455,0.6663964338198807,0.43577813033174734,0.4853934179554196]],[-56267285.58245802,-56267193.694913626,[4.941876299136313,0.0,3.141592653589793,1.3408192854416152,0.822922474163656,0.4691440572416346,0.5307316728056845,0.6135767573434698,2.114984899704808,0.22534837496108912,6.9452779559456985,5.992859634717401,0.3898212621023306,0.46561004043160364]],[-56797736.5991145,-56797701.928069174,[5.352155763968614,1.0,1.8834862346919996,-0.0997581530913737,0.6781501659598349,0.23621891657613303,0.7569709219785867,0.5881675896248827,-0.2129691834637948,0.5560234631328724,4.3892707534190105,5.276428766861958,0.5226148658493275,0.4945481285805348]],[-56881493.71443414,-56881408.181272626,[5.553776270610877,1.0,0.8090305523777049,-1.0935247674334398,0.21852759794177967,0.27984975805252876,0.4822639970469153,0.8814711416335086,1.2751143680806265,0.362908924238998,9.0,3.320814870264612,0.4179050286729088,0.5013242213581007]],[-57659722.25235598,-57659698.25101456,[1.0668158862492705,1.0,1.3043740332813225,-3.2537576061637115,0.7757759654619939,0.38987775680656017,0.19779861016359734,0.683389258331671,-0.6956783495432564,0.1,3.590100114619271,3.170435607392926,0.7393765177712883,0.42529041255433375]],[-60920528.77239226,-60920482.53308588,[5.324940146508871,0.5993691581600357,2.1651872904588556,-2.1629423241635233,0.669890967227941,0.3263514751322857,0.6163932836197488,0.5581585283133357,0.31443400422593026,0.17658488394325128,3.7401267111967904,5.617483888287499,0.35236276924870547,0.5122228703224967]],[-60932547.65240129,-60932538.44559944,[3.801771806354104,0.0,0.0,-1.7755218780850601,0.486214323631648,0.19203055915826495,1.0,0.6004988028332134,-1.5040903244706292,0.8469094515382571,2.5729964659768125,3.123959607489732,0.3578078244484387,0.45301828961008395]],[-61366408.65224101,-61366398.348994076,[6.372371764975643,0.5695026986703827,1.9160828756052288,0.32614034859441304,0.9291452634234731,0.4010117033111229,0.7117170151311296,0.5379371602785438,-0.8332722768020153,0.8900538263966764,3.5552935828440884,2.6745466176664205,0.5231896435862391,0.36877748937930455]],[-61995826.76667084,-61995820.395554066,[6.413929066805417,0.9776262255708548,3.102586995162611,-1.6033369920466756,0.5747430250435426,0.46767280110164533,0.4561570376884846,0.6569897606697025,-0.4039305469520974,0.21101236380106841,3.037453953457076,3.938285462122317,0.2862290296495788,0.4551702682306713]],[-62125629.28655325,-62125580.9432655,[6.649025006576636,0.7890283296216687,1.445795760478449,1.0828300930520272,0.14589253209134107,0.695566846823459,0.5707900691761523,1.0,1.210811227304872,0.22077726632366385,2.747400166383402,6.142475095439531,0.47514314220655557,0.47375693777894434]],[-63221746.05945615,-63221705.620916486,[6.589738348281133,0.0,0.0,-1.702491464862605,0.6817114986531858,0.7180440932980572,1.0,0.5709568372006961,-2.7048735743022707,0.4322823279238538,2.055519768822767,4.8980165858679525,0.6382958951725324,0.49690761890380136]],[-64363200.29547002,-64363177.421648026,[3.598188304589156,1.0,1.5403304975156362,0.9357470302726122,0.4231610492008428,0.8147362828662328,0.4325979686451996,0.7369888508712652,0.19922830125669055,0.4009059912218797,4.765289285008207,2.0869694609878824,0.451462866864347,0.46305087283833457]],[-64495873.69291266,-64495837.71044445,[5.532581311764787,1.0,1.533223922337967,-3.4406721448618205,0.5872585391379572,0.39340255927438866,0.5572159985165492,0.3227648367964772,0.5901360678053178,0.6850994468525053,4.031875347550511,7.121542464311571,0.49124351824477674,0.4412635471944485]],[-64610703.033429936,-64610696.93380159,[4.420410126474293,0.6435049785684506,3.141592653589793,1.1879929214375025,0.5166880291061743,0.7017990760533885,0.7027092698209364,1.0,0.5241267719886762,0.4364074756162535,0.6470357646974603,2.0518613252964153,0.5330543759248121,0.49774152256305587]],[-65475500.08841211,-65475495.38854849,[1.5847445293215632,1.0,2.7776826676758155,0.4531794581855078,0.20811786206181776,0.33322960289857756,0.32803158356841955,0.4024210548543619,1.667819997241105,0.28703128390250754,1.3597214050319395,4.711995305630445,0.377090198537466,0.5419125401762004]],[-65985744.09298373,-65985725.43589574,[4.261983637222444,0.1770595715974974,3.141592653589793,0.42344703429321773,0.244721252801456,0.03458128454300602,0.27214626909419115,0.5845938174284693,-0.2309206377109116,0.35926212391694046,4.601236548059114,2.387942107594145,0.3699221922196473,0.6868793975256542]],[-66851799.92068459,-66851782.222858995,[5.871422787334755,1.0,0.665750205542928,-2.3311480018632142,0.2366431745701047,0.4468537326433518,0.37788244561604695,0.6506741102047832,0.7976105233529495,0.1,1.4315053000192486,3.698970321291293,0.5408175763911085,0.478388747399528]],[-67126303.82440197,-67126248.28972536,[5.001138113633157,0.7149973325558607,1.8226616129432875,-1.5404127128169272,0.5892886857100122,0.11180378020780418,0.46344916415681847,0.1528256996488792,0.47110704444849616,0.25547382372994587,4.645896709280046,5.712524730194836,0.5140654043625039,0.6515300402871868]],[-69591352.62114595,-69591331.37396699,[5.214335111248733,0.0,0.0,1.067791952058907,0.7788758837039669,0.4526608298532882,0.4562404714511601,0.5335024390642137,0.7178788274403771,0.5371119297483625,3.5073218549914036,4.687161804519764,0.5128315746515857,0.5272186053086786]],[-69962566.4936434,-69962523.21483499,[2.974381983047278,1.0,3.141592653589793,0.28191423701538076,0.6279856675885676,0.4181095032863308,0.02607781500522599,0.6602120351672175,0.12672942334612422,0.258905827050936,6.220708233492623,1.9094243760535439,0.5566430086645647,0.5774825403764248]],[-70091535.93296629,-70091504.19953126,[1.3667088676321617,0.5489262603605554,2.399656592443636,-1.6123116166285094,0.7146889796316119,0.5034012896246111,0.35636868949119704,0.3067125278871383,-2.6846310519594176,0.21696703919709343,3.5776433905260543,3.7407310384465844,0.6992762262175185,0.5617511980448893]],[-70703098.00082622,-70703050.34245676,[6.002088240623546,0.5574790210341676,1.4451226102676427,0.30998094253735764,0.708136850099942,0.8359312901358176,0.5010241281254545,0.4075318626201626,0.2048711571773909,0.3224693319555375,6.690303568361745,4.033287734218945,0.3448488496807299,0.4743828270685567]],[-70946135.70382789,-70946063.42056853,[8.010486941967544,0.7669095095960525,0.023432579116014596,-1.6229821458508074,0.48186026789281716,0.5245133498442113,0.5836604570858664,0.7178906157259854,-0.4296835003497238,0.30805390680679934,7.880869474480641,3.182112990128384,0.6446762756466001,0.5703030759518765]],[-71259752.91669391,-71259733.37658954,[7.738917195835217,0.6332079225153519,2.544870456340851,-1.9221715668938586,0.4265540323362055,0.4042965017557805,0.16968621518351584,0.6659493939148665,0.22969821934668733,0.6155214657533873,4.414925493445462,4.066206458151848,0.44180059676095107,0.49794603959486694]],[-73339664.67753734,-73339629.95629245,[5.477078837291158,1.0,1.3639601761402504,-0.946061217871613,0.6525091060783541,0.3460947887568061,0.6372734262073536,0.7177872216549899,-0.24146369388754438,0.4546251363218822,1.2842202344891152,5.741260853405846,0.6305588694697986,0.6285601137958231]],[-73622898.37107478,-73622837.7959522,[6.421476750046872,0.11242890504145442,1.01196284066265,-0.9921880640343936,0.14634607578556008,0.4596730461310666,0.5991159571834469,0.3877716975584401,0.1168972567161739,0.24346454450097021,4.141814869004578,6.550150656193573,0.5120850192800196,0.5882700919579837]],[-73673818.21457572,-73673790.4248017,[4.146116698253907,0.0,2.2962423954834827,-3.3439467233123477,0.8945400410061417,0.6707674224035408,0.5884137812282926,0.8796534869286234,0.19852514826976908,0.3627306444325765,3.8381969791047355,4.863675294251201,0.4263743768427342,0.5364382777555217]],[-73761050.74217515,-73760902.95033768,[6.783211443461462,0.0,3.0433557874251815,-3.4548919975521235,0.3693707880131611,0.9928901932353253,0.41363114059059747,0.44316716727372396,1.6030184347183445,0.1,7.760229897602822,9.0,0.6250479804188706,0.4693067679562776]],[-74289773.88442364,-74289758.42205715,[6.15847339629184,0.4382463739064052,0.0,-0.3282707180931314,0.9110204081046486,0.5091233829393355,0.4365557187819754,0.6108377345311959,-1.1203865629862824,0.29359500969635977,4.383245757897277,2.558511347300459,0.3921119890016899,0.6020274157497003]],[-75701983.93179196,-75701957.84819323,[8.374155232563673,0.11477420887719497,0.0,-0.2273443887563314,0.6958944761340091,0.7571156895048465,0.33947655440081126,0.6043870201686473,3.0349193551058073,0.44597032408316417,2.378533320857249,3.679903656076741,0.5573224699955338,0.565108615798131]],[-75841790.60834055,-75841781.60240638,[2.445168624554368,0.0,1.5651753054857718,0.4892172467572133,0.6420192868740952,0.36811485965020146,0.10824493977702099,0.32643858764257083,0.431619165113715,0.8614890693600472,2.8735456243706947,0.0,0.5779240512058084,0.5181097877278539]],[-76591584.17423949,-76591528.82164276,[9.467100008714084,1.0,0.0,-1.2599909914624268,0.08995365419708157,0.27944843352002996,0.2681687375966527,0.4979374548822396,2.9465871429834176,0.34866304496673717,3.882448384830067,5.065696593308807,0.5065495632662719,0.6754130629616322]],[-76666457.7654617,-76666437.6707235,[7.491845383286941,1.0,1.969655653579921,3.875823516987409,0.5085053992610047,0.3344439900664563,1.0,0.7883478801988292,-1.4601524252820717,0.1,4.331806554606995,0.0,0.5619151877729379,0.557494620459552]],[-76832065.2389605,-76832033.81440431,[9.937070673899534,1.0,3.141592653589793,0.3275801763578192,0.27009388497550835,0.9224636200482141,0.3673098252685636,0.7203631563346404,2.3235736761636923,0.3520732226758762,4.134278907141283,3.6199292374943695,0.4781709037228513,0.5472403924722893]],[-76883047.81513439,-76883029.41735798,[3.1080124603818646,0.3543430558201461,3.141592653589793,0.012695116187695275,0.0,0.6988707032709442,0.547820131319111,0.2965130608775419,1.1836767543828208,0.39685925574237524,3.29367442744512,2.1351338706117358,0.5165372863041655,0.57917766093528]],[-77086276.15838559,-77086274.54131776,[7.066039398541151,0.4627134235300433,3.141592653589793,-1.7881897517855012,0.504895550700309,0.36500054443506336,0.11934782118348719,0.8013105995858079,-1.0454332400011035,0.6720585744816868,3.9007794634711286,4.5915747836537,0.4412046961526966,0.5262164142398429]],[-77269130.66850302,-77269095.0149067,[4.560181516351274,1.0,3.141592653589793,2.673072166167766,0.49863634682710484,0.5859382781422922,0.47238976096223156,0.7320259562749587,-0.07186549746183013,0.3096248566810714,4.887966131676522,5.803506905481036,0.3678907925861149,0.556414139953389]],[-77407744.4520986,-77407692.79583472,[5.9808122356522055,0.0,0.9905880228478825,2.58446090976853,0.20215548928232563,0.83381564073537,0.6745641987992175,0.80355808378948,1.4115765026012403,0.4730243390938362,6.7170530235372485,4.266715996746494,0.4357196010681647,0.5160093041321744]],[-77599728.5149845,-77599723.8469472,[5.79616132011748,1.0,2.4260650504877916,1.5130475886934298,0.4343027366392899,0.3187746194326028,0.18691652400779696,0.35071508710567056,1.2926526718015552,0.9,1.6731321904640644,4.815212331434843,0.6538439039762587,0.4547782137010892]],[-78478260.75659321,-78478218.63017905,[6.830087063566015,1.0,3.141592653589793,1.0684378169241073,0.8539881144273624,0.5250197373573023,0.7877899796143089,0.48859034441609217,-2.2644714570669544,0.7339351190236971,2.6620791671128776,5.554330053940447,0.5713813059972853,0.5356907427836148]],[-78908862.82441817,-78908784.303617,[4.996834643988521,0.0,2.4372235897132493,-1.8817671160779508,0.5263858341217101,0.6274921026091425,0.6614402851151713,0.9450503422101624,-0.8612407653565257,0.4363543345916575,3.2573835569793954,8.059555665758737,0.4741960328581883,0.5770555288820737]],[-78982612.64365405,-78982571.56688124,[7.935670408892942,1.0,2.169226370407273,3.5792584997011154,0.4384076024498786,0.8913032157657242,0.7387721198300321,0.6079186053304227,-2.314859177597344,0.6694151797147279,5.759152717544856,5.190772045545583,0.44935678318704053,0.4922334928742435]],[-79966958.04726566,-79966949.39600617,[5.964834686971781,0.2842862354410777,1.6744339234506325,1.1277476976289882,0.12304686138346127,1.0,0.3943627974011578,0.744311343883362,-1.9826354493121225,0.5831206736042159,3.7181613521317516,2.235697300303147,0.5242770003221748,0.5024802154250853]],[-80122768.04908359,-80122745.37818766,[4.67627819587447,0.0,0.0,1.5844644350990424,0.788300101842996,0.5830628542409271,0.5590212630932404,0.5353682852687053,1.128375989178629,0.695310027857003,4.5430871102356365,2.3444729506732505,0.4480706180999697,0.5124950772742901]],[-80325267.81819806,-80325229.24216169,[9.843607061288907,1.0,0.0,-0.3637034104413116,0.26992787435578913,0.5697696651510323,0.8759399729082259,0.6119093252944083,0.6715304923300596,0.5160792728415957,5.536145113279071,2.471106166245315,0.5779899862564698,0.6036167667331642]],[-80935215.30328864,-80935190.69513571,[2.258187489883017,1.0,0.0,-0.2315483387856978,0.8859657484481211,0.717373021347944,0.4210238402733488,0.28388599688639937,1.5707973215994486,0.47290629531302714,2.4216195375619005,7.3192829090572324,0.49105952818744597,0.5700278261561573]],[-81302327.47584578,-81302289.43032926,[6.553921544728718,1.0,1.8314135384929209,0.27128467690527025,0.4844403259581375,0.4369413943054556,0.6614518793022568,0.6412143674950525,0.6416965129599922,0.3611625540222977,5.191716877423124,4.627127384252492,0.37865246311027057,0.6046215849197967]],[-82147464.8791155,-82147436.98609686,[6.918819683254746,0.21988462376113044,2.2147350915314226,0.21543298127709526,0.0,0.44684325633529204,0.3574003795639468,0.7411747402030077,3.996032989804788,0.40560759581467154,3.6515938403606216,3.5495805943615437,0.38622974114256625,0.6040451824228563]],[-82459345.24628511,-82459299.923652,[6.7907757652280285,0.0,2.7534683685745924,-0.9223822719533852,0.3944913340703656,0.31276824536118913,0.36737739294691396,0.5916692469413067,-1.2556092711230065,0.16072238057138222,4.338741514389991,5.0883197913396145,0.49689397556173126,0.6414669128731498]],[-82714516.25411616,-82714475.51822984,[4.44096498766176,1.0,0.31544059906177235,1.5096971494985953,0.4963479342966998,0.7899477900717884,0.4807051955218057,0.718502573750338,-2.044948262551148,0.5368732720582684,4.420626602269576,6.2970168588803554,0.4043837694214562,0.5721514286750359]],[-83148220.68111186,-83148199.73288316,[3.798941325615816,0.7935040610692785,2.9255079875549512,0.11700448081499032,0.5792305423602757,0.4733094069982821,0.8040095496247184,0.24362752327465453,-0.22204936397733777,0.6522417809104054,4.144852674712705,3.592335628404186,0.548453395202035,0.573592326752969]],[-84076931.03349511,-84076925.91342378,[2.773628578543425,1.0,1.452812442113352,0.42579065637764457,0.41467013673772574,0.767445042018818,0.2929641138773339,0.564783386487555,-1.0674121340389686,0.6175604427509661,0.0,1.7960378795871796,0.536135740373921,0.5604914382302875]],[-84148117.92378993,-84148098.26179993,[2.277297583135867,0.0,0.40576949869251644,1.795638933648858,0.357425840321646,0.4816961222776175,0.5287710164217392,0.8522419299596998,-1.8407025808186717,0.5966683864620184,5.908942922538964,4.42218559153063,0.3009160374499605,0.5344857541690443]],[-86098324.14343074,-86098264.73950392,[3.709007571829795,1.0,2.766188176765122,-1.1892359106824784,0.0,0.8828358866094153,0.43976389240722324,0.049983722273678866,-0.4393278267436827,0.6613131931485638,5.42866816608983,5.300366309139301,0.5001574693390546,0.5780323889858383]],[-87497725.8183976,-87497690.58071029,[2.962456404177154,0.0,3.0713097291458746,-1.1179490394383496,0.2455007616289261,0.6180436292129674,0.3849025277531601,0.24093800567134427,0.8844275065284433,0.1,3.5587180607406226,4.375245631638911,0.5412248765013875,0.5805213485321157]],[-88057774.43746383,-88057744.64466876,[0.6759679886778827,1.0,1.8732016686249011,-2.0829600721291053,0.3802624077013482,0.8844290848379608,0.768455236907681,0.5031899807143293,3.462837744161064,0.8067035274591376,3.4785816503228943,6.080498066443919,0.44427959845629766,0.4665771530669517]],[-88988559.25220984,-88988526.93056664,[0.34367584627909586,0.9730373824628198,0.0,-0.03719395748374846,0.6801991600905505,0.9891429712369346,0.5522124906283593,0.28983806949740587,2.953943921713074,0.6639985551361035,4.648780802248328,6.878162579027019,0.3361516424669355,0.49326188905796486]],[-90571818.66981205,-90571810.56307381,[5.9599622201554725,0.05153344059824755,3.141592653589793,1.1799782204841407,0.8316298526701794,0.7644933191546563,0.6034872027297226,0.5011180909912017,2.2892235589500673,0.8499236936531914,1.1354587950436872,1.424856393692571,0.6085310232101486,0.50137534670278]],[-94496993.09666973,-94496971.5603829,[3.6573525331218137,0.7266082017713571,1.4651583676999946,1.8313973133466281,0.6311580349895851,0.7520681028713181,0.583601968135685,0.6029537253340378,1.9496999480475496,0.4781582393673379,2.8496568509422118,3.969571948889444,0.49697836924182476,0.6486780908448482]],[-95799937.40271303,-95799898.78835315,[4.26574356084976,1.0,1.694845724260935,-0.42750707117790593,1.0,0.6725530826483916,0.8197695534576418,0.41196642925666865,-1.5281856448980955,0.5019039434859977,3.9169323797095097,4.643387798956046,0.4194408804339367,0.6560713971509778]],[-96542754.26419835,-96542722.39034504,[5.664549814854532,0.38861100114819397,1.2528778838515353,-1.4091693456134164,0.2646836185854572,0.7035061120390959,0.06500244228280078,0.2529059753358477,2.6528227689091732,0.58035545027714,5.024028341763483,1.6378597287875367,0.4871413565490285,0.6480421898975982]],[-97174741.2929892,-97174736.88163722,[4.379558120490864,0.854463636147688,0.6527428007487618,0.8130173733849071,0.4108843876735694,0.6132657365737163,0.2965710210608374,0.3333228876219467,-0.18374999197996725,0.8352085678668806,1.860191535632182,2.5744078735342475,0.46411633592635054,0.5940836732817356]],[-98404118.7613878,-98404115.96158308,[7.028813487434018,1.0,1.694068958752901,-0.32386119104997085,0.3548971102021107,0.24457978882608705,0.8962690457286782,0.7044257099718716,-0.2309004460483392,0.9,1.5961096083114699,2.732300823941635,0.39054135246919125,0.6345887410152473]],[-99038683.03805172,-99038677.47806162,[4.073578013166308,0.5350367970781557,1.9630746974553688,0.6663743597524309,0.5445382374171122,0.5442028568926197,0.23368044454528591,0.9043957042275643,2.395794446426413,0.860235829751481,0.3401698532726325,3.433793990745735,0.6193109627943487,0.587140025355587]],[-100077670.78915471,-100077647.58605921,[8.809511800191512,0.5630882612647102,0.0,1.1538248569010348,0.5517825829460092,0.5955558148282105,0.7124225307698526,0.48716884577873737,-0.4623090550705391,0.8415628857623862,4.061885075489325,5.174794032258845,0.5701701039452961,0.5725398000475165]],[-100610385.27452838,-100610356.92108315,[1.118381230850944,0.0,2.5959139685220434,-2.2088819210476647,0.5191801905806743,0.7127267459241617,0.5170818349257686,0.8015452836927892,-1.611678540898379,0.7610936657015568,4.516319904184735,3.8426252448288722,0.6693551721157304,0.6057919238765852]],[-103750743.40532544,-103750720.4646247,[6.225290170269542,0.0,1.5712852400589177,-1.63150518271725,0.2584986430590559,0.8660292519610345,0.820908411197043,0.19095954826653722,0.428045386341611,0.7301086142695434,4.26839680487341,4.4124282312221546,0.5238953985079534,0.6005455290432766]],[-104420878.18704662,-104420848.82491153,[2.1273328026584766,0.0,3.141592653589793,-1.0169671766307378,0.4095579308092083,0.677245452027305,0.1562252718328237,0.3849987677684713,0.7902899703733361,0.1,4.109075386165516,3.2321556576182178,0.7199669527904905,0.6719531060203252]],[-104429333.59498166,-104429313.66125607,[3.084422366466953,1.0,2.8700421827184175,2.167851472761768,0.40177340661322203,0.5127582121829678,0.01974467686831749,0.8185065249086549,-1.4124787199227666,0.7436126548450859,2.9650645514380303,4.3650687156262595,0.555117684424036,0.6616550555059896]],[-104738263.02002905,-104738243.25435299,[4.390095720421604,1.0,1.9312748303843443,-2.144177829054625,0.5498922190811835,1.0,0.0,0.6630073763532248,-1.629713261601422,0.7127990881293677,7.414051461041691,3.0315627049124374,0.4445267772802701,0.6304757211715835]],[-104909225.20610987,-104909176.88785166,[6.231100199494526,0.42504362211867824,1.873631252618396,-1.1751483473205724,0.721048784220653,0.5107692888584837,0.8878274424152576,0.2599565281315943,1.3334063149369164,0.22738571611914182,3.3490071018326457,5.778066848208452,0.5531473151644913,0.7652816150456307]],[-123641438.45805092,-123641434.4126398,[0.0,0.5478881424196411,2.4453900122400123,-1.5566502164459213,0.7015753118881642,0.5878764233264762,0.4263197697488342,0.5827701962808833,-0.21023708536106922,0.3948636561209729,2.6153839816441966,4.849730116184663,0.3663706445960927,0.4941327319113483]],[-168703374.97262037,-168703326.1994959,[3.0523903650240802,1.0,1.315021775937702,-3.0259627252052184,0.9797406930251733,0.32803298298081696,0.0833878460900081,0.11021128821814047,-0.7533845653593181,0.5984303539836913,3.3344705524917964,6.0908251364464805,0.48798715779030005,0.5685184428566826]],[-229829966.72624695,-229829963.07590008,[8.349625962753404,0.0,2.1859463075951893,-3.5100826526883733,0.3270271943106571,0.4089463350854403,0.6658802018586808,1.0,0.5154544912596944,0.7975700479934411,2.2692128177096427,1.3512405983384732,0.34256933383371835,0.34698139705490066]],[-374175186.8091235,-374175111.3182134,[5.412179302259784,1.0,0.22995018991381277,-1.8367765715666735,0.19977470509074913,0.7656377397724642,0.4544675344287517,0.05336404197596639,-0.14311045400144068,0.7712989342873391,1.5434664483477665,8.158370984849627,0.36951581980021464,0.405681210248112]]],[4.86074693882568,0.7649032162666833,1.0962315132867124,-0.009314431134582794,0.48706226032104005,0.44843972445627567,0.5845831560813343,0.42912519177281955,-0.45144566572061556,0.3933453556695179,3.691680836150228,4.0189243522149,0.5087645901222273,0.38136595716734406],[25.31289841824065,3.607934442776812,9.3229948561925,8.458391490344832,0.2380936622946056,0.2552487797415271,0.23672314699245692,0.23912292992838455,8.993525732282475,0.23026388414962778,16.006848043534216,16.885814538937133,0.04021013114622383,0.04262953475110114],[[25.31289841824065,-0.21732764324459333,0.12406606082994354,0.4742435247998357,-0.06993053528860514,0.009975194944496266,0.05027275211866861,0.002394761412547677,0.2039976069944281,0.029440434845247502,0.8864618466697769,0.9457669918044602,0.0260664744474027,0.013792249694302136],[-0.21732764324459333,3.607934442776812,-0.07668703206440755,-0.038589493338148255,-0.0019124073073672513,-0.014149472092946955,0.007810545127259798,-0.003192012745810186,-0.07657155661030036,-0.012185219516755766,-0.14383964577949496,-0.004102239416647823,0.00020302588843979413,-0.015544953619094729],[0.12406606082994354,-0.07668703206440755,9.3229948561925,-0.11506714314722731,0.0028773652629139404,-0.006529399235058669,0.007521558966538214,-0.014381457590037817,0.3347682670784452,0.02509029160353452,0.08928429461432058,0.14896936274035363,-0.006266036962335773,0.029397358070124863],[0.4742435247998357,-0.038589493338148255,-0.11506714314722731,8.458391490344832,0.012450836090913318,0.008813881894472068,-0.0069425273105030195,0.00778466763077231,0.05947044409234866,-0.01065950277121587,0.10737018250595343,-0.0016825777888911325,0.011706119595950937,0.0016407879312072915],[-0.06993053528860514,-0.0019124073073672513,0.0028773652629139404,0.012450836090913318,0.2380936622946056,-0.0007180390366240561,-0.005530359545920999,0.003725099878286798,0.020479816722411028,-0.0005823512228534648,-0.0550884814744343,-0.12730045386352112,0.0023223476044898603,9.399688714338048e-05],[0.009975194944496266,-0.014149472092946955,-0.006529399235058669,0.008813881894472068,-0.0007180390366240561,0.2552487797415271,0.00059887654810016,0.0032938975684296923,-0.06831587981127835,-0.0008586148149020004,0.08242925987981242,0.032297544336020445,0.0005460347719394166,-0.0004796979356489454],[0.05027275211866861,0.007810545127259798,0.007521558966538214,-0.0069425273105030195,-0.005530359545920999,0.00059887654810016,0.23672314699245692,-0.01121174561574797,-0.05012614006314176,-0.002557720103224273,0.0094015599837731,0.060181703213198635,-0.0007659498381654433,-0.004933420327125886],[0.002394761412547677,-0.003192012745810186,-0.014381457590037817,0.00778466763077231,0.003725099878286798,0.0032938975684296923,-0.01121174561574797,0.23912292992838455,0.035158219176573115,0.0031089431631232526,-0.03734550852890179,-0.0683409538160588,0.0015438736653417525,0.0038537477108432426],[0.2039976069944281,-0.07657155661030036,0.3347682670784452,0.05947044409234866,0.020479816722411028,-0.06831587981127835,-0.05012614006314176,0.035158219176573115,8.993525732282475,0.009924519504004753,-0.35849696557672195,-0.39920036057474667,-0.0071748951364493455,0.02970291136546276],[0.029440434845247502,-0.012185219516755766,0.02509029160353452,-0.01065950277121587,-0.0005823512228534648,-0.0008586148149020004,-0.002557720103224273,0.0031089431631232526,0.009924519504004753,0.23026388414962778,-0.0055729107537220044,0.02730542047278029,0.0008730227543816883,0.006499961918826109],[0.8864618466697769,-0.14383964577949496,0.08928429461432058,0.10737018250595343,-0.0550884814744343,0.08242925987981242,0.0094015599837731,-0.03734550852890179,-0.35849696557672195,-0.0055729107537220044,16.006848043534216,0.9113154383560514,-0.020647018573952906,0.020311319475849073],[0.9457669918044602,-0.004102239416647823,0.14896936274035363,-0.0016825777888911325,-0.12730045386352112,0.032297544336020445,0.060181703213198635,-0.0683409538160588,-0.39920036057474667,0.02730542047278029,0.9113154383560514,16.885814538937133,-0.05544981078345129,0.005367377525958703],[0.0260664744474027,0.00020302588843979413,-0.006266036962335773,0.011706119595950937,0.0023223476044898603,0.0005460347719394166,-0.0007659498381654433,0.0015438736653417525,-0.0071748951364493455,0.0008730227543816883,-0.020647018573952906,-0.05544981078345129,0.04021013114622383,-0.0006324271113906932],[0.013792249694302136,-0.015544953619094729,0.029397358070124863,0.0016407879312072915,9.399688714338048e-05,-0.0004796979356489454,-0.004933420327125886,0.0038537477108432426,0.02970291136546276,0.006499961918826109,0.020311319475849073,0.005367377525958703,-0.0006324271113906932,0.04262953475110114]],0.5873322132927601,[[0.0],[0.0],[0.0],[0.0],[0.0],[0.0],[0.0],[0.0],[0.0],[0.0],[0.0],[0.0],[0.0],[0.0]],[[-0.21095459849232098],[1.0032553531607387],[-1.1441946476532898],[-0.02351740138433472],[-0.19599394486248184],[-0.7810871182116316],[1.2813510582732976],[-1.0736831626321401],[-1.1398258004776658],[-1.6157122495076066],[-0.5838412533710512],[0.03583564958604507],[0.3319371535878975],[-4.492970686288019]],1,100,-20542478.678487595,-20542472.89511037,[2.3914714570147244,1.0,1.1353590529611788,-0.5937658048719981,0.661055646236379,0.0,0.42868367423245474,0.43872419303704896,1.4861981002016729,0.3541429186101176,1.1147799715008069,0.0,0.5606271587443461,0.3821191212105468]]
