["generation","mean","variance","covariance","_sigma","_p_c","_p_sigma","iteration","num_evaluations","best_score","best_evaluation","best_solution"]
[[[89535991.90895392,89535992.50413704,[5.541040563722928,0.5394249998236453,0.8770263438200184,0.4679069384958175,0.6495249417622336,0.6013092944651347,0.2614713102300946,0.8192911406015577,-1.0815744275372523,0.1,1.6369574561716984,2.2645083995770836,0.49038872199265543,0.33272795508636566]],[88737650.79666454,88737653.46394622,[2.6726329179034805,0.41665954911609143,3.141592653589793,-0.33255954203217397,0.6470480361380823,0.4838577795874514,1.0,0.7196405076288775,0.19960585336226955,0.1,0.6979373881255353,6.736404884899258,0.5563543554508094,0.40445620874955285]],[87631701.77269945,87631713.74827754,[6.140432503187336,0.0,1.0614611528478766,-0.39065511187926866,0.42268825782738934,0.49548212721062923,0.4879667717384239,0.2032749966834801,-1.6278639005226694,0.15760944668798416,5.438336988224297,3.0995848738138077,0.5756312905210486,0.4455246483442099]],[86434119.5609281,86434119.5609281,[5.407075209335488,0.13142351210498726,0.9072452370860126,-2.2259059629805042,0.2219635828725275,0.5772440560673702,0.5053252470231875,0.589234067670556,-1.1677645257798508,0.5355084633350319,2.6629524564978793,3.2193953079630635,0.5828327539213939,0.29814535453493407]],[75235398.15971714,75235398.6720103,[5.460236633282071,0.0,1.297394252846936,-0.02537136038711241,0.724626508169125,0.34682133746725713,0.34378762148237,0.8258988759207708,-0.06668521741445906,0.1,4.807190101900351,1.8034312773615704,0.802978412754975,0.5120857837714469]],[70646309.19260918,70646310.94442356,[4.821866983743071,0.0,2.081042330914369,0.3379559626041833,0.29141474021601266,0.6146399327900689,0.637644253931548,0.3324751541953729,1.345632155327112,0.1,4.864092014987843,5.047292289231053,0.6472452537759215,0.48514969672457736]],[69745528.9462195,69745529.40545392,[9.082027150834382,1.0,3.141592653589793,-0.8146463846782482,0.4846451685612206,0.41859226065055344,0.5691847008231912,0.49477073398475474,2.2350049937668333,0.4540365049323084,0.0,2.590630298416725,0.5740344599383718,0.48516383291770493]],[69408072.29644161,69408076.32483685,[4.496570389911321,0.07966986779734087,3.141592653589793,0.9551904459598114,0.6631987450750292,0.5744020711063942,0.497026626592408,0.2508062622006358,2.0399046491030974,0.2407819408614667,1.7569597778341204,6.4577727263513935,0.5852497622961709,0.530982944323906]],[68538402.90115947,68538403.43234193,[2.5811021633033975,0.7323813693811898,3.141592653589793,1.073245722746748,0.01627260258312807,0.8435441700053934,0.6909716401182637,0.5032179172169555,-1.8155329256235668,0.1449608479733695,5.6874322089413205,3.754882043487919,0.5099106202309786,0.5811546882309422]],[67356986.21860252,67357073.94009364,[7.537984135314046,0.5377426023641702,3.141592653589793,-0.4617622096386627,0.8489661380684492,0.6105381658862666,0.5084454369598082,0.0,0.15148842864270054,0.3619570658791229,5.835921347571055,7.309775932354283,0.7924455223285312,0.39990760982532025]],[65712650.76014491,65712678.30540085,[3.5806511236142256,1.0,1.2826969913192827,-0.2582025921173907,0.5427027211364547,0.4674910587090601,0.24259815675207846,0.5171791210841498,2.440156040736582,0.22641464678057677,5.146552509918153,6.927592408935196,0.5860979788393414,0.36694171911916407]],[64378228.65533521,64378238.89541304,[7.384642740843667,1.0,0.9192404693248496,-1.3738072763444706,0.46164229228176684,0.39733856009723517,0.46720703079596765,0.7203662318686126,3.8595080207129016,0.4881086934602908,3.078566873663028,4.9626488517923075,0.5632264484025457,0.43375368439534057]],[64064385.50151678,64064395.7720561,[5.9739612599218255,0.8223815069288181,1.515336739627161,0.9077750581443194,0.2267647454024369,0.37635875891181514,0.41838535371983737,0.09114791630891833,1.0799277123811084,0.3515496806571057,3.0974508539986974,7.156754284143684,0.6151559920555172,0.4560616532664476]],[63962282.97559334,63962283.180212975,[5.157595379942625,0.36248395159129704,3.1178553339226958,-1.4145039723656758,0.5678246317629708,0.5069692592514885,0.7606543290375449,0.5920791524963349,-2.033520053516744,0.52493738213848,0.8710461303693289,4.737173775960243,0.5591259188364672,0.5273228696890405]],[61778789.14471973,61778789.183131576,[3.582654097270825,0.15764059722969276,1.6097004627481823,-1.6580478251494926,0.6909323760792081,0.48223476687537054,0.5068929896305667,0.6259493499645368,3.4239126117094383,0.5270066963920483,2.036483787180683,4.929204147703378,0.5420429844621116,0.42521175021641694]],[60142174.57981195,60142174.873437285,[2.748876009672067,1.0,0.0,1.048718259680105,0.4937224192517467,0.3919790520140607,0.7145268896444625,0.6522602761091802,-1.4692760679483845,0.24987894718797238,2.4045399571406723,1.2671751991173044,0.5742840491842334,0.5829489379027025]],[58670961.9810124,58670976.83328545,[6.481355947003866,0.4744453742839152,0.12982910282584248,-1.586516174936805,0.3541903448639042,0.38668388218404015,0.4861050030511308,0.19633609996437695,3.1211831727825166,0.3135103398159863,3.7944898952168336,7.6286819273274595,0.565221213460341,0.40843267046586884]],[58017387.18432728,58017389.549425244,[2.932750179588594,0.10080465591138177,0.23344251706311692,-0.41043014188288085,0.49976285523982217,0.5799763340533182,0.9779385458720178,0.2795814134816095,0.5266831633727858,0.7063560922517437,0.4151237857494774,0.0,0.3668874388097897,0.4225590357854383]],[55884264.379244834,55884264.58238089,[4.866030069590687,0.5801463857737031,0.0,-2.0810219332412556,0.8735120055690058,0.689370025187656,0.3022104400511953,0.5191955043616465,0.2747567505312807,0.40140478962033377,1.556935671438067,3.239135020071564,0.4592279528812647,0.4167370771211721]],[55575742.67297506,55575742.67297506,[5.687625564528758,0.42791624390349997,1.7275352625265699,-1.7750285180090102,0.7491760275205412,0.5547378011663889,0.2601488204356772,0.42652542353301015,-0.2792719326985729,0.7295571430042518,2.4329762607434198,3.5452737964896226,0.4749485374054219,0.42897686054668444]],[54927509.815490976,54927510.61097658,[3.5777240360443985,0.705668988115608,0.0,0.1322782242022726,0.7162514805016982,0.7426744772775733,0.2081530215675616,0.38720590333510885,-1.4094349848410441,0.2884568843364115,4.117921381013557,3.807022536055734,0.41253676238372905,0.46576220394599976]],[54585814.98982182,54585815.89716101,[3.8434519701766865,0.0,0.0,0.4382860271271797,1.0,0.7861818732670329,0.7225362132018822,0.5234809130453737,1.2223694549301003,0.34985879435924283,3.703795396360844,4.301905981146036,0.2842781199046215,0.3554896995556638]],[54077026.74463485,54077026.938491225,[4.746201005303805,0.0,1.4156297730033154,0.8672872138728664,0.40543280044746677,0.607849748803884,0.5706762211755511,0.5549292523350836,0.675362819689967,0.18136472652184044,6.997984470222329,6.49523584208596,0.45639058275466393,0.5422989729264815]],[53547048.079646096,53547049.181186795,[4.407970794896191,1.0,3.141592653589793,-0.773333646168372,0.504619773676952,0.6916710148017597,0.331368996853172,0.5712483914500204,1.8463244399719927,0.559457617529832,3.563096417112102,1.7651819186666828,0.6764210462805982,0.5505589767243283]],[53003129.10708514,53003129.19352412,[5.060225254370169,0.9614536412052117,2.7465142402420355,0.15920267916736955,0.6465058028480987,0.3011118758390261,0.4042138199306621,0.8375600569248053,-0.4541281186668896,0.32711963386734666,2.6569264012470866,3.401320455151965,0.6885934455283147,0.5541911510898107]],[52374340.7637063,52374344.09356332,[9.207600863557108,0.36615314289583495,3.141592653589793,0.17844535476657772,0.549369737766915,0.5890640605806851,0.5764000225768754,0.2761472281041164,-1.1439525227021323,0.6852123247914235,4.422506722977743,6.3166340556841885,0.3733754105096895,0.44342782154817006]],[52053364.497731626,52053396.102279425,[10.022031372433059,0.0,2.65626968427419,0.8404997104626153,0.34733758253634717,0.5420957923704133,0.1329886098186388,0.1347655505480887,1.1641461716488888,0.5170696977982174,5.542446372879274,4.454024164688637,0.5886980040432486,0.5228523072459621]],[51916353.471632004,51916363.2777828,[2.152341497967401,1.0,0.0,2.4127611788386365,0.6422611520284414,0.8167533294625006,0.0,0.40147086417479094,0.8448920508069107,0.5296532684707589,2.384559948626658,4.680978949987694,0.5310806972618581,0.24035390679895247]],[51630098.853516616,51630100.135139465,[3.5116192354196976,0.6093116723403013,2.58679735201142,-1.5026626701678474,0.5220520122399456,0.30453758872123493,1.0,0.378433334433394,0.5005020822693196,0.13570849367389082,4.763927224650816,5.731471695008441,0.41231337848344174,0.4772878480157779]],[51466546.61081306,51466546.910438776,[10.148184112504712,0.0,0.0,-1.0797452756145363,0.628592092631106,0.42356317680086075,0.6838560085485677,0.5227842180611756,-0.7571986565778221,0.19733510357073802,2.247996315797516,4.682722770389888,0.4594830039061493,0.6488035875063729]],[51391989.58689608,51391995.21745646,[3.6104496332864944,0.7428921668032897,1.712669122546564,0.46301634877600784,0.8675174364055269,0.3646790402275129,0.12856295605051976,0.0,-0.2105773092453733,0.36762393598729753,2.287805607805213,4.674583089532748,0.4604007682327472,0.4969975955850223]],[50776294.94481969,50776294.94481969,[1.998069840973693,0.4895447312314769,1.672996666227331,-2.5080732175667317,0.447750795785832,0.44132751164394957,0.5266918789921895,0.7061417734194786,1.2445676309577092,0.5795905065323566,1.5621949819696566,1.9110753136764362,0.4820571407489639,0.395225597769491]],[48123012.868872486,48123013.08916795,[7.425764002111138,0.0,2.9164548726065114,-0.7970120326756955,0.35236335797499807,0.4675199272662827,0.29512456109461327,0.5884198153735468,-0.8099936053044772,0.4332125000904984,4.342665111848226,2.351672929569406,0.641074682858001,0.5787833616091197]],[47106846.63477265,47106859.855897665,[4.138592213834562,0.5137042439243502,2.6670007969416387,-0.32277800893154784,0.548569041603222,0.3749406323320761,0.33890228831085967,0.33629196234847425,1.8962498639890542,0.6431874551862304,3.617942183747162,3.5125234933932497,0.560050728021042,0.49610492893791186]],[46817666.28654905,46817682.40655208,[5.678796699139255,1.0,3.1178431759083205,-0.21392409213522817,0.42259307072300845,0.5439351363875073,0.5433192749049143,0.0,2.359899457497309,0.33410892289013927,3.896871801178129,6.553239921411198,0.6408918366351508,0.5789840173699261]],[46243769.35626815,46243769.35884583,[3.765277665975656,1.0,1.8081944616974388,-1.1938391980691063,0.5376409148911939,0.34905860072805084,0.6631377971643939,0.5568936551484804,-0.25447767978718283,0.5183240133189563,4.531599182835974,4.714960314335082,0.46242784381711644,0.5254530849133934]],[44856565.207974255,44856565.33611518,[6.327858725717167,0.0,2.5109414112292434,-0.7135606656048539,0.8336532106579427,0.2570588590016075,0.40770893841625894,0.46963101946009744,1.3080553096651029,0.8234629549801672,8.012632438243049,6.888661536017224,0.46273318749490594,0.24065026907583187]],[44717231.592017554,44717245.74607849,[7.203014218115784,0.9782195301112443,3.141592653589793,2.300094290680704,0.8424919004836131,0.8529935128905919,0.20299606841239565,0.22624259314703327,2.7340427104676968,0.20852131228559562,3.2965259137677294,4.805261843930538,0.572500628821117,0.23540491549800363]],[44268833.1767931,44268852.08919108,[8.453086969365446,0.3371683274997894,2.427545039570985,-1.244361235410782,0.839656380304475,0.3738880785979943,0.5921519568289388,0.30082205175324683,3.242496146015876,0.8010669654233282,4.335871428989838,4.604578311120715,0.6062220532675935,0.4558575141884487]],[43771439.58829355,43771439.58829355,[9.938392664383912,0.03135014364320071,1.802881146970252,-1.348147205627103,0.5031934821366529,0.7157878117235308,0.3856936639524694,0.5453310414246154,1.5552211662027617,0.2320404043185858,1.6804831965601932,4.705722133965188,0.3698100261959953,0.5238013572473903]],[43516807.59057301,43516807.591421485,[5.59093811649484,0.0,0.9096200879018016,0.05455284075057411,0.07638011603605865,0.5880823935386781,0.38546154703657054,0.6089762245382044,1.809148861285546,0.47690307689261774,3.2366088875894903,3.718517407241533,0.5576064237070304,0.566404251432639]],[43095046.85667057,43095046.86086118,[4.793763747445721,1.0,1.569635181306469,-1.8546326653633924,0.47496772887749567,0.37719582001859986,0.6796759367168439,0.5208090470711725,0.750444257259117,0.7047135132868052,7.417077291359734,4.848097042359656,0.44493588655538174,0.4758496779435623]],[42583958.28104767,42583965.79067361,[6.706659413096905,1.0,0.5924125826575773,-2.130338054105988,0.4232900848015566,0.5007550964477118,0.9530863888652259,0.0,1.9683049040183938,0.4778006771807961,2.6557289762855,2.54094315052082,0.6264853897600677,0.4765132138328079]],[42089750.9446445,42089753.60841453,[3.5303229537846934,1.0,3.141592653589793,-0.04851982259756157,0.39613165452418664,0.33438419832886457,0.9092440539406809,0.45556611300410893,1.7241463192780406,0.40961605247482635,1.4547536082828936,5.7926461485464875,0.38980019121767207,0.50151670838122]],[40590128.699464604,40590130.306970954,[7.560779473070433,0.0,2.723082206205072,-2.5886994062110076,0.49604345480810097,0.48284623906924085,0.22149693168114815,0.34929631489121965,-1.509738842997192,0.7165403630575788,1.1393470557021077,3.7730847700778196,0.5190702194307111,0.40284361824207904]],[39893497.08435812,39893497.76884973,[4.94388673201688,0.0,0.738502106075457,0.22488160960255216,0.2732064039643906,0.24514235248910482,0.49904586014813895,0.5490936872857368,0.5076975933256949,0.3880118596452354,4.282852497591407,6.917453468998749,0.4903723990489672,0.48649628068021566]],[39845620.3640204,39845620.98804057,[4.740883965857677,0.0,1.8238897626229857,0.9022899714090952,0.7367130661838024,0.5076625121766248,0.30332707433564865,0.5036091054621009,-0.7432305165502942,0.6882215316968451,1.361138771245633,1.2342715499663153,0.7202212321045967,0.47269325072468893]],[39796843.70130074,39796843.70130074,[4.483779732890519,0.33334579977964995,2.261859696528759,0.13813535803293608,0.36178349320909964,0.3233067872236771,0.7486851339080123,0.5664672948979467,2.3450514054349165,0.4423671773204928,6.5638509100910305,4.926166997432225,0.48579774762508965,0.5764156667811428]],[39522325.97388572,39522326.48543215,[8.90972186781157,1.0,1.6431659140226709,1.054199993188526,0.2747889322141645,0.23791164753043742,0.6240731311120827,0.34026238829320377,-0.28676475961097625,0.1,5.958419535565126,3.9800201963876267,0.3669593021305737,0.41174550655436004]],[39304971.72350851,39304971.72448516,[4.9088722104247005,1.0,1.627768517623,-0.7680570175002581,0.7340290811676289,0.7623358545112691,0.727761378053212,0.5189148911175383,1.8599151380259475,0.5089216563352253,4.3671294202817235,3.6506568982822833,0.6471254377491013,0.4686599879666402]],[34905854.03059446,34905855.49282038,[5.815248564274307,1.0,3.141592653589793,-0.7952393890802933,0.7714791674989727,0.5392870596332568,0.13910253110236048,0.5519419949754751,-1.1914012859617187,0.5532868951336954,6.597790989993985,5.507407792799281,0.3683572050696955,0.5653293509197362]],[34881250.49391153,34881255.85829508,[3.0457261474683195,1.0,1.7523453700267175,0.05282301365170772,0.17495397199762003,0.3573356491717004,0.6547129975489729,0.063164721221312,0.7706248990342118,0.7717165088118376,2.224234799846222,3.9200646928434817,0.48380262638948646,0.4991253541936161]],[34837246.7278925,34837248.10524464,[2.8397888438287255,0.0,1.1541351737492094,-2.2819150194498565,0.32927340296231294,0.47339428139795253,0.2476943110479885,0.6485868836668798,0.5928768334967632,0.5055066210224627,3.735089133463027,7.726722377712145,0.44722259179990065,0.5519175799251506]],[34313180.92045759,34313181.028003216,[4.007411657599297,1.0,1.0243534657598463,0.6796524726812906,0.4080136993101978,0.8498322143432409,0.569606270305048,0.5201981749553731,1.684886708086537,0.15310758125663193,4.806137607693104,2.88446410135675,0.5651182458873093,0.4268088247879473]],[32096708.621659797,32096709.123922944,[3.619275502502668,0.0,2.0120154842537294,0.6636300350892295,0.44483777885131515,0.7243727621700268,0.2241439644917705,0.40332247609425664,-1.6079140425382468,0.6056907056839966,0.8730105040321905,0.2500233923245414,0.4194530802254365,0.46015846581791037]],[31609673.121469997,31609673.233451843,[5.949010377779394,0.0,1.1775367986515084,2.312574222474193,0.26684837761922975,0.3549883261260951,0.9242223731876831,0.9378920880819159,-0.5942059128708731,0.33541568342137895,5.267299090487384,3.7922963703218566,0.48450654897634493,0.46138969213210296]],[31331863.744179707,31331863.744521856,[6.1481812690810145,1.0,1.4197463593779374,-1.0971924222252436,0.35507492855015055,0.42154158473530273,0.6212009786040201,0.7063883869691431,0.37459710205357405,0.7990690353525812,2.076753466701248,3.298042639173399,0.5710980485021325,0.5467288859074079]],[29651975.315001056,29651975.648670077,[5.341834232951987,0.0,0.0,-1.8820091357786028,0.6062590738027647,0.7362539402133772,0.4529330312420678,0.42744856379842255,-1.2116778305868414,0.7763602218167273,2.8997265249358,3.1752410455299134,0.4400709171128644,0.48848629949760813]],[27760513.869175807,27760514.194235444,[4.6260989695561765,0.0,0.18095952573775076,0.7205758691220377,0.5322071993631914,0.8343910124874881,0.8019302912410766,0.6014957790018998,-0.12711321027792388,0.7062013789338466,3.15335972399237,5.220687197086365,0.42174267492061845,0.5134372476554745]],[26687621.623552386,26687624.06929791,[2.867322878360903,1.0,0.0,0.4031513414993889,0.5887783953854604,0.465340455172084,0.6928726115352382,0.16671950771231747,-1.3437574117697328,0.7391735689428286,5.224708265998779,0.5637270795676739,0.5115676720611294,0.6423174027503118]],[24952849.658605333,24952850.002289772,[5.608320757232747,1.0,2.343941665017846,1.164583861889036,0.18235549080619817,0.3401292375800887,0.3390709809466087,0.49479942229043355,-1.8183630217570252,0.6790614743738855,5.538432042817675,5.323396214821827,0.5865508480042733,0.5881375659770582]],[24812457.781009693,24812458.810740113,[6.065608539186836,1.0,3.0910280715135094,0.8975096305587327,0.5411609950992913,0.5519229160858077,0.0,0.540345387411099,1.18432081012977,0.6467336617397632,0.6943804715728121,6.043087708145134,0.32458662173644326,0.6218252385260541]],[24454660.347022083,24454666.91545272,[9.241238881725891,1.0,2.2114939284761452,0.2799753014574272,0.1397565927497164,0.6111507306360011,0.038317539618457075,0.1842077428413733,-0.46236923506185224,0.22088895803361575,0.8694039911166573,2.330728391162614,0.43542202832843524,0.5226291269462395]],[23556243.405393682,23556251.489002407,[4.3943401786269245,0.4415151091157261,3.141592653589793,0.5975140619768096,0.5776116219741443,0.1825821056416025,0.5174411940282747,0.16247402218492546,1.5812856099949006,0.4629852252074067,2.772166434516847,5.311626182547136,0.4679679869168124,0.3693780952802465]],[23337596.006827757,23337596.409499407,[3.330955309853536,1.0,2.201699886885254,2.8673180098003046,0.8993175465735911,0.43089126045821613,0.49932187688755153,0.6607814514307094,-2.3873443808191595,0.7522575299380746,4.478600415072419,3.4496988336263947,0.32899934141399556,0.46855905319991475]],[20640991.524479933,20641012.236446142,[6.509792787493232,0.0,2.2253957454505597,-1.252474582522249,0.33756384237680687,0.6902840454818528,0.49456023047395997,0.046360488462499516,-0.43599203226763983,0.27316925538334824,4.471694846276114,0.0,0.4492469964600818,0.5842719426060619]],[19960381.530890275,19960382.343195677,[2.6909144946756918,1.0,0.16552572029495072,0.9968722637913208,0.4758947567732501,0.49752895945709247,0.5749317335617079,0.8247325489203425,-0.40567947954035094,0.9,0.9971486593733712,7.889832546352892,0.36462390648220167,0.5185932277436215]],[18576701.084211465,18576701.22354555,[3.900400321821288,1.0,0.6804752791767579,1.2233956829263324,0.06600831522507422,0.3071239436188171,0.3846853837724389,0.5622592785519497,-0.032865651191469274,0.9,4.023245383137654,1.4150334238680018,0.5744490620055069,0.44195968412893927]],[18497976.093974326,18498007.70865512,[5.485445765925519,0.40485987870704365,0.0,0.548176165745728,0.6573341810857032,0.2550585257332243,0.45198391619024353,0.8134549880772319,-4.0,0.9,2.853136871414519,5.308524097121392,0.5078724657936369,0.40895494772185403]],[17979683.201703686,17979712.702885985,[6.649501302453083,0.7356688407168422,1.5621341338070667,-2.475950787154706,0.3768351737068457,0.7023392388265288,0.20122455507414883,0.3740469167488333,2.4063855167206984,0.667485062953296,5.382469616383573,4.672437876279738,0.5391289525786813,0.4586218517478634]],[14833299.700098049,14833301.758110285,[6.8417374363350705,1.0,3.141592653589793,-1.3687877716254784,0.5067725647901086,0.23350316762611406,0.25645478395515153,0.7220992099876011,0.024989380778823532,0.7450655031759403,3.344762644545167,0.45908045533061514,0.5828724688204945,0.507891974840267]],[14390463.590489177,14390483.255987525,[5.97507952499856,1.0,3.141592653589793,-2.8663488482573753,0.6504445541902865,0.7037511513118329,0.1775593846785269,0.2348177700620247,1.2927119465518446,0.48345297184889213,3.9521485615189453,1.7205939985216392,0.6243245354850412,0.523620474519453]],[14261616.082445549,14261638.6203022,[5.981912191704512,0.04354274691341403,3.141592653589793,0.245375306793676,0.5913322248432907,0.8798075106967742,0.2910370419113144,0.7551476311167613,-3.4136542681732642,0.5688673964513451,4.345292798794323,4.576730546334332,0.3754763956866596,0.5302248712933856]],[11141542.823936291,11141544.550092101,[1.7819954473739914,1.0,2.2437091151218884,-0.943979262661653,0.5560246844416301,0.43646190891402425,1.0,0.6104512404483879,-0.013623861438194586,0.9,2.9773409558328785,8.13492102797187,0.27297399289968477,0.5520919271199731]],[10487065.91352601,10487071.87059033,[4.100506053430922,0.1959371854818921,1.8672924500720682,1.7654283486418891,0.6479022880647222,0.7485733937926307,0.5087708165561959,0.7371231447270608,-1.8608029197978122,0.8062833726678218,0.0,4.820319818091383,0.47288589922433155,0.4836857855328229]],[10331567.84039956,10331567.9182086,[6.0377931333785915,0.18225929701900279,2.4731924704152246,0.4787971818201472,0.4209301578234385,0.3719349840742569,0.1384355568397913,0.49747957409069254,-0.28286995463877274,0.9,5.932092011222299,3.623711912670187,0.48001947613056517,0.5886460587954379]],[9055695.891361492,9055726.596184015,[3.689527130875787,1.0,0.0,1.910620663627955,0.8091802882977366,0.2288155997040801,0.0,0.19301472266262903,-0.9782848565643691,0.6248094566631595,5.282511982243917,3.076914526576826,0.6977986017862395,0.5695726020979898]],[7543110.824464375,7543110.832519054,[4.9944960028543965,0.9112461710621558,2.285255232014842,0.6125647540124228,0.4673187518108856,0.32084369459930695,0.2861027528408864,0.6133159836849559,-1.0042770321598287,0.9,7.226507845495815,3.929835395667603,0.5119016505319177,0.5806818261671688]],[5199923.222898101,5199923.463107526,[8.000694260934022,1.0,3.141592653589793,-2.223866765104743,0.10470106919221683,0.1371024287145714,0.7849272082875811,0.4851012465350701,1.2799487234862468,0.6500307884722532,1.4926476535704767,0.7188492272025719,0.5013321296753654,0.41117780806803267]],[3961358.994041583,3961358.9999964237,[4.8912583441389605,0.031981429853333965,0.0,0.006289222344146214,0.3332698596199785,0.24443785659001388,0.8250675511546754,0.4886917867595417,2.290054446853383,0.5847928011807366,3.4419576531469405,6.051384143979805,0.614723320924356,0.679324867412608]],[1154185.4870486388,1154224.9810442924,[5.835571503084649,1.0,0.8123412923192989,2.235718170604339,0.6924164352840834,0.7207554139184621,0.3508279014873793,0.15154745350809623,0.512696434903403,0.2650064756098708,6.015497646624913,0.2592707026918162,0.565006438216021,0.6304959945298225]],[-1739004.892866908,-1739004.377594471,[4.46635881303958,0.0,0.36898319027364535,0.47068394231491684,0.10966783908377703,0.9241101538891945,0.8516027420908086,0.6659691131627034,-0.505743651256514,0.6475328851945784,2.945652388255162,1.3020556029202055,0.6631808279479479,0.5773307019733945]],[-4579670.396056119,-4579670.245736241,[5.406381500755838,1.0,0.13688888983967984,-0.40282206900390893,0.9785592177392944,0.247983188348671,0.7834058155013073,0.798188753013596,-1.5665829862887213,0.7027836566977808,5.161182533753092,5.749689970489951,0.3806134952474732,0.6643963951630716]],[-4876878.211304679,-4876877.7458824515,[4.411546073989979,1.0,1.344682053137836,-0.9527312304443014,0.3066565847503422,0.09946946247574628,0.2672729414305266,0.7966383756267231,-0.9102928969454553,0.20418622491277721,1.1146299112012787,4.009822971723818,0.44014852142204103,0.5037665727985693]],[-13041323.723624531,-13041319.906143486,[1.7625111039989818,0.604173817667562,0.0,-2.7280584060183575,0.5087766578055308,0.17138726630956536,0.07114205791872402,0.20281489119948598,-1.1487436877961612,0.676649272191902,1.554862578554327,3.1534601724275997,0.5775139255574836,0.3808015942581499]],[-18426430.26124989,-18426430.164508224,[8.268752592248596,1.0,0.17084495297308,-1.955195356175805,0.4974423313252173,0.7030998006233027,0.3779354785566283,0.5612913589883971,1.8571890887790534,0.9,3.1093780912256257,0.0,0.5225576298036936,0.4412670771794193]],[-18609584.968283452,-18609557.342720866,[10.101885673537417,1.0,3.141592653589793,0.4263745269513301,0.5894530001990265,0.01441811373797447,0.523240792169506,0.3647493206285759,2.588695530359505,0.49420016543977663,5.229398533759392,1.8285570120789347,0.5047866337119811,0.3572133437441093]],[-19544330.878304634,-19544328.874256134,[1.1700777686194037,0.0,0.0,-1.5732792069435195,0.19722674197123374,1.0,0.7418842448676748,0.5489756339117128,-0.46857615823501825,0.7191721814670046,3.8813069905526705,3.973761872977219,0.5343389207877702,0.4951662839820189]],[-21843115.49814546,-21843115.49814546,[6.328027302995517,0.39134518731688683,1.3861972298293608,0.05724428731882325,0.721464182122904,0.9023663111494166,0.6681844502495986,0.7116826260044476,1.4960304311962267,0.6134971006681682,4.340668898177765,1.7626271245519587,0.41703159831139525,0.5911443601476515]],[-23142187.9057352,-23142183.346657574,[6.628113562374523,0.0,3.141592653589793,0.09544010454445798,0.2554174223472918,0.02378178489674826,0.5831523419902345,0.2832257352263142,2.1644017093474166,0.4918613483437644,0.0,5.820711048036131,0.4619741896192028,0.4128761635730823]],[-24177423.49078977,-24177423.49078977,[1.147291803028652,0.33429915978579094,2.9726265734668167,0.3415029382729355,0.7679488165077122,0.8823245137471037,0.3520266815204084,0.5289455693585663,0.24125267630968444,0.4404842136709133,3.098498891919813,4.0397937851156875,0.4193899522555325,0.5393509922855562]],[-26122370.219112225,-26122351.93329513,[1.4310677436440695,0.5604417991625987,2.971744985512327,0.6516143209833861,0.5831090331876143,0.4785375362559318,0.4465962785868847,0.2870253515985661,1.8082229822100047,0.8940313221154914,4.270041117416281,3.1467529860677628,0.47977268647623406,0.514894731702811]],[-29025297.386697102,-29025296.747408867,[6.443725149110994,1.0,3.141592653589793,0.13211792348062035,0.6888058111921832,0.9543218571121479,0.08678079151380702,0.5276973034815758,0.340682553385032,0.6040059583848038,5.645397536097978,6.335953437494579,0.4822030260491048,0.4481978217236226]],[-36348764.00123927,-36348742.16083646,[6.612591375972352,1.0,1.9587551109459955,3.6304176637184797,0.3147435490918993,0.7704160762311283,0.666921386729647,0.247923287409557,-0.7829395885725189,0.641535809864762,4.248786435322519,5.441368928752687,0.44003485610367576,0.5681628172541915]],[-43461045.818769015,-43461045.030169606,[8.583490872171243,0.0,0.0,-2.0143948583015314,0.5155657314304632,0.7313133502697772,0.8136457550292936,0.48086791136568197,1.4876723870657886,0.8073179431734425,2.5703071015564714,5.419346565882234,0.4203718594645439,0.4742330485811012]],[-56086932.15304785,-56086878.55243015,[0.0,0.2482129706420792,0.7419873205076829,0.015072776301243627,0.08705374195103172,0.12489423907129005,0.34478443138730785,0.6790761352448618,-2.682770848716192,0.5180387051232073,0.2868594967908713,7.151606560819051,0.5058417021337291,0.5733686203083032]],[-61123480.37813875,-61123479.34172094,[0.8486776204608599,1.0,0.0,-2.1175274528802586,0.07887843762286861,0.3142485825679713,0.3383043661232245,0.9616805102545725,0.30430921205193134,0.22284191135135378,5.962038313248495,4.671326180591405,0.46144762414029694,0.559168123552797]],[-96066761.94492123,-96066758.06484795,[5.894940940659703,0.0,0.0,-1.1915263438553385,0.0,0.8211798685288842,0.7498238067153339,0.5195114639236171,0.4997666520802961,0.30113691312722984,1.6482420752834117,3.1003588988186657,0.26037605696878274,0.4930282871117752]],[-247595077.22128117,-247595038.52488536,[0.0,0.0,1.2487690234350313,0.4651320457887653,0.3080854246364096,0.48485575065492226,0.46925284822541496,0.0,2.536740453140774,0.7624022494836069,5.634708409948128,2.6503571669131145,0.6196627348220523,0.5199072606055187]],[-249379032.46422842,-249379010.8879385,[0.0,0.0,0.1364365104408818,-0.31574129467454604,0.6491182903938925,0.5005947580769977,0.4360580875571781,0.5132903087462827,4.0,0.6887140961464907,4.409556786266772,4.916439618173302,0.40588563251685444,0.4598658246985627]]],[5.148164727044389,0.42364789483793097,1.723803023696125,-0.2904422831532896,0.5256800800583789,0.5328762847486946,0.5232288099501288,0.5086633152519577,0.24431737124836278,0.28288489089129,3.052285590526388,4.241301996019418,0.571142784718766,0.4378953130796138],[23.436713757719524,3.5723458298055957,9.242651028823557,8.39229256162117,0.24043243925576727,0.2269240691667821,0.24403357354664004,0.24720111931672697,9.172082033524612,0.2579883356835367,16.139723517363883,15.931678395810948,0.04235099927688359,0.0400194896523379],[[23.436713757719524,0.015591873787635485,0.013330728991798251,-0.2280613894581697,0.00446886444010464,-0.027927425495274664,-0.07325088710203148,-0.05212779402160841,0.24101157160484765,0.029932831515907043,0.03807879534964165,-0.16286734744750894,0.025612809005394237,-0.006925565399154559],[0.015591873787635485,3.5723458298055957,0.011197123114605717,0.02375113122565677,-0.001966762457118831,-0.0027097326767695144,-0.006092588750866874,0.005628692397190337,0.05515457167301935,0.01299151140975472,-0.04402830442915599,0.016659556116364688,-0.004762319851127447,0.0024893514831804847],[0.013330728991798251,0.011197123114605717,9.242651028823557,0.04482866373879387,-0.001170854931938865,0.00524006953600576,0.05556128322378206,-0.016506334938407276,0.11755626828933449,-0.0215253493737894,-0.1933208767583334,0.47037546528908225,0.020075190545750098,0.011784468807406271],[-0.2280613894581697,0.02375113122565677,0.04482866373879387,8.39229256162117,-0.0030818522396944,0.00884571960949467,-0.011063615158493998,-0.007906954422890519,-0.13139254875590037,-0.020559433255571084,0.3030138386089506,-0.012304816406127914,-0.010565364102608025,0.021638169609697624],[0.00446886444010464,-0.001966762457118831,-0.001170854931938865,-0.0030818522396944,0.24043243925576727,-0.0013989282966295619,-0.0030102958131235234,0.005122708925763026,0.022620867771292408,-0.0038080991475573935,-0.06133668173133528,0.009273683223957226,0.001226779981464452,-0.00203974946664468],[-0.027927425495274664,-0.0027097326767695144,0.00524006953600576,0.00884571960949467,-0.0013989282966295619,0.2269240691667821,-3.992114899105323e-05,-0.0015897437360454295,-0.026440362899991292,-0.003522140902353448,0.0033011723973498408,-0.0020369403669991885,-0.0013772589735085532,-0.0014956237127053342],[-0.07325088710203148,-0.006092588750866874,0.05556128322378206,-0.011063615158493998,-0.0030102958131235234,-3.992114899105323e-05,0.24403357354664004,-0.0005238045221349187,-0.0006997510842384785,-0.003178704227231412,-0.06672824992683038,0.06001666720158514,-0.0006425292265704874,0.0012783197898956283],[-0.05212779402160841,0.005628692397190337,-0.016506334938407276,-0.007906954422890519,0.005122708925763026,-0.0015897437360454295,-0.0005238045221349187,0.24720111931672697,-0.023548901968945674,-0.005967307477769628,-0.09318847533070794,-0.09020549565359508,-0.0008529943943164218,-0.0020824289426959967],[0.24101157160484765,0.05515457167301935,0.11755626828933449,-0.13139254875590037,0.022620867771292408,-0.026440362899991292,-0.0006997510842384785,-0.023548901968945674,9.172082033524612,0.008673946338362088,-0.2813647088378348,0.6809054796668214,0.016988474567721415,-0.0031167730508653703],[0.029932831515907043,0.01299151140975472,-0.0215253493737894,-0.020559433255571084,-0.0038080991475573935,-0.003522140902353448,-0.003178704227231412,-0.005967307477769628,0.008673946338362088,0.2579883356835367,0.058455258444839675,-0.03642148098266975,-0.009002194759953897,0.005650293668093163],[0.03807879534964165,-0.04402830442915599,-0.1933208767583334,0.3030138386089506,-0.06133668173133528,0.0033011723973498408,-0.06672824992683038,-0.09318847533070794,-0.2813647088378348,0.058455258444839675,16.139723517363883,0.112927764038137,0.001328453133845796,0.04502948644219835],[-0.16286734744750894,0.016659556116364688,0.47037546528908225,-0.012304816406127914,0.009273683223957226,-0.0020369403669991885,0.06001666720158514,-0.09020549565359508,0.6809054796668214,-0.03642148098266975,0.112927764038137,15.931678395810948,0.019939894216575688,-0.007898244496051544],[0.025612809005394237,-0.004762319851127447,0.020075190545750098,-0.010565364102608025,0.001226779981464452,-0.0013772589735085532,-0.0006425292265704874,-0.0008529943943164218,0.016988474567721415,-0.009002194759953897,0.001328453133845796,0.019939894216575688,0.04235099927688359,-0.0011779514316471648],[-0.006925565399154559,0.0024893514831804847,0.011784468807406271,0.021638169609697624,-0.00203974946664468,-0.0014956237127053342,0.0012783197898956283,-0.0020824289426959967,-0.0031167730508653703,0.005650293668093163,0.04502948644219835,-0.007898244496051544,-0.0011779514316471648,0.0400194896523379]],0.5798643223817258,[[0.0],[0.0],[0.0],[0.0],[0.0],[0.0],[0.0],[0.0],[0.0],[0.0],[0.0],[0.0],[0.0],[0.0]],[[0.22445488983001038],[-0.2891646968597847],[0.36890523415612575],[-0.7333188310919283],[0.3890277838261966],[0.49804315902242213],[0.35189346899524204],[0.1312406474354906],[0.6168610408724259],[-3.2890789101798696],[-1.7946168566235525],[0.45693578705201293],[2.694356852806583],[-2.3520612730697716]],1,100,89535991.90895392,89535992.50413704,[5.541040563722928,0.5394249998236453,0.8770263438200184,0.4679069384958175,0.6495249417622336,0.6013092944651347,0.2614713102300946,0.8192911406015577,-1.0815744275372523,0.1,1.6369574561716984,2.2645083995770836,0.49038872199265543,0.33272795508636566]]
