["generation","mean","variance","covariance","_sigma","_p_c","_p_sigma","iteration","num_evaluations","best_score","best_evaluation","best_solution"]
[[[24343870.217508253,24343870.334604025,[4.928106640535841,1.0,0.0,0.9085554611567079,0.22928043763692618,0.5465657539453941,0.23694472910306374,0.6160241324784521,-0.2938399124779322,0.2804717779439275,3.0058162338269954,4.328994470754868,0.377946179372962,0.36159605613870854]],[18389251.173401788,18389252.080742836,[2.8036666423019643,1.0,1.7189318624399366,1.023844445048045,0.4503619004371942,0.4474705846830791,0.4953065974845875,0.5726344537538931,1.3592254298848232,0.4734436026119612,8.711528340853482,5.2597979097495156,0.5517345942428555,0.36785017322786384]],[17294009.895640776,17294009.90876305,[7.048308774207353,1.0,3.141592653589793,0.44056926765730664,0.38267969904964677,0.5233122428391302,0.5166041243213026,0.4653298870888982,0.8316869866274088,0.38743587629765996,2.5423575728823,2.4484889070147373,0.412481671752413,0.42871214956096215]],[10555489.143843412,10555489.143843412,[5.081880750909457,0.7041152973613841,0.8978260212738229,1.9636917339759572,0.6535498039913098,0.3148129088888223,0.5340484648712591,0.40006663274486565,-0.2692524226916764,0.3403599664162063,4.565430008865931,5.752754165178175,0.4109197034951777,0.3785555715231506]],[7981668.8732019365,7981668.874112487,[4.07803421605386,0.13311759345962498,2.4221140378072294,0.8041045690684699,0.24558237817611234,0.5601155906976937,0.6464142653935157,0.48465244902144894,-0.022780942075732034,0.32337146464489086,3.013383856076584,6.163093426407655,0.4828946409576225,0.49735544325721076]],[7169533.053806431,7169574.868465543,[6.0702361179017705,0.0,2.3823918845155942,1.4434102719211022,0.7312463701186025,0.7930649155791047,0.8424367391216926,0.36012258253491647,2.312141762283784,0.4694550319472046,6.3828455490797555,4.3178027576045634,0.5008724323928955,0.3033678249657725]],[6250736.831466833,6250736.892699361,[2.43499214263661,1.0,0.41193079766373253,2.5434174094546105,0.7300071067730332,0.582135978628551,0.10454938518307161,0.5492823174618068,0.39111831766262417,0.3098943041216723,2.335884971973646,3.544414363186746,0.47601454690308004,0.39094788373682465]],[5635503.1291916855,5635504.215487242,[5.667230996629633,1.0,3.141592653589793,0.34560304002952746,0.011894010503551433,0.460242536952748,0.7775997726522281,0.729893564957142,-0.4016814536030766,0.22519762907256885,1.3952087963971929,1.5813406622188553,0.3382744892871956,0.530507056472592]],[4159791.514938902,4159823.036332965,[5.906622722862589,0.17444394980109246,1.1142426869167397,0.6947321584892369,0.44414388522259457,0.3026395473250544,0.6196408934329127,0.9444996219997692,-2.5735251309614986,0.2338485448624934,7.177316703596439,5.369423087834299,0.5154555863495887,0.4635333932248655]],[2956630.062190406,2956630.916509986,[7.515987355710329,1.0,0.338103680547557,2.251463868663435,0.2617163930145219,0.45940275004140035,0.2722176540132789,0.49254808037810927,-1.082419299689477,0.4075691742262005,5.072062522916449,0.0,0.45988700448457426,0.27910854200491664]],[2552422.3684532093,2552422.3686430454,[6.069936177710677,1.0,1.6922014100450187,2.1184792429729087,0.2165028054047352,0.6277122061420883,0.6022870161266385,0.6419222654754105,0.6980605274366134,0.22592736356406934,3.4542972387357938,3.655829186179127,0.6468432965115292,0.4068243255618273]],[2185525.3364494075,2185534.583754301,[9.416680743215885,1.0,0.8036929294410193,-1.1381407354719715,0.4341957097330788,0.33682724965332167,0.5506264015108095,0.18581682408641714,-1.408970225440753,0.41717551100364647,4.57501852894413,2.90145048599343,0.5807298072154101,0.5038373801110377]],[736063.3487588702,736063.3833677769,[7.055212350635948,0.27330783811890835,2.3868635478714486,0.7315012887529275,0.7757629185768067,0.282355326542546,0.2679965977712061,0.3385472843096926,-0.6012517193561229,0.43759725283594053,2.7811139007305488,2.4369621510494173,0.7038261158375434,0.48592005709277275]],[724627.490340939,724627.9711920023,[3.258359618380725,1.0,2.4253363199961213,-0.4940678882986947,0.5089425093043428,0.6097256403475863,0.3841829469513258,0.8125897438610824,-1.2907458743116982,0.5565254463159002,3.806097476817355,3.062139082352486,0.3997495996288682,0.3777256223228608]],[611743.0569405593,611743.2229502201,[2.7007919256975583,0.42583794540064795,0.2179783545731917,-1.8604636192550612,0.5110527280037889,0.32701871927674414,0.8112013014229329,0.6686922471959204,-1.5629871069665087,0.5645453543616643,4.1268629729880715,2.2295008472407707,0.5244063398659957,0.376421174465739]],[253263.69650094604,253311.87231218815,[5.606673248672286,0.0,0.9234201952544314,1.1118260112477536,0.3919150141886254,0.6628093710097452,0.3143563232793748,0.036812364596589486,-1.1445628612344025,0.25301156472998454,4.418217848358216,5.193943063731456,0.36122116389295233,0.4364706035518492]],[0,0,[6.627150823087016,0.7089249938153548,3.141592653589793,-0.732598271895245,0.33565582645208686,0.5739013139179824,0.33847177880900636,0.25112770248851357,-1.5471392275331488,0.5216018516122221,8.59434182015277,1.7281479282679002,0.5473005240712584,0.5239136665636546]],[0,0,[4.8443926103624975,0.8452884910567264,2.473300819298833,1.714211299629293,0.6256643031568334,0.026103634956874955,0.946051509189904,0.38898914347729274,-2.4968409438185013,0.9,0.029331767056503644,2.85870273410309,0.5357450784057208,0.4216915699860512]],[0,0,[4.94508754879843,0.02454293183257178,2.0563978784102956,0.22093275814412333,0.7716093163881016,0.48846588156176335,0.6977940082990903,0.8093872137630151,0.9652081201810855,0.6795021992333401,3.878879467530421,3.769972827703375,0.466639629464092,0.5113350308573427]],[0,0,[0.7430513134651253,0.0,1.5087133686972893,-1.1233855303092448,0.43284934255269936,0.5801339753685536,0.5269954847437239,0.5384785874937436,-0.3189981355961311,0.5285221394121711,7.347421637631394,5.62109284120827,0.36239681657292644,0.4532414917439672]],[0,0,[0.0,1.0,3.141592653589793,0.7010655755973364,0.6450911922661692,0.6417512710232338,0.4410183453285277,0.5061454812274281,-0.4672845657079717,0.6444109157940258,3.901197633332534,3.851012514883195,0.39850653538023884,0.5076715628430458]],[0,0,[6.730819503256195,0.6020992769126814,1.2203601307489391,0.4263815109751299,0.6319612013344889,0.6041082506489318,0.5207105594108054,0.5815095021638627,-0.7554866357020975,0.41755465775220313,6.714601187337312,2.396554151774933,0.6342792709000104,0.6497920809375428]],[0,0,[6.795583487106124,1.0,0.21857719633591244,-1.3644381163756885,0.41916032438275797,0.9292413329446176,0.5922811831319501,0.3848492755609074,-2.013160612496142,0.9,6.603837233788024,1.3444225332314228,0.3696878147169993,0.5265410341317832]],[0,0,[6.662721518782817,0.5725491811175533,0.8315148879328944,0.990271007699758,0.27978186041691083,0.15383861842667024,0.0,0.8992534907820509,-1.1233732440720996,0.8131491100787924,4.506946593873052,3.9409515867280356,0.3512440334915944,0.7668406225699826]],[0,0,[5.706267852549619,1.0,1.24902329936811,-1.2790738160338362,0.26718532797742856,0.5077788907084682,0.2347390355490489,0.27404635895820617,-0.3606077665139408,0.1402265595157528,4.634299052523938,7.038160089258049,0.3224273585795342,0.4603629681298534]],[0,0,[4.892063579410461,0.0,1.2162811151515363,-0.9891525218606296,0.20034406069236588,0.2334838102205543,0.12835208220216882,0.4398599491230628,1.4721834818584707,0.4868740774521296,1.8099548136437926,6.441623519536599,0.45223342076586026,0.6663938136132402]],[0,0,[4.938787369425683,1.0,1.6565903323651923,-1.6302140307577073,0.5069042399374459,0.44511343969362616,0.08855335932319425,0.36324328282311313,-1.225723376855708,0.2062040612674063,5.750559250112218,5.509212383701964,0.3355683107148142,0.5365957517344059]],[0,0,[4.295303940483556,0.48115802636844734,1.3878976798837548,-2.090012980219561,0.25231869793242934,0.22883124652721953,0.6007801514430824,0.529721287421494,-0.008337149467643929,0.13156630157425303,2.7910053413794262,2.5674004225741256,0.4987252041461648,0.5590348234623882]],[0,0,[9.184950181839454,0.8981120307441433,1.0321468670735108,-0.5915158454826174,0.3720007235697673,0.4858576853547922,0.3192080012629702,0.6187094224075784,-0.1606648256436834,0.5797436940929164,1.7872209175924096,1.3705877934614517,0.5921347841407121,0.528802364155531]],[0,0,[7.788874737755231,0.773957431154269,3.141592653589793,0.04675374968894264,0.3601167899093135,0.5923318432419362,0.6299576419117947,0.874050166235805,1.0239028030103994,0.6192805481009573,4.194862627640267,4.603451132782574,0.37815681821030445,0.701246079547399]],[-2139464.428034663,-2139464.428034663,[8.070535551829664,0.5581832412409438,0.2112246314869466,-0.41093470324851644,0.24058705967200905,0.6133714797136841,0.36471987863137045,0.6108778658587404,0.901639301922213,0.38409255952417354,5.307461107951813,2.4832700895444235,0.5221383808781881,0.3983247754909841]],[-3683906.342891862,-3683858.7700446844,[2.713477707602864,0.0,3.141592653589793,0.7338674057798678,0.644287193870716,0.322802926064647,0.7595281050089449,0.21715376703907785,-2.5951263862691016,0.42108403068581085,7.00665676400121,6.396259714184497,0.5527511707347418,0.5246531022684718]],[-4006927.6816288223,-4006925.4313949347,[2.9341260766789627,0.0820727318974585,0.0,-0.4739582258692453,0.76628053302187,0.58540338856598,0.057389105331907664,0.40547790181109133,-0.6032858035688945,0.1,3.020696851411641,0.0,0.6890706924271393,0.522829813878029]],[-4028639.89781776,-4028639.6373758316,[7.5080743797081695,1.0,1.5717154781852967,-0.4976210062511559,0.13704694096164038,0.5529954971712395,0.6397875330955846,0.7247738846399896,0.2048896864375516,0.14503488197962217,2.5861380339614737,6.884950351698148,0.49808619820795025,0.5705598350435187]],[-5415955.439771671,-5415955.018486619,[8.197389340120905,0.0,0.4921897518539353,1.2439315097866477,0.3359639881302775,0.5828560292705867,0.27252994039571354,0.17902697988826,-0.18561704639656126,0.2979141874406867,0.33769109018796906,2.0592989355092044,0.5718583090740771,0.42760466502007816]],[-6243331.069396072,-6243330.849195838,[5.397674904293359,1.0,0.43972874744895774,-1.5339441050086093,0.5699780448996732,0.7111944244332705,0.5363584466287343,0.378448588008861,-1.051996399727145,0.7759676519740129,3.2384445539743663,1.5673981672310742,0.39758358824771545,0.25779496260922075]],[-8299189.2591177765,-8299189.1132416725,[2.566296579287051,0.46213530002043957,3.141592653589793,-1.7205359486561318,0.03940943218488069,0.3791212240784066,0.3020340420870862,0.4020564302899723,0.7870627185085335,0.5824948453587836,3.640116547436325,5.817024364341686,0.352153927697735,0.432097167578469]],[-8497398.907520525,-8497397.98163712,[4.630421489905265,0.19402253526148472,3.141592653589793,-0.5544469465073439,0.2931918969524849,0.5356333414358877,0.9360394362780327,0.5753735454845983,-0.7140453641387104,0.1,7.637066162980906,4.150445297683112,0.7135181066628551,0.6469053248162807]],[-8806590.360539177,-8806587.363298893,[5.265158568108706,1.0,0.0,-2.8072535895563995,0.6792532923591299,0.1056030785152372,0.3378894939195621,0.6996002456616415,-1.6344212758207544,0.44702901674152457,5.732865389894816,5.719109640613534,0.6263150442600107,0.3094380252548574]],[-10670114.619752532,-10670114.443577886,[5.506997255319321,1.0,2.814125525103921,1.4352618305471303,0.5454634607025567,0.4627787564504475,0.4754549708764559,0.5208831312235379,-2.45311202284356,0.45436359801416076,5.985041827946964,1.7068096951895293,0.39533627144711514,0.49919160414637875]],[-11076215.172347901,-11076212.906365275,[4.273414649921768,0.0,1.639012521903855,3.063940619930421,0.20012426870161898,0.46241375099015536,0.9867336189867997,0.41106600920866393,0.3308284590856785,0.46101354930709887,0.6140272879597548,5.751483529051357,0.4483976498086593,0.47120527804394596]],[-12938766.812138528,-12938730.222822547,[5.039825862164703,0.6325153010314502,3.141592653589793,0.780214675107785,0.2543200705543901,0.5245360823825238,0.9618092836472487,0.0,-2.796120729230911,0.5217281992814073,3.7962973017625363,3.821399752994147,0.42138159075604315,0.5851562181300893]],[-13169079.071910847,-13169063.322032332,[3.5745701497629128,0.8780832280727595,2.096485790105635,-1.5102831230422649,0.48320033602009743,0.21378589770991158,0.6553800544637689,0.5433499243197256,-2.0942585432574194,0.1,1.7621491688133606,3.942762819049879,0.5488032108461876,0.5636672742360342]],[-13577059.38552079,-13577059.361219883,[5.321982906443187,0.0,3.0257479844208577,-0.3296667748588557,0.6632175365270936,0.4577018247427188,0.5548986789809551,0.844399556266751,-0.06754559910822483,0.9,4.844856134434314,2.6549785798601517,0.4766553029364553,0.46655248347213935]],[-15589821.493232684,-15589821.352555275,[6.378293256935623,1.0,0.1376239900732963,-1.463574985733253,0.6075630448736499,0.5507361868114002,0.3657693459894279,0.5919429224448198,0.08488257479362113,0.46849401837685173,3.9363942279240094,3.216003470404931,0.5838515512797382,0.5864871370763458]],[-17402302.18160584,-17402297.699054122,[5.187514868705281,0.3997624298890775,3.141592653589793,0.15397396966827864,1.0,0.7031222344104624,0.7036055341412351,0.30600203555751715,-0.22794098418400693,0.4883503953236217,1.9478591600970372,6.140147466179363,0.34094254461442486,0.4719182916005166]],[-19380490.20518206,-19380488.22309923,[5.479576130728279,0.3537723534584287,3.141592653589793,0.11199070569079736,0.7332707014846089,0.5400290777341735,0.7618848612280612,0.41225516591200995,2.200901241071249,0.4769094336607278,6.5902659294161126,4.000398102979477,0.4664291128508343,0.5998063768548035]],[-21114756.002933335,-21114755.33379388,[1.1783834101952722,0.0,2.719186889970186,-1.6103861818106178,0.9432034589731995,0.35844589271411753,0.21644204000869338,0.504949649845806,-2.1489335553610536,0.223632265084726,4.928219103612247,3.834698457660663,0.5821500952063335,0.5784479596563552]],[-21699440.318926834,-21699440.31837809,[4.654340406636607,0.7461550987902342,0.5853172211317096,-1.3878318542535977,0.5391926243115341,0.7196069804263499,0.4763499999256941,0.859010980085003,-0.20649528492955574,0.40139484997075475,1.3098705485557325,0.053511519586439515,0.4980240620929012,0.5080691621259182]],[-23484845.42340914,-23484844.88732171,[2.191855977832547,0.0,1.4168272030138482,-0.44659870788188616,0.487573834172403,0.5287525621987517,0.34952379111192583,0.561094013427005,-0.813352189982566,0.7346881778766189,2.6227880755850927,5.676289905674658,0.5601787885290077,0.5106809804194773]],[-23895217.43995808,-23895217.439732075,[2.736076312411613,0.4055491990972158,2.245148067139729,2.201623656512363,0.6240440978918008,0.9798350070444777,0.6744375824101945,0.2207916158221631,0.7284399586708502,0.6947877639612919,2.108553646256531,3.0270906833437157,0.49151689008815547,0.50527449378073]],[-24666372.09102503,-24666371.74353671,[4.354530268722655,1.0,0.18949685130905247,0.9079996221527455,0.6528309064216219,0.739152352095172,0.240573440316815,0.7228413103662719,1.8889597365877295,0.7109420142301228,5.25583696423317,7.984504139561083,0.4860846822341859,0.42798446265298695]],[-24813247.77141593,-24813247.167257786,[4.782573515371816,1.0,1.5639958407998207,1.1914506744544808,0.20778173916004877,0.4232667246035551,0.6246361214509091,0.35414483820041043,1.165069793440852,0.3746996158191095,6.9941276822790925,2.086790124833949,0.3898466940210493,0.5640488782626181]],[-26128107.516404968,-26128106.582882166,[7.059686375909019,0.8376290300656553,0.0,1.251850563283862,0.4440583395863561,0.5638928011349411,0.5822619972097496,0.49931201292206373,0.2721278281955993,0.5448185520333831,0.0,3.4505761614765507,0.48591504474063246,0.5269687925131931]],[-28244082.2104851,-28244082.2104851,[5.5245578896039875,0.30833686413828465,0.6299171356330859,-0.4442947081002093,0.4663432925547615,0.5775944108647255,0.588249530882491,0.5737325322141495,-0.13481122575668048,0.6540984660464788,1.1899170096000593,6.378324164290232,0.3732944169155825,0.6391489863197319]],[-29460599.965955056,-29460487.873954177,[5.537193766169276,0.0,1.6738919998567465,0.40415265285218316,0.27767683293152723,0.6034359853959395,0.32312717441008754,0.0,-0.5168393043257383,0.7437238274462765,6.157616250803866,8.573977795460918,0.5592733692776864,0.3783181242709663]],[-30346208.631501805,-30346197.953701735,[5.645603244294177,1.0,0.9420575022179252,1.4823140828431842,0.748406099492888,0.48053733888321526,0.15583730596282658,0.0,1.2495823913758388,0.52606840895621,3.07117739196719,4.137136498568551,0.5125585512785562,0.5235705801130177]],[-31436552.09137227,-31436551.148872137,[4.922460137753314,0.0,0.0,2.159711246052435,0.868476509411773,0.7369699557386502,0.9987168888821377,0.7916354445889537,0.0011834937386247606,0.5877483337034931,4.492109723266763,3.5639526372796664,0.46172809857738795,0.4993109059846301]],[-31948356.448160686,-31948356.445543885,[4.079240142190525,0.0,3.087668375223882,-0.20751565596932448,0.5560173435882841,0.4308891833857011,0.4373792027947704,0.39759546952337654,-0.006128688085088816,0.8988715379143513,4.03588146400455,6.2857977140704655,0.6472051376557144,0.5392011349499062]],[-32157413.31205821,-32157412.774817705,[5.785398898839664,1.0,2.604865917021617,1.1925209317415808,0.4585312336659142,1.0,0.9319565171056747,0.7164691022751382,-1.5311555472217018,0.9,1.6366986784343407,4.143426228949429,0.6170290919625869,0.4070867581153702]],[-32190347.691757664,-32190344.773038387,[4.836580990658337,0.7196937326861688,3.141592653589793,-0.18868140118098842,0.14706581999222307,0.36410691453641547,0.474569027845533,0.7277717868182543,0.266816312417541,0.9,4.114151599771846,5.269944552705647,0.4518033807963299,0.5596826782174927]],[-32932987.071653422,-32932983.70669341,[8.050850995708808,1.0,0.584713520414891,0.7159886896677606,0.4569081325148132,0.09367119754407988,0.2635877318631943,0.24173697012971224,-1.3223813939345144,0.15522555497304785,5.5843803354531545,3.4052912815128433,0.47163176441005716,0.50308673255403]],[-34339032.08608935,-34339012.24139345,[10.920270156669671,0.0,2.319931748243052,-0.9976083547258162,0.7684031413495106,0.3412732754687601,0.19839725833138322,0.05458008845292711,0.26323076833054326,0.6187493814186102,4.394501059683212,4.713383517011179,0.44880867398487945,0.6902703532092301]],[-34435343.35922493,-34435343.05897802,[2.034475912141924,0.0,0.675860005566525,-1.4989013994141418,0.5754468545067799,0.3295778496653211,0.8334180177557827,0.4674613264531228,-0.5180571807401921,0.39692923694365245,3.741804033389232,5.170725256056507,0.2925396721033796,0.5446139682625385]],[-36687939.612538956,-36687939.399587154,[3.9915408106196972,1.0,1.6699624151598407,1.5275028249607456,0.4957914277875925,0.6712461377264827,0.5561180228139931,0.9023617690149175,2.0101446007436845,0.5117934376636433,6.208244085238398,0.39961881233116126,0.5086574303216722,0.6351489349207065]],[-37258743.25476688,-37258721.61189866,[8.652790359434615,1.0,1.0439969849228175,-0.7567708807925666,0.6995562752805259,0.1553272992914767,0.6354984523208008,0.24942517945490406,-2.5816971829998114,0.2878247733237242,3.8867165126948438,4.387998816763802,0.5521240259572238,0.6280167717840627]],[-38500017.068958044,-38500017.068958044,[5.066443631504608,0.18231120903515124,2.74373692624543,-0.10281714978346147,0.5923204914345742,0.5965789758630148,0.332427320041906,0.45139380366041887,-0.4428976006638219,0.1456825715909248,6.032781256822311,1.2380565070476797,0.20130416037013343,0.7470575128402437]],[-39213007.07363717,-39213006.52629584,[6.847270953558744,1.0,1.9154636993729284,0.13070082878651146,0.6356845019254315,0.1285919752845076,0.686353283836107,0.32030346840481927,1.8527752067452925,0.4183547048285423,7.319419653154757,2.8588982717950397,0.4080380693509466,0.5240681806913939]],[-43245289.52056426,-43245240.17778194,[8.918821402034036,1.0,0.5883355700290231,-1.3775424993646777,0.6379163104822262,0.5455031790216593,0.3909020840778654,0.43551322412087834,3.3045699520428578,0.49039041666113986,7.004536244465354,3.9287554614253253,0.38205580867920685,0.618550172689294]],[-43369104.923372984,-43369104.923372984,[3.64851169557263,0.5443634026762348,1.755857283873014,-0.5402275764430008,0.8477212875964442,0.8026913594024074,0.439556923316352,0.41235480175684047,-0.6749161101986043,0.43277737731383054,2.0058719467932127,6.707143757475719,0.5732583581175918,0.4730747548895725]],[-44805173.227534436,-44805114.06337738,[1.7894885160099312,0.0,1.9959885847819834,0.2543915679818518,0.5129267596641147,0.0,0.6144621328097908,0.11166487873688041,0.15849555968983337,0.5514838699355896,5.3941389147084005,6.663703087390896,0.5316134777443233,0.3642984214095967]],[-45001406.399275154,-45001402.12633264,[8.348732481937638,0.3778635543801812,1.1814706346383843,1.4047072634895126,0.7345789213908116,0.4410881206489136,0.11499846293520855,0.5537852176137188,1.3727363307848994,0.7489170489138889,2.0361421680870775,1.1883419473589845,0.5007703592246194,0.5044360307725821]],[-45299244.16535268,-45299196.716926575,[4.599737844757985,0.0,2.978975031368302,-1.1214927554878855,0.07126357541815731,0.4462203857278902,0.0,0.13225311091308783,-2.107787335854228,0.8685496587910313,3.2406232291181927,5.591607007407428,0.6262503885606389,0.47495802430395034]],[-45422568.57448487,-45422568.31853962,[4.193680109196662,1.0,0.04372561360141192,-0.15571250787709595,0.4518333001506734,0.7479105146546035,0.538830750333201,0.8464512697236756,2.3111008724764424,0.2121010734638269,6.672876079427301,3.9286691416441677,0.46933812749038234,0.5968103285884562]],[-46607565.3059283,-46607565.243418455,[7.808644488625602,0.3579079926992739,2.7057462853636527,-0.8036693722701721,0.4336419951546777,0.4912391728015987,0.23348475223457416,0.5328242843271334,0.8192764769942511,0.9,6.102158721147999,4.5606088055890535,0.6010963270691188,0.5533182591959918]],[-47239763.66877094,-47239760.68447828,[7.431735243229207,1.0,3.141592653589793,-1.3926075023614808,0.6263949549632862,0.16056729938106307,0.5578015463731414,0.7104763031976198,1.0088738510481186,0.5217307302264702,2.56148821529361,5.34555704580234,0.4375933732466236,0.6071554152765453]],[-49778225.33735308,-49778224.378508985,[3.100163270947742,1.0,1.6987603242779592,-0.6921031553459223,0.6199084141095,0.12945673810538033,0.0,0.7373137832908743,0.9485166019601188,0.6055155117131935,3.8569136977259815,5.788551505464755,0.41276082693805827,0.4819207577925092]],[-51196529.25337106,-51196527.8530817,[5.168189764515203,0.0,3.141592653589793,0.35577635068253155,0.4311922908684649,0.1244642925959828,0.8378466466595548,0.26702451256466236,-1.4150297827506289,0.6886576297383724,2.744130616102664,2.331944895465371,0.7364227895815803,0.5193047023035996]],[-52432944.71189749,-52432944.71189749,[1.266400855468739,0.1293107782344176,1.5657920824823541,0.26374599875213567,0.23760098621917897,0.33916738544728037,0.670531456436301,0.31711455409850525,1.598044903998709,0.36987003116950795,5.833635736650714,3.6210933870323725,0.4752191728191526,0.5069889281753711]],[-53994897.43585597,-53994886.629761934,[4.644693298857262,0.8127418272373665,2.0818545445788867,-0.05346296762366223,0.17445003872333537,0.7493490583022799,0.5536134643484462,0.04614508121412447,-0.1421675371738761,0.7709305388267778,2.3912459546270366,2.2524692558629047,0.698914915108428,0.5370873570538734]],[-55617562.69760394,-55617562.69760394,[5.422472191174469,0.011515668857535188,2.640001054505415,-3.162861256223903,0.44592728645880036,0.8083890111685357,0.4039320463212855,0.54925660459892,1.4914580753563598,0.818626521007442,6.4019711497462595,2.2085910341287733,0.5450777419851446,0.5611377741889403]],[-56250533.883938804,-56250519.696255505,[2.1461471701688954,0.5649660547816181,1.103001728463299,0.2928737448008031,0.7862716026225132,0.052993649345701443,0.8209120236087868,0.60104026054827,2.405207955897385,0.43655028993589556,3.745298457846296,5.551903309146416,0.39099979547839175,0.5436447235477576]],[-58367718.77416022,-58367710.34756857,[6.590641660206279,1.0,3.141592653589793,-0.8991617341790719,0.8407631787023734,0.043907030476614484,0.583947208968491,0.4761573021903914,-2.636821041681798,0.612421986683703,1.5365696137286822,3.0256455935139903,0.6267889364072459,0.49570227632938585]],[-58883430.74909674,-58883430.08354962,[6.369323099350286,0.0,0.0,1.806334126694587,0.3793841659495149,0.5789097500861586,0.5161399871778908,0.5887330017825401,0.6498472771345059,0.7694234377622371,4.2829112438674635,4.220453021442544,0.4430763592477156,0.5724990781518308]],[-59557223.27606364,-59557190.678874135,[1.3455995314831632,1.0,2.121441561411286,-0.8073171921209663,0.6244833542819429,0.623152721814348,0.35181582538823936,0.2151483780089909,1.4353330851962771,0.6174617389114279,5.534890920894442,3.370014116969631,0.44155681514687334,0.5232056651324046]],[-64452083.26492549,-64452083.10783589,[2.8376121760012736,0.0,0.0,-0.23446820239471028,0.41240967107292326,0.796480031786941,0.5551826188616038,0.8578642838173782,-0.32117356894553417,0.5283636825407525,7.1851605422233575,1.0270691831328334,0.3778122670062831,0.6726741241997569]],[-66134629.723043576,-66134629.69557762,[4.799000946366653,1.0,0.2511904572879533,-3.877741669790276,0.5115350082617331,0.6784121783140034,0.6399973189628592,0.8607010929930525,-1.1276247784976583,0.6836599052193597,5.20445929129869,1.401452629797776,0.6133301614810726,0.4900147387994668]],[-68315265.23054951,-68315264.29721403,[2.841705806766665,1.0,0.0,-0.9595581925737142,0.3665547110578691,0.9004027219675954,0.6626569174908671,0.56600489464789,-0.027531894043504306,0.46923293396592725,0.7741002711241034,1.637858002378814,0.3995355664288024,0.4885401927370849]],[-68332389.52153085,-68332389.46774387,[2.329012135423344,0.3223278671890526,0.0,-1.8540937472228984,0.7310699865476121,0.7940212006481708,0.5050533927810742,0.726255435264865,2.6530458835034003,0.36396178726570927,1.8472525721150999,6.150956606996655,0.5370004208287018,0.5768779496580968]],[-68431326.93076912,-68431315.21187556,[7.9536721644189114,0.0,1.8040542633888619,-0.8209748602638369,0.5680606639893903,0.04688987412592238,0.8383393341972091,0.9534910771536063,-0.8737344663605762,0.14548749304702285,1.5739664682726264,5.815528837987449,0.39102809622886936,0.64751772368193]],[-70802596.20016953,-70802595.78632486,[5.747995437433561,1.0,3.141592653589793,-1.6636745146107152,0.21892856119905968,1.0,0.759338040292771,0.3931380061343087,0.07446797587089934,0.358961362436306,2.1801048611998213,4.609299034659124,0.5213293523869185,0.4570854455584111]],[-83092747.14097326,-83092730.37607217,[4.821603724311009,0.10486109138805061,2.1733489857488246,-0.6215723292141728,0.4956637890180255,0.0,0.5071965477759505,0.7622362422235962,-2.0960651307252562,0.5177687308248932,1.6259664720376357,5.446990477184087,0.5212214538075354,0.6396927578051027]],[-94835788.89707409,-94835788.47450536,[0.0,0.0,1.271723218444921,-0.9059413066540773,0.7845445513992788,0.16815394992504584,0.5050202232010048,0.6258524612672594,0.7666001768919943,0.6483396416278198,4.38557683653433,6.0971318298414054,0.5564973451714342,0.4226710282117983]],[-95962109.05469531,-95962108.79264748,[2.4053239045426906,0.606119483730795,0.3400305865923643,-2.379493409373574,0.4351258221267601,0.8740246248150294,0.17091300191429892,0.6925128883852099,-0.5822426179879082,0.3566727549308629,8.746358466938554,1.9612020845045741,0.5768894866292074,0.46403290195024366]],[-109061577.02668521,-109061526.49958575,[0.0,0.36398514857741493,0.0,0.03461798078265547,0.3690027910557815,0.0893132436461232,0.08945248403977818,0.0,0.04628742768119408,0.7744885522489996,7.068706121295662,3.2255758178209772,0.4053837305760401,0.6921651120769066]],[-113999366.54883946,-113999365.97940463,[7.915073839005425,0.9569047907085113,0.0,-1.3100883511207826,0.4699981571626123,0.07026813117690095,0.363194836924286,0.5460507695363378,-0.18148565727869814,0.9,3.2607445455227984,1.558195009889094,0.5220651076954094,0.7761811458857348]],[-145138098.6699694,-145138097.3313272,[3.2709310315299422,1.0,2.8048579804312164,-0.7121785049418529,0.37113614853064736,0.9281848729213145,0.003149043275523511,0.8970021224343435,-0.9127032889150841,0.8125251453724893,6.183381431559136,2.6447212932857536,0.40757543766226845,0.6104565130614201]],[-165794327.51988247,-165794326.6599691,[0.511662876649563,1.0,0.9352590064461815,-2.0369811757603093,0.020946823010147775,0.5612998482748061,0.5745287766000545,0.9730574466328687,1.413947261843671,0.747916990537303,3.713699319387519,4.561372651923781,0.5274907176240284,0.5954265099223164]],[-249144397.13494912,-249144382.51298082,[3.1886640854495027,1.0,3.141592653589793,-4.0,0.333470186174204,0.8249098421852487,0.12812983510210424,0.4886037152551971,1.941055416553183,0.285842699003667,3.2617623423069873,3.2518541144704307,0.36967068964852556,0.46542392155676365]],[-250190097.2857346,-250190096.21967173,[4.412673839492456,1.0,2.428733339216455,-1.6450827888731188,0.21429550691725974,1.0,0.5744868855657955,0.7976359830210068,1.5082255117079884,0.719564439908577,5.705651944303625,4.5817420934106154,0.807879930012314,0.572478184381058]]],[5.134381982975166,0.7040478195466124,1.5533681430988855,0.7531075588239581,0.4304367193197421,0.4914456292771534,0.4852229661347866,0.5262178364251747,-0.15587511818757105,0.3996556120983199,4.394799557121757,3.8597122777091024,0.468831310947605,0.4268344007112382],[23.544356059352687,3.5976399775497567,9.156175744521105,8.831879374594607,0.24124621452425565,0.23014331990860906,0.24100663043332798,0.23525248794638903,8.549078671753794,0.2370432748890094,16.37768819209277,15.229913547186355,0.03962202693728966,0.04244192251639661],[[23.544356059352687,0.026969367635388042,0.06622724267876394,-0.007691103960477279,-0.03856306175370509,-0.012262241480880459,0.011176100976274191,-0.04362441575198304,-0.1939557403814214,-0.02386963070602798,-0.25319547828921973,-0.6555515972496604,0.008274124213466653,0.0060969379779350465],[0.026969367635388042,3.5976399775497567,-0.03167853394691797,0.13178098810843356,-0.021820803979023567,-0.003111074041997952,-0.016718792103715716,0.008067998338534383,-0.027155602880637925,-0.016920606167702697,-0.00841294552606808,-0.13301201546116226,-0.007465448580246045,-0.01380513279403392],[0.06622724267876394,-0.03167853394691797,9.156175744521105,-0.08861624086814276,0.0017564201552392753,0.007328847626620396,0.05428810279854952,-0.0073984410343780095,0.16297871427132657,0.0153654201163571,-0.06811050853177271,-0.09625718366555253,0.005264867351714034,0.014440239282569775],[-0.007691103960477279,0.13178098810843356,-0.08861624086814276,8.831879374594607,-0.017177367671210947,-0.0002970722800551824,-0.025036172144329284,0.01458486862269325,0.0960565376939053,-0.07292504583444571,0.11046946597899707,0.031241082397362105,-0.013521372663943623,-0.06056113176951073],[-0.03856306175370509,-0.021820803979023567,0.0017564201552392753,-0.017177367671210947,0.24124621452425565,-0.000266067053326216,0.00213441681482891,-0.005671583090841755,0.02537393322688944,0.010936068552938877,0.024304492219071213,0.027639246979152446,0.004681977504103346,0.0021881668641026927],[-0.012262241480880459,-0.003111074041997952,0.007328847626620396,-0.0002970722800551824,-0.000266067053326216,0.23014331990860906,-0.00031150566690401504,-0.0019287243588246236,0.04032923880288862,-0.0005833390421735641,0.01851985607930032,-0.002281544715206845,-0.0010681903053286286,-0.0010382262807619846],[0.011176100976274191,-0.016718792103715716,0.05428810279854952,-0.025036172144329284,0.00213441681482891,-0.00031150566690401504,0.24100663043332798,0.00043413222717888345,0.013397454695250525,0.004546731639372922,0.012696868949765253,0.004616152915711819,0.0020275809301790763,0.0009136078279132051],[-0.04362441575198304,0.008067998338534383,-0.0073984410343780095,0.01458486862269325,-0.005671583090841755,-0.0019287243588246236,0.00043413222717888345,0.23525248794638903,-0.014773034172482036,-0.0027770022567473003,0.003916463542875849,-0.003925403473233453,-0.0015082741546694632,-0.0007294739379453281],[-0.1939557403814214,-0.027155602880637925,0.16297871427132657,0.0960565376939053,0.02537393322688944,0.04032923880288862,0.013397454695250525,-0.014773034172482036,8.549078671753794,0.005546769205852605,0.12221885945201375,0.22093754877712218,0.007670197636294167,-0.006332348723177242],[-0.02386963070602798,-0.016920606167702697,0.0153654201163571,-0.07292504583444571,0.010936068552938877,-0.0005833390421735641,0.004546731639372922,-0.0027770022567473003,0.005546769205852605,0.2370432748890094,-0.001708602748308587,-0.015892881873112517,0.003298727673044757,0.0062483187656646785],[-0.25319547828921973,-0.00841294552606808,-0.06811050853177271,0.11046946597899707,0.024304492219071213,0.01851985607930032,0.012696868949765253,0.003916463542875849,0.12221885945201375,-0.001708602748308587,16.37768819209277,0.41714118659807836,0.019264720082700273,-0.035900477605935274],[-0.6555515972496604,-0.13301201546116226,-0.09625718366555253,0.031241082397362105,0.027639246979152446,-0.002281544715206845,0.004616152915711819,-0.003925403473233453,0.22093754877712218,-0.015892881873112517,0.41714118659807836,15.229913547186355,-0.0020557964465199073,0.006309021204695477],[0.008274124213466653,-0.007465448580246045,0.005264867351714034,-0.013521372663943623,0.004681977504103346,-0.0010681903053286286,0.0020275809301790763,-0.0015082741546694632,0.007670197636294167,0.003298727673044757,0.019264720082700273,-0.0020557964465199073,0.03962202693728966,0.0017243634088474017],[0.0060969379779350465,-0.01380513279403392,0.014440239282569775,-0.06056113176951073,0.0021881668641026927,-0.0010382262807619846,0.0009136078279132051,-0.0007294739379453281,-0.006332348723177242,0.0062483187656646785,-0.035900477605935274,0.006309021204695477,0.0017243634088474017,0.04244192251639661]],0.5241964517826325,[[0.7664542392130576],[1.1637967592916507],[-0.09940250158431332],[4.295385945828002],[-0.39675758751681134],[-0.04879027351112622],[-0.0842815383300368],[0.14953471757284204],[-0.8890413913953026],[-0.5723191441719986],[2.2517586621067354],[-0.8001379134230634],[-0.177772148661751],[-0.4173035886053211]],[[0.20357539736695934],[0.7727806032178478],[-0.042020044334683614],[1.90147229503703],[-1.053814819003678],[-0.1295902456990538],[-0.22385743046906684],[0.3971742602833364],[-0.393558948182821],[-1.5201181131851687],[0.7476027937485342],[-0.26565250953649955],[-1.1804369378187392],[-2.770965947041078]],1,100,24343870.217508253,24343870.334604025,[4.928106640535841,1.0,0.0,0.9085554611567079,0.22928043763692618,0.5465657539453941,0.23694472910306374,0.6160241324784521,-0.2938399124779322,0.2804717779439275,3.0058162338269954,4.328994470754868,0.377946179372962,0.36159605613870854]]
