["generation","mean","variance","covariance","_sigma","_p_c","_p_sigma","iteration","num_evaluations","best_score","best_evaluation","best_solution"]
[[[-37621914.26328994,-37621878.55647543,[2.9917796881090473,0.8434838958383524,1.5809357602717815,0.9216601035894094,0.5251548088884702,0.34740439966925923,0.5338699271931582,0.5829244145163404,0.8956220852792371,0.1,1.148470974037394,5.694641776016316,0.6062518389445207,0.2690201417278532]],[-44934821.97216119,-44934809.54527873,[4.348948678747825,1.0,1.0079057588623421,0.22285069825398196,0.796218900593402,0.6988387410125708,0.7671153740149224,0.0,-0.0955711610959601,0.39552391134287385,0.3573480654996084,3.371080041315723,0.6100628542496618,0.31827206601647984]],[-46546173.98405789,-46546144.716756344,[6.65888997385518,1.0,0.0,-0.521871748944208,0.6874771151448409,0.4930550784733506,0.2941339179143836,0.41982346698852124,-0.015683554904403253,0.3557577535520893,3.4336997676509067,3.5864410984428954,0.5224563888894429,0.3536930341731537]],[-48217609.82209737,-48217574.951242685,[5.900800954845015,0.38052671067327004,3.141592653589793,1.3672120644811232,0.3558828650263032,0.6336080695246907,0.9318857797905528,0.3062524726595789,1.131901765128815,0.38465078495515637,1.9330731424692984,5.226908546883275,0.5429864154772078,0.3440060725177617]],[-48551526.506480135,-48551479.39214516,[6.200970162328781,0.0,3.141592653589793,0.6057737613188391,0.34050654866820507,0.31973503126419434,0.21370487724556686,0.19399082555243496,-1.6889565299138187,0.7486454724358437,4.861744833322808,3.872671991106608,0.5377663083348784,0.33120115650417187]],[-50845460.096660405,-50845414.03068185,[2.924728272088572,1.0,1.1048780273637653,-0.41092364674044296,0.3820446272370722,0.19641240387953163,0.7899655146095259,0.8523036498902103,-0.05965870337425382,0.428261463636138,5.459944748082614,4.01790195466019,0.5118847773177672,0.424717257755271]],[-51882050.89937125,-51882000.40153211,[2.6639966876201564,0.0,1.6325699072521938,0.5714912207318418,0.8395756278753813,0.31933228691072557,0.5583493409849906,0.1875498916335085,-2.308878167698514,0.5936880496965121,2.607801975778619,6.289751311135555,0.4979780460812593,0.40797270526805207]],[-55749992.54476972,-55749898.87325877,[9.213603423441093,0.0,0.9823874259247168,-0.5602729718420802,0.5586249361982447,0.4914482756505572,0.0,0.03499157370900302,2.5391899486587315,0.29797753064941707,7.797046077423255,4.7115441140366965,0.5988415964608775,0.4079587589182182]],[-55768745.55614293,-55768734.979001224,[6.626600806764594,0.0,1.824765279451737,-0.37194684141565515,0.4166061360905754,0.3060407489793785,0.6143474862070084,0.37019067771025405,-0.7380731876038922,0.5556954509449551,0.8409133399693962,3.080384345619169,0.5067028040333892,0.4574181207888353]],[-56102470.411573716,-56102456.874976456,[4.438298050422597,0.0,3.141592653589793,2.6270212528876606,0.372126249562876,0.3053422008413528,0.32117247899235646,0.2399410856949179,0.46336652444918436,0.6205865096363081,2.978708886793383,0.0,0.4866060909352961,0.4043766350238172]],[-58695516.33840916,-58695507.57840675,[0.11304214126173484,1.0,0.0,0.15112555171921954,0.6961922523880324,0.0,0.5771062687425305,0.18956410293673848,-0.5647484851579598,0.5402521288258795,0.6625557403438744,2.3444038804981027,0.45203712106406213,0.503696738511219]],[-59035471.55149835,-59035468.81747651,[4.278500256987679,0.13701589234767486,1.7286540481771748,-1.8394148860567276,0.17738771049726004,0.059315055198127964,0.09520178299693782,0.6548577066781452,-1.7808224305349352,0.8415964928060802,1.829886137314578,0.0,0.30322883071843343,0.4239566712198714]],[-59507953.537768014,-59507918.630266726,[5.516837941339207,0.259307062648226,2.9741740442292164,0.4917941062621142,0.6018329301795021,0.0,0.5964485395751844,0.8194975359718725,-0.38275056041461486,0.24252470041365964,4.542668658725711,3.7739884788389513,0.5366546060898048,0.5497441814841778]],[-60246414.63203464,-60246380.29345399,[8.69982649141609,1.0,0.6685431507156163,0.06309951576923128,0.8392147527983171,0.6032152849282804,0.24326162366112214,0.5409053499007898,1.553946537104957,0.6155986302427818,5.363449693348588,4.946902278993597,0.47667201726276587,0.33980569966089547]],[-60471274.10312699,-60471242.209217966,[3.2631961262044884,0.27953719944491906,1.564524395948099,2.2911746143628893,0.490262868708707,0.3622242038455641,0.1513856626010599,0.6031719852200697,0.013401511135746766,0.4129336232460405,4.840646688207593,2.836825262275637,0.6331207560062504,0.4567593670479057]],[-60748900.95805799,-60748890.30490452,[7.140451472334728,0.0,1.648763853446644,1.7008880495556307,0.4788580757092713,0.2817460547311532,0.23920653349876986,0.4025228800525895,0.434226810327935,0.32647837536397684,2.9340159262960093,1.010099569271314,0.5546961599033751,0.480510079234255]],[-61154940.08749656,-61154897.131421804,[6.376259306722215,0.0,0.0,1.3155975330444163,0.40229233346833515,0.03366292918504704,0.5634720929002495,0.7719923347252707,0.4512470369137057,0.6754859256088022,6.126495563187644,3.9758979108157284,0.490136873276643,0.4589057008750826]],[-61182223.147226274,-61182208.12102765,[4.791575091600187,1.0,2.845834480036519,-0.7316375063787832,0.39760346003254493,0.6422948323388761,0.8397757444398262,0.49715425749789927,1.1888406087583165,0.3662812541065425,1.7802111365488074,2.859107803306177,0.683967993435345,0.4217744266579547]],[-61399696.779672444,-61399651.923547685,[2.1887882325289807,0.0,0.0,0.7801301828429348,0.0,0.3159050481017065,0.2684116096685634,0.8209553340910929,-1.1544817180613904,0.49395685551940793,5.65449478611227,4.469074122717207,0.5418273014377067,0.44971123465166046]],[-62957567.42804228,-62957556.67318088,[6.167286074414922,0.6669917209984704,1.6278318393209503,-0.539415803818294,0.7044460026490754,0.5775360919736316,0.4155852563252826,0.5443435433247559,-0.3178083132622751,0.5245536997561983,3.4523199001559286,2.5595993123788476,0.5118874273561397,0.41935254830998436]],[-64384308.232668474,-64384271.32945514,[5.889091788622506,0.05999409404768402,0.0,0.8545509175825072,0.5859515382399425,0.7869849139673737,0.4371418890912693,0.38753551686120213,-1.1653137322874385,0.6427735732103557,5.526045860456382,1.9588929613366837,0.5161365758773678,0.38907777461363924]],[-65385019.23845524,-65384986.81200445,[5.783718346851382,1.0,1.6463364195467345,0.4770082638836268,0.11167476658195624,0.6920771014284122,0.6955922944156544,0.46123685494691047,4.0,0.4445536855784694,2.823302773691813,1.9121873458652252,0.6224605018279996,0.43293322831627246]],[-65839220.505066775,-65839127.37779218,[9.539812067127171,0.0,1.1472374681647475,0.20082746802522197,0.4860100279645852,0.5953839506343371,0.6034335730089847,0.09133900792463218,3.438037289963087,0.1,6.680059725448733,5.616309509826986,0.5381238993889531,0.40701352732631607]],[-66612898.40880208,-66612878.1475119,[2.9112014117968594,1.0,2.6606037011951127,1.6064439276314015,0.4501899088242184,0.4789806849313401,0.3422976740936483,0.2273931480039646,-0.553624093978331,0.4370038731758257,2.632224694522062,3.594439030711183,0.5645719340034636,0.48600005526438267]],[-67477976.79501778,-67477911.30825382,[4.580799451860146,0.6814672380648339,0.5215061814595843,-0.09337605652343267,0.5371732156578312,0.22544696047919255,0.40168657188835794,0.5804685522191508,1.222401259750669,0.8409873788078701,8.041140447476579,1.923894496863114,0.4615078442078452,0.39956627112886045]],[-68374893.17241646,-68374802.44899458,[1.7400057742519754,0.4239641721526583,1.994233644645485,0.9251262257503756,0.591407838538676,0.5050932834455715,0.3053752432524895,0.5939976472654264,2.0269575733641916,0.5631425245363741,7.206456987891579,6.58154226844078,0.6262767263931377,0.444784329060498]],[-70896165.3698941,-70896155.46009016,[0.8323010778938515,0.0,0.8976815933246612,1.223417601276225,0.6086054942907018,0.9066432954738377,0.428781167670597,0.35936581787467115,0.39969934257378925,0.28129866487055255,2.3664601620792185,4.652696791904644,0.3965541306753362,0.43423448425055367]],[-71473737.9249494,-71473689.09164721,[4.611180692196923,0.0,3.0357562768518576,-3.397052803882283,0.43592926786466396,0.5683677711247328,0.5686854130012855,0.4878611694914986,-1.6417820019664093,0.26050269819533334,6.743532950639409,1.0054492951261675,0.42142698324257327,0.5199657411763668]],[-71969954.7384076,-71969929.5057196,[2.579467112777666,1.0,3.141592653589793,0.7314419108002101,0.3378677014649588,0.14877929860542582,0.3829983896618578,0.34447976611462355,-0.8804176311415801,0.6889971772521271,3.4739216060432585,3.219771882273717,0.4721262880935069,0.5583841143039405]],[-72176809.74107093,-72176774.76868528,[8.307640020315427,0.0,2.827598466796608,2.590811076086772,0.6116899614326645,0.8489859289248631,0.37565941843712514,0.5823231129369738,-2.6667673179942284,0.5714409524037254,4.117566726027057,4.242460463521918,0.6023499997893955,0.4166079385897469]],[-72483306.4850027,-72483288.9413504,[5.720613108306768,0.04713587199092545,0.8847213578973526,-0.8362937065971634,0.6515882785177183,0.41412888249393126,0.4750345194437277,0.41475580576337157,-0.7929573770968223,0.15137583838759827,2.441980026764921,3.3817981819122434,0.36696407977702084,0.49351806122042446]],[-72761357.17922303,-72761286.9597699,[6.783459381337894,0.7354550281326806,3.141592653589793,2.3783671574090928,0.25157847161280944,0.8324884886479285,0.16347773758032863,0.6229768962645543,1.478055551531501,0.2928044169310162,1.1850134808121742,8.047645284259934,0.5340042825729618,0.4684087665321633]],[-72885897.82037187,-72885868.99020892,[0.9801175446703905,0.0,0.0,-0.5115550044032137,0.900940638477524,0.3718905460365076,0.412297354572934,0.4036900489650582,-1.8639903224833005,0.6033889112981821,2.9024793513513085,4.074409523320907,0.5757098355701118,0.5345880507383789]],[-73417019.28829937,-73416980.62809211,[3.6446516430286047,0.4208632892478167,3.141592653589793,-3.4769396657623943,0.47004402943313933,0.23348580744682157,1.0,0.40194041415922754,-0.7421039202719045,0.3252649269344329,4.340771114759109,4.42644120867714,0.44876003762728595,0.5687103710169014]],[-73573177.5487592,-73573147.96654981,[4.566434073100712,0.0,2.1541240915268314,0.6362841811041144,0.0,0.47685232513955955,0.3208987573639522,0.26342282512815096,-1.2124560513280052,0.6809003828057719,4.514793056109223,2.8296631437790505,0.43847041468990416,0.4523061919838625]],[-73789221.84523991,-73789170.94694471,[1.2043497495045088,0.0,2.2854884244143956,-1.7017852675717084,0.42979561292305823,0.8637709709512185,0.5464372438065223,0.0,3.7039536075242254,0.502013351432579,5.5034967693422105,4.195974767941186,0.4416446934855852,0.4211526134351561]],[-74740164.44546963,-74740076.43413639,[9.109044631122284,1.0,0.0,0.55781669972475,0.3315684823196282,0.27928306381712786,0.6965426125117685,0.5139928884477367,0.8351879538937306,0.2565397630485783,5.4604818155802235,7.475646731643426,0.6185524009449046,0.555818278372578]],[-75367799.65377589,-75367792.38528746,[6.6003385344404135,0.624376934020523,3.141592653589793,-0.45367099868741156,0.20270907032098034,0.5043462869086062,0.49270772454956163,0.2967254412871295,-0.7122962821050349,0.17842804454684302,0.6710094341288335,2.4951934238694635,0.41532188219990473,0.5030177047748053]],[-75435538.50157052,-75435517.17782211,[2.8759045706340625,0.0,0.0,1.6260051413711611,0.5517234028317113,0.7020466477958243,0.644612825891429,0.5213562647064637,-0.4972547601630215,0.1,3.200105013233572,3.3109479113366733,0.6734080045480471,0.4513043755778645]],[-75917294.6270447,-75917281.86749184,[4.116584066289423,0.0,1.5908503929080398,-1.2760458169976887,0.4387520125781905,0.0,0.33306237331755695,0.756275928325897,0.04852580139242693,0.7309971344951318,4.566214623761866,2.633688402926987,0.5398758045768913,0.5564911081178476]],[-75922560.71542472,-75922558.62114799,[7.318362114173993,1.0,3.141592653589793,2.175873707869539,0.24347336988964935,0.0,0.20643794098567564,0.38323283224611643,0.2220652033214617,0.9,0.28201405307420524,3.477545847459825,0.3717565782129869,0.4912064390354758]],[-76289110.45402524,-76289074.33587533,[7.867127618691468,0.0,3.141592653589793,-0.6070647006056427,0.487106601509124,0.5574498219247027,0.6508120536155053,0.5111909922674006,2.883500544456049,0.5447416049368374,4.3511169356997605,5.842080068738346,0.4076215872333754,0.45167871678369165]],[-77814439.43185303,-77814424.44536996,[6.831521848674104,0.8505182501544275,3.141592653589793,-0.9410137785019164,0.04673694283510604,0.23904551021344522,0.8413998465464464,0.9367212009609878,-1.5570297023252637,0.17361117251962283,3.6487069072617744,0.0,0.5560908704264172,0.5647576748033691]],[-78418602.84083985,-78418541.2485795,[4.005346237949502,0.32211668747753186,0.25158023427035814,-0.23439870266902696,0.38239844052819844,0.6044525093719385,0.4745734398969643,1.0,1.4859585533587443,0.26732863803995555,2.224515254590523,7.706292038220601,0.41626381007909063,0.5187134102391721]],[-78955199.98049057,-78955187.77166545,[6.224428271341553,0.0,3.141592653589793,1.1332403237423294,0.589036160988396,0.33765964682443605,0.6664465164429607,0.7280940226202584,-1.8289727660209305,0.8809621071680183,4.578137629571515,2.6682331301861,0.4813087251756774,0.4278007720293731]],[-79269223.71168457,-79269190.38701153,[1.546020193693435,0.7846403232197838,1.9240274639025945,2.6036844003403914,0.1840116390465396,0.5426531658043726,0.12373765972687312,0.2741296840028581,-0.7274125657738452,0.6616116430186665,1.367126821323568,5.590925491454956,0.49204673000450794,0.5166559406412611]],[-80198724.25860755,-80198720.27582991,[3.4025131367368227,1.0,1.7549815524142818,2.016006163294204,0.10744971018041327,0.4862152966204255,0.42650042347929473,0.15543833749686492,1.2961416101096752,0.3423686346078879,1.096296521126551,0.9636345335755787,0.46845020549582767,0.5512923693194773]],[-80463109.64395078,-80463054.98872596,[7.2132489143205065,1.0,1.3227466335899667,2.670002283379614,0.18178382920651914,0.7578507898391978,0.20912937282953026,0.0,-2.9344140804641894,0.9,3.005843492896989,6.195329723284546,0.4935033598990211,0.3639262662264497]],[-80774946.64590694,-80774937.78571677,[7.132866024805462,0.12885442563686816,3.141592653589793,-1.7301641974797222,0.31571223543939275,0.04766543676235607,0.8653805274919368,0.6661420485846015,0.48580815187775006,0.8209205084083426,2.765664977203947,0.0,0.4915212402444943,0.5657029901728098]],[-80798291.35696591,-80798253.52664518,[3.068198477331374,1.0,1.633156543475223,-0.5442460212254099,0.4044664156048833,0.7678339857317468,0.0,0.3913459158011949,-0.9156649282888927,0.6050577901082389,4.718601460244043,5.522636415613506,0.4442079778508402,0.44095103955873916]],[-82122014.05479027,-82121975.01371104,[8.76542295021142,0.8669175141071273,1.994030695771738,2.18689207321804,0.7551989001365091,0.8356879602416962,0.7458743496106279,0.9476671618772029,0.08177126134131386,0.3972569357855987,1.3560420416731014,6.056847980202553,0.7531713094768524,0.5203242842949778]],[-82676725.33307707,-82676707.28221685,[7.173977804268186,1.0,0.0,-1.9413648992822528,0.6501920163306094,0.5774468131627649,0.7312560816701714,0.5455283031582798,-1.148779448183627,0.8119917276875457,2.649285186270294,3.7016456421925215,0.5980424698144724,0.43069549264175205]],[-82848973.49012674,-82848907.98284099,[3.6803310360035884,0.7889680069043958,3.141592653589793,-1.2085167281779907,0.5161816180365391,0.47331607635638645,0.4474379063938168,0.6062587250707107,0.5118108751860888,0.1,3.8326884925818825,7.020126567896705,0.5251936782254436,0.5179876229076009]],[-83166165.06576753,-83166136.39536238,[6.623077080966938,1.0,0.4367615729679153,1.0232333377849412,0.5119654107735438,0.0,1.0,0.3929895755050472,-1.6752654001986649,0.6312804741033228,3.4540944798018174,3.8115909884341024,0.3657498881002848,0.6272909029663679]],[-83235165.65075478,-83235145.50613523,[6.3818045126074185,1.0,2.069252419983739,1.1188650934667352,0.5562916554380236,0.8502375100928885,0.5646173839145278,0.28025876472475963,-1.071882897587464,0.7553582697892525,3.174289360525423,2.9670121327003582,0.5288455263868215,0.42318454039596276]],[-84256544.3854744,-84256521.55952555,[2.6345250830618214,0.3230067706149923,2.2785789469016264,0.35981604577663817,0.3371957472234901,0.26289693450850105,0.6516269459868795,0.3469775982965546,-3.840921894766697,0.5588973777480096,2.763880867993765,1.9556243672951878,0.42079145593221534,0.6245868544849213]],[-84440886.96352214,-84440855.54433262,[3.7034637613992203,0.0,0.1528029918878986,0.08009413211698838,0.9260163569640343,0.9527468639087242,0.882272274511033,0.6220474850913038,3.0848093817855937,0.43538380197640714,4.3279217839080175,2.1438995431374925,0.45455367959027293,0.4921547430339302]],[-85045804.82983522,-85045776.38154173,[9.17286959830162,1.0,0.660030182298071,0.1843305667386473,0.3150893895993983,0.6434834018689577,0.4696429184738962,0.19435234484949182,2.0475469209265076,0.6717580488806535,4.941612950054013,0.12489994860756237,0.45062546607301407,0.49037173324164035]],[-85262845.74444965,-85262792.47057366,[3.901095131431039,1.0,3.046681640970638,-0.17683149374821278,0.4391054967893535,0.7400768818513841,0.11145558967486402,0.4431468910142057,-1.6178787008731987,0.6181749551802761,0.15930493583199024,7.209470583120599,0.46491534892613245,0.5340285406144198]],[-86011607.17334501,-86011525.94175684,[11.263628329809258,0.3343268131099432,0.0,-0.47107802503217155,0.7850767117056652,0.36105171681526904,0.36542647192980415,0.4302257409658546,-2.4682620347470454,0.3389662225961013,3.579886277198741,7.934530792701327,0.5450529738163953,0.6217013104163418]],[-86016137.66420442,-86016109.65441954,[8.229803277472726,0.49463274144657904,0.46079785668873496,0.31864684399625215,0.4775664808596205,0.5940719729756491,0.03350285733846653,0.9198931138642903,0.15651857844084843,0.6928156274678259,5.277224403242457,5.058398520021802,0.4949065932870617,0.46984409041481284]],[-86227272.59401299,-86227255.94203007,[4.190754205167005,0.0,2.6106162774688855,-1.7410497731759995,0.3639505908800737,0.67599749306605,0.39798816562917627,0.2163849237564921,2.8499091395414737,0.4878085025967904,2.2419051439646376,0.0,0.44282260966126574,0.5425080641965946]],[-86749757.64036083,-86749726.8110385,[4.667291747498709,0.1193204833841649,1.4619178762328384,-0.7108122846804567,0.7936878021885729,0.37228450622915377,0.38816218103221845,0.4599863500604424,-1.1479379625191242,0.44830617495393066,4.145632487111179,4.233436198631166,0.3411907003013652,0.44995812501019417]],[-89009888.82484642,-89009875.5692718,[5.170611043211094,0.0,1.7023543632146887,0.4942376277257916,0.8224417446497756,0.5436879663358638,0.501739566817559,0.292617597765251,0.1232266150673663,0.8984209630741866,2.7417206199353634,3.6030436143221194,0.538556130415725,0.44310594598394965]],[-89046990.28493035,-89046949.31462133,[5.688836025341599,0.0,3.141592653589793,1.93539567679516,0.34790979996082483,0.3522876997719935,0.5159596722820906,0.4295408658877551,-2.3566592348600217,0.20712717075891157,2.8402408735857847,5.0628739553079765,0.5443209447732834,0.6209403678669977]],[-89134745.24293435,-89134719.19718963,[7.057700811222838,0.0,1.8026680245198055,1.8806728938375468,0.29872110308494015,0.7522572144637871,0.5660488710233389,0.4374471500301408,-0.6636007075469239,0.6393080467764192,3.8681639017114113,4.131479210602546,0.43039725629352726,0.5036737810689815]],[-89398733.25689422,-89398727.04711717,[5.9226382941069176,0.6582732210475386,0.8790872165333491,1.6896877709393885,0.3030003281495042,0.25263557583602503,0.31997839805259104,0.5895397448835347,-0.09205199822409357,0.9,3.9655854758005966,3.3842293457364896,0.43448262634328805,0.511782755887857]],[-89838376.83362915,-89838345.69651306,[3.4440866122965104,1.0,0.0,1.7484666216091571,0.20435176346843215,0.5881525423840754,0.24113684824254733,0.1895079768728703,-0.5437489328625478,0.7161403780000561,3.696700827536115,4.13343388296643,0.3773008420969957,0.5137581464442992]],[-90292724.19627516,-90292718.43537259,[2.248728602968393,0.0,3.141592653589793,0.7168689353764299,0.29680036488231,0.5343366970714266,0.0,0.8506574102227685,1.4606707445050295,0.296586592590327,1.8219241701275624,4.562765837126924,0.3177463636215263,0.5758108765752386]],[-91489422.33374126,-91489413.62461144,[5.0020747245641495,0.6975945843451221,1.3152334510240127,-1.3603651659566742,0.0,0.4376965864464936,0.6017462821041155,0.5712010406552426,0.4678458149414221,0.9,2.9032415208233706,4.241222151638882,0.4620368956603783,0.46300679003485196]],[-93162771.14469574,-93162750.20148069,[5.948653159392409,1.0,2.0632831329862564,1.085988841798766,0.34055016175321123,0.5922021603959564,0.0,0.35225210724907574,1.4761390901089753,0.270399825672455,3.4223381431816655,2.2150981774816456,0.6316464310236545,0.6128450700547201]],[-93289962.20092082,-93289934.58601606,[4.849866776590324,1.0,3.141592653589793,-0.6530775599577101,0.26411743321394165,0.4078889714356736,0.29278133491334435,0.38901529903185317,-0.17168350834605273,0.5606532821424439,4.537484198005704,3.5002582481860727,0.597051549283186,0.6149943605615331]],[-94101373.1339839,-94101328.69044137,[5.008608142052002,0.0,1.6908144007389772,0.4718450182298467,0.22304080926369363,0.43178942701143724,0.43241313381553026,0.573172149950255,-0.39915016847913,0.5648211090331721,4.899956853671944,6.654121120407841,0.5741040841434407,0.6102780611278595]],[-94316002.8980087,-94316000.62297022,[8.959265648229819,0.0,1.8735209638036134,1.8793797636492813,0.9661134204569657,0.5212446961841669,0.35031837012850525,1.0,0.06597497665456631,0.7346135023503618,3.162666926831208,4.19161512087974,0.5534050902617836,0.5180228410491667]],[-94927961.44863139,-94927954.117033,[6.000237082782476,0.0,3.141592653589793,-0.28619850556299026,0.251399574472701,0.2707402521162162,0.4279082689872715,0.23833020971090058,2.1877115280641393,0.7589273596360128,2.0155726928008963,2.9334647373326836,0.3988210993475705,0.577479273973809]],[-95551231.78311065,-95551212.69215357,[8.036964773052134,0.0,1.1736258420510888,-0.811550314021919,0.44236213712020545,0.8021357317673576,0.3536110697401973,0.2357526198903569,0.14487867205588909,0.5441741194483437,0.8588464881932696,4.185682869109657,0.6388253526824114,0.5728984539940652]],[-97938432.05582751,-97938419.71173388,[6.853262491019361,0.6802094948797489,2.40674177928297,0.4593310810149623,0.5104663355500155,0.47059740075802053,0.11760659726140449,0.4381960233927928,-2.087897323801033,0.9,2.201409736787527,2.2560024648076533,0.556976022129035,0.526357798179017]],[-98966942.9225737,-98966896.30916405,[1.9908472234951562,0.16263665128552535,0.0,0.8933985977182013,0.36251341216068816,0.25852188203116777,0.4861335877309423,0.44213400824239174,-1.8772039188785317,0.8824848478053815,2.5724210810588293,6.37425970333827,0.4654612436393235,0.6210989155983937]],[-99260192.55037469,-99260127.801234,[4.9349034201580135,0.4588011779632298,3.141592653589793,-1.5786855241725952,0.03237623127141381,0.11311357378263565,1.0,0.4978759022232591,0.18292929413836387,0.6993287730821054,7.834714352425363,4.573646143331462,0.5020187957810622,0.6720184687272197]],[-102213219.48049869,-102213218.41032904,[5.277047824698595,1.0,2.1183858513948826,-0.7195387508301458,0.7159477354291578,0.3891744218732269,0.3450553368693372,0.6718587396870598,-0.02597845037218734,0.7490285063281439,2.2645889808402666,2.8485112476538745,0.4203847183150873,0.5792710105136298]],[-103007481.48944214,-103007460.16788727,[1.2853767757728196,0.0,0.0,-1.4293634256219065,0.20057435431030585,0.6147401942113351,0.5573666032271287,0.6335656029725987,0.4403161510616388,0.688467532164798,4.2689037036126365,5.188813844798043,0.39107106040360634,0.5589584110020419]],[-104435793.03173052,-104435738.89251786,[6.9752417370639845,0.0,1.6082923036857804,0.5305941562395478,0.3287452361267462,0.5542298214802799,0.37954583677315545,0.2600027048800191,0.31383604752122274,0.7398132466962184,7.292132368418224,2.7866485690705582,0.575349020928541,0.5729952252801191]],[-105356385.69976176,-105356378.75330544,[9.439156451355164,1.0,3.141592653589793,2.226956201344324,0.6370150341010798,0.578197814562149,0.5417203920043211,0.9278959499525599,0.15621085486046987,0.7062750314873267,4.42594629948919,4.81645555803275,0.3516571439628219,0.5718457381853987]],[-107020964.4511965,-107020947.40408242,[7.953599268386922,0.0,0.0,-0.011627442413480689,0.6895779381509732,0.8999099412527357,0.8378959616939268,0.95816416117416,-2.028063820737912,0.5124089770677505,6.172230387426315,3.081093167979641,0.4272867488756579,0.6014096428647367]],[-107024156.86909835,-107024133.98929393,[2.3640028064423824,0.3162846702040355,0.7049856185992865,-1.3255180554490833,0.37593405347237163,0.40973440810852035,0.6828761680924362,0.6338955705300603,-1.4454673998294238,0.5052239187114604,5.855733770924991,5.433325054528654,0.22184826849861083,0.6902023472874531]],[-107755689.53289956,-107755669.78690374,[7.051675464820969,0.7892121340425269,2.2784980415458196,0.5451759394789545,0.773876932094969,0.9240655109640952,0.9368109045907953,0.03124191808833371,1.633400264714553,0.401806554644183,2.6590581982800536,2.7416825104744844,0.6688611330778302,0.6550510200517985]],[-109935553.2059647,-109935550.0576266,[4.392063244674146,0.0,3.141592653589793,3.567477850002647,0.29488015788332933,0.6452976846476737,0.14634898813948344,0.0,0.074647045692565,0.9,0.04882606304558035,2.9075792972668806,0.5684553496155891,0.557195398592364]],[-110431014.05359155,-110430999.29749024,[8.23508870162745,1.0,2.3379270260222382,1.310044377331221,0.746020966599833,0.40592926731378076,0.9101452438823917,0.8409682887093931,-1.7112112380737625,0.6671814526528485,3.6052198378891247,3.662702194961682,0.4490452565272585,0.656904832148701]],[-112740211.27409792,-112740206.30090839,[5.87471739381788,0.3565479535683328,2.9971762057847187,-2.2827740164720383,0.32017516873012297,0.7328106198432495,0.3877336074917296,0.643235154022457,0.547981930737691,0.7338368082631939,2.213461898433711,5.183255201806292,0.46862400936816423,0.5914963232363513]],[-113069299.77771936,-113069279.82106286,[5.61699081675419,1.0,1.8385437662980042,0.05897692596936252,0.5951459130759988,0.45941194088155873,0.6691917314732365,0.7161773971518576,0.5554636999164303,0.804555911156234,4.378929261478171,3.20130386877174,0.4310235618127349,0.6279628504599712]],[-113965577.75101307,-113965514.2546081,[8.914006900522997,0.85220173299505,3.141592653589793,-1.7065913490257807,0.4642314377567529,0.7275375220072378,0.46609634975169995,0.39285014380987554,3.0905410835792555,0.16618520035210488,6.668172144526886,2.4164161065855705,0.42658131198348204,0.6916892597441953]],[-114200824.54322834,-114200746.15987587,[4.23673792989215,1.0,1.76363722508368,2.9709069995594657,0.7831004207058301,0.8424053248633081,0.5891532844210812,0.189180565506597,-2.709978463242157,0.1,7.1940968938741925,4.50257853219318,0.5771257534124298,0.6536538387494363]],[-115394035.79612748,-115394018.80414861,[6.468493864689045,1.0,1.9646110719741094,-0.08760418713474646,0.27802160321977853,0.35198088637515124,0.29770904731570036,0.6868234094715968,3.1654951495092147,0.9,2.616809531103635,4.932263750708521,0.5071903295286166,0.6174407286871203]],[-117617378.25000778,-117617331.97232771,[3.583938775458787,0.0,1.303859908876758,-0.9540164454259822,0.5185252872131075,0.4883878078163524,0.44363200110127465,0.5089113607110611,1.8349514145094408,0.6670533687041975,6.526412840142789,4.3882984704978,0.4131273992975716,0.678107658146761]],[-118870331.86485013,-118870278.88747787,[3.9574410796222605,0.0,0.0,-0.8139602953175274,0.4321399286102843,0.5211547549067768,0.48423672798068257,0.5205313526578902,1.459942354696168,0.8740579862471514,6.994290557155859,4.371474533659332,0.535268915928138,0.6087154296472523]],[-145584750.58517802,-145584691.43702936,[5.796329686846721,1.0,0.9729124142991187,-0.984782138583121,0.40023445330035484,0.7950314439676256,0.0,0.18395185455344326,-3.7488711241117123,0.6887891975455928,6.577073884212287,1.925452528112165,0.5268173744924967,0.5335527188677804]],[-186726516.88573524,-186726465.42615002,[7.939895317046587,0.0,3.141592653589793,-1.4275745481692486,0.4628964517934558,0.5387635313807477,0.06275741882414737,0.2841243320741865,-0.9344242591608425,0.5899613006287129,6.898229222736006,1.6567626424795159,0.3360553998603728,0.37717751119471277]],[-206778291.13630477,-206778263.15273774,[7.253034627045876,0.54475390857551,2.346278600400972,-0.9678909359904226,0.2073527535653592,0.5015210777244496,0.48111036360529147,0.4100415687431961,-3.4845656449346736,0.9,2.163538311670912,3.8755737946355366,0.47895453834010376,0.7145499329690768]],[-210808100.48156077,-210808088.97532505,[5.3078690983266315,1.0,0.0,-1.2406447297012169,0.5530794799253107,0.5283348829175594,0.7050236320910931,0.3068549683896985,-1.125127867029383,0.720612799508785,3.1146540732172543,1.6488252306771964,0.3072870080404378,0.554858045072134]],[-300897135.34991974,-300897085.4357368,[3.944009436426236,0.0,1.7551168283163194,-1.9119104816188126,0.5283887630086632,0.5113388470219278,0.658416193713331,0.7298139424331629,1.6325448032073178,0.41558854540929213,6.775769994258299,0.0,0.4005539063676379,0.5427230222674239]]],[4.904124900925903,0.5045769724594318,1.548829095232056,0.4131816851639935,0.5246206881920107,0.4008528817566384,0.487322137565612,0.3993079180074301,0.10056076535668569,0.4393744255948275,3.1865292274283386,3.7663173209774032,0.538108447022183,0.3882764220590004],[24.11622422746992,3.6017665297185535,9.171449660516481,8.439490597644525,0.23757260311197517,0.24555116969992652,0.2496439717942556,0.2537946504925837,8.700197739436213,0.23919366883859347,16.52704702954752,15.336120982243385,0.038131905724539235,0.0434671651686903],[[24.11622422746992,-0.13053667381750234,0.0635532862456536,-0.18952669146042017,-0.003440209196340195,0.0783059511538846,-0.08042615455360796,-0.04872637364057497,0.4683476536427424,0.011964663092330467,0.981988041314466,-0.054623610019775476,0.002354555497391582,0.0020729857860125713],[-0.13053667381750234,3.6017665297185535,-0.08333184826316568,-0.04427505728976094,0.014874587380616627,0.009603222314412406,0.019799521987221496,0.005645862006777412,0.0685336009863758,-0.015636076597801304,-0.16428396629581618,0.03967193047586406,0.004274594078131892,-0.005486031112560137],[0.0635532862456536,-0.08333184826316568,9.171449660516481,0.1677460905242085,-0.039350353740238236,0.0007678473190415933,0.020099633189315753,-0.0076610201062778565,-0.0463840672727889,0.010046099746167474,-0.10215159281461023,-0.015616547851294892,0.0026048103192942897,0.0010279161385603225],[-0.18952669146042017,-0.04427505728976094,0.1677460905242085,8.439490597644525,-0.003981658063948342,-0.013883537877749747,0.007663620765376174,-0.02673477687098041,0.09780046744278022,-0.021192198010411032,-0.257846830130588,0.03780100152117427,0.018271153990112362,-0.025191754939499586],[-0.003440209196340195,0.014874587380616627,-0.039350353740238236,-0.003981658063948342,0.23757260311197517,0.004261887455964548,0.0018178608388236392,-0.010519662179782925,-0.0066580170726017966,-0.00428692121160819,-0.048009356545871164,0.03790958614780979,0.0015566294110908937,-0.002493397914120669],[0.0783059511538846,0.009603222314412406,0.0007678473190415933,-0.013883537877749747,0.004261887455964548,0.24555116969992652,0.00614280154509837,-0.007108017144570014,0.04180467554521139,-0.0018137307789404715,0.011526917455845574,0.04458222534156364,0.0015217730726736454,0.0018475452837427085],[-0.08042615455360796,0.019799521987221496,0.020099633189315753,0.007663620765376174,0.0018178608388236392,0.00614280154509837,0.2496439717942556,0.0008942777176947991,0.012040386432337935,-0.005843789426323683,-0.12122794363171051,0.05090043953885443,0.0017600633859700845,-0.00040243500442907227],[-0.04872637364057497,0.005645862006777412,-0.0076610201062778565,-0.02673477687098041,-0.010519662179782925,-0.007108017144570014,0.0008942777176947991,0.2537946504925837,-0.006412312331844275,0.0005818691387017527,0.09795011213987069,0.01389957080168005,-0.0033891342630659226,0.007230085108582171],[0.4683476536427424,0.0685336009863758,-0.0463840672727889,0.09780046744278022,-0.0066580170726017966,0.04180467554521139,0.012040386432337935,-0.006412312331844275,8.700197739436213,-0.06694435893823973,0.21316349964853093,0.17305313744636489,0.02126029293616214,-0.013378473272846003],[0.011964663092330467,-0.015636076597801304,0.010046099746167474,-0.021192198010411032,-0.00428692121160819,-0.0018137307789404715,-0.005843789426323683,0.0005818691387017527,-0.06694435893823973,0.23919366883859347,0.06357721132328299,-0.06372306338421768,-0.00503253669472541,0.005296414630127058],[0.981988041314466,-0.16428396629581618,-0.10215159281461023,-0.257846830130588,-0.048009356545871164,0.011526917455845574,-0.12122794363171051,0.09795011213987069,0.21316349964853093,0.06357721132328299,16.52704702954752,0.17038095106772896,-0.020546273658669574,0.06638224380162497],[-0.054623610019775476,0.03967193047586406,-0.015616547851294892,0.03780100152117427,0.03790958614780979,0.04458222534156364,0.05090043953885443,0.01389957080168005,0.17305313744636489,-0.06372306338421768,0.17038095106772896,15.336120982243385,0.018528127744992552,-0.011274168755297635],[0.002354555497391582,0.004274594078131892,0.0026048103192942897,0.018271153990112362,0.0015566294110908937,0.0015217730726736454,0.0017600633859700845,-0.0033891342630659226,0.02126029293616214,-0.00503253669472541,-0.020546273658669574,0.018528127744992552,0.038131905724539235,-0.0029452897427145325],[0.0020729857860125713,-0.005486031112560137,0.0010279161385603225,-0.025191754939499586,-0.002493397914120669,0.0018475452837427085,-0.00040243500442907227,0.007230085108582171,-0.013378473272846003,0.005296414630127058,0.06638224380162497,-0.011274168755297635,-0.0029452897427145325,0.0434671651686903]],0.5825452830408545,[[0.0],[0.0],[0.0],[0.0],[0.0],[0.0],[0.0],[0.0],[0.0],[0.0],[0.0],[0.0],[0.0],[0.0]],[[-0.14524128130489822],[0.017334150131916172],[-0.05296386934411566],[1.043215564564126],[0.3729790460870678],[-1.5019806634280335],[-0.19205706194417077],[-1.5253853343667536],[0.2538993362276881],[-0.9184174192766644],[-1.5404095856667848],[-0.442507648594086],[1.4432630911192112],[-4.23125393580493]],1,100,-37621914.26328994,-37621878.55647543,[2.9917796881090473,0.8434838958383524,1.5809357602717815,0.9216601035894094,0.5251548088884702,0.34740439966925923,0.5338699271931582,0.5829244145163404,0.8956220852792371,0.1,1.148470974037394,5.694641776016316,0.6062518389445207,0.2690201417278532]]
