["generation","mean","variance","covariance","_sigma","_p_c","_p_sigma","iteration","num_evaluations","best_score","best_evaluation","best_solution"]
[[[117634715.95521745,117634716.64344311,[4.414031921955277,0.8292898757930101,0.0,0.015936023376772905,0.458688949471704,0.48937713927385085,0.6341905024252605,0.597341236383715,0.6281393338498151,0.2097159847693265,5.6677923133730665,3.716878947854443,0.6860397483399463,0.2807230297682174]],[88936680.03619362,88936681.23349929,[3.947211127458554,0.0,0.7450765241826556,-1.7561488045014646,0.4816094001501968,0.29199828178136816,0.1974552900813984,0.7903769941017433,-0.2859317517176978,0.3102312687251678,2.4811011059542563,0.40681466908888675,0.6327747408708189,0.24907528496919196]],[88082217.68380442,88082218.11366558,[3.9151729154819876,1.0,2.1717217706451506,-1.062876333486748,0.4506253242059566,0.5718614913330426,0.8292258712457208,0.7179193128462181,-0.3582844134377838,0.13784363064458555,0.729352218294542,3.2113678333946876,0.5621351479178247,0.40221724887542976]],[81034501.55046105,81034501.5623815,[6.779263065452721,0.09577904129524223,0.0,-0.40423655832904964,0.4854162668252792,0.7814102022384932,0.6448101157411857,0.46781518446336745,-0.4507663675957319,0.1,1.8896863178719236,2.6972759868912313,0.5308266475283161,0.384580857249909]],[69695420.52099724,69695420.69940853,[6.16730251241476,1.0,2.4175796390628324,-0.987150101319122,0.7589353303074904,0.5231275487400664,0.6364709908934374,0.22096241860941646,0.1746959280740499,0.7004365275734394,5.067577774347539,2.689126057018226,0.48657851453828743,0.27809121448082114]],[68325834.90370741,68325835.85212755,[2.4546513596065855,1.0,1.4209190615719907,1.277637543643592,0.27622835465117734,0.38809946512223736,0.6139917709958852,0.5727882341086344,-1.4569220870141648,0.271089538195705,4.305474018860877,3.9819148688143757,0.5408066335025368,0.4378108135563317]],[68166440.4854469,68166440.51797271,[3.3977061115644767,0.33193691216527144,2.8619566847413065,-4.0,0.4380332556074641,0.3550138536034131,0.7095549269970822,0.37490799098671834,-0.5813231811099471,0.3346065206481918,4.286094347072005,3.8052161584489776,0.5031342692470676,0.4309741268749321]],[63002554.13019283,63002554.35948825,[4.641082227350624,1.0,2.438323695434162,-1.071416982277611,0.48916530208789694,0.6485978998136472,0.6382286923976871,0.5859940409045098,-1.8407520631077368,0.3420949736530641,1.6963577344552778,5.388095165870418,0.5096311572233292,0.46390645232446504]],[62080914.608593754,62080915.00685537,[2.659455197881941,0.0,1.8685461815425704,-0.13984338331434157,0.5858306402808524,0.5019959294973628,0.46050127317581885,0.643346416178366,-0.8648430209123869,0.5113113515266409,6.8953401211610625,4.5401688469449155,0.42094907194185427,0.4183311498669784]],[58028821.362909086,58028821.374266505,[4.2385085801274185,0.7509667927365202,3.0700803706689177,0.29682217907584074,0.8514249828375933,0.40611014805286383,0.756088077095967,0.43600880565956524,-0.15779810866758653,0.471932318542044,4.852289279290505,5.653587617291172,0.4077615926739646,0.41101202189141317]],[56695506.35591611,56695506.983594894,[9.125253642416073,0.9641737054554564,0.4297390842253288,-0.7877120358772743,0.2298807869249861,0.5542218082196615,0.4667373006713617,1.0,2.2433417566912177,0.10207634160859486,6.682010370035114,7.626088386086914,0.5049960539003234,0.40345771963877686]],[56321482.401591994,56321482.544445634,[6.287119776401826,0.0,1.6969573889526623,-1.5395120206957702,0.3616235220505669,0.49452198956729,0.4328705429351322,0.3772916579856611,0.33545114511012325,0.23119958738505264,3.629073696755247,4.035020004623932,0.6160668768710755,0.5863301543124799]],[54572456.05508616,54572456.22941005,[6.02132303206509,0.1540743624467099,2.798475426338348,-0.626722669063121,0.5167389347196244,0.27215650412925774,0.5928352743494927,0.9333087946155483,0.4068090995650518,0.38641965693504965,4.892670632318742,6.957236606700345,0.48020307432189385,0.3638983896511797]],[53717786.18400594,53717793.78103125,[6.960024401659522,1.0,3.141592653589793,0.8572001194198535,0.3285593487967079,0.3296902748735538,0.46100148461736845,0.6814314601571272,0.4198713122520957,0.34422003345699004,4.523479872632744,3.3412700423781665,0.5142516549712959,0.5066959057753896]],[52889505.688068576,52889505.69628334,[5.270125911345764,1.0,2.3186965952318133,1.4427573723896507,0.38108986165416414,0.8842387805604656,0.4982052851905648,0.6344822914935518,-0.04769390986256003,0.2202872835389592,4.695430202553938,1.2996984980335018,0.5280698751047395,0.3225694264501706]],[52315320.1282334,52315321.13519168,[5.038542171276842,1.0,2.6098957139194168,0.27591884828594115,0.5048380210894815,0.6166964107061953,0.4063897446047242,0.4063129065826548,-0.5166361926083888,0.9,2.2909553025984186,3.285691139810144,0.5960605289880679,0.37855053849644094]],[52302445.329783,52302445.33159745,[8.379567333009064,1.0,2.1255907158591727,-1.2724743265313634,0.7595514582659597,0.5354642339119926,0.53894777315161,0.27591122539366253,0.5976494994096518,0.4748301699585521,3.793402577216227,7.201610365548458,0.45478900191549887,0.5591434637365188]],[52287744.90892311,52287745.00198293,[4.363646762486508,0.025875519789572587,0.07415456664136211,-0.627920691497847,0.6770914037058574,0.6987330208663917,0.3977220074064314,0.8687577847201371,0.6299434117283728,0.13967209206595232,3.8800827895978616,2.5908136408393965,0.5184638998480581,0.47047299847739626]],[51138393.92228354,51138397.00306386,[6.030318212978584,1.0,3.141592653589793,1.4162144585270282,0.2628375258134552,0.7352579728067286,0.3919760157371736,0.5813877836264161,1.9881418770997301,0.4006924023214442,2.9618204844760996,4.551797118809931,0.5308247186776797,0.32783996801784354]],[49814963.074090905,49814964.77187532,[5.427332646662496,0.0,3.141592653589793,1.1876877137892725,0.8690185949880407,0.5495253952282816,0.4119797700582274,0.5107187021244033,-0.334447307431153,0.38577830455173306,3.122182379996775,3.4956104657175024,0.37576206829591047,0.3927293890800605]],[47886993.26801104,47886993.27115595,[2.491413225293073,0.596682286096717,2.211820237066074,2.254513563050466,0.49951815508323877,0.8405016289842078,0.7984801262608573,0.5902897284290506,1.2112964866882572,0.4153693178228368,4.007920026892526,6.529655960913907,0.5424827875045816,0.5062560055763553]],[47704208.89414843,47704209.04476988,[6.033708457638824,0.0,0.6757951841778136,-0.1317755330181995,0.2037078492410534,0.39004672828857806,0.38238202440122315,0.4581601990498185,0.2801668355118065,0.1,7.408128890065758,1.8257089941602591,0.4597413881972918,0.6088217998636855]],[47630826.09746786,47630877.644224405,[6.3501902907123515,0.0,3.141592653589793,-0.8757842286812945,0.4986402683824534,0.7925093099349225,0.48545478502487377,0.23305588971114055,-2.8911148427197033,0.3712121744449526,5.972557594513003,6.894833766073285,0.5020439549256226,0.5364946698724758]],[46088017.57208008,46088017.63083696,[5.2216641483044235,0.0,2.683639207470838,-1.9478799776125624,0.4355192092492119,0.5822104417045901,0.6639351527326147,0.7096340451902514,-1.1914339091770787,0.9,2.4827272418338735,3.0648001462616747,0.4873721602179983,0.4449088718657686]],[44277785.10192931,44277785.10192931,[7.57708008431684,0.3144309024293853,0.08607111621139296,0.7080381077688516,0.6017920440261207,0.9447549568507849,0.46036994740377757,0.6796594126906481,-0.7304726246300054,0.33068152029807985,5.461681387778275,3.5559849533168353,0.5394412906821853,0.5730705178257032]],[44060776.720197715,44060776.725814104,[2.971156612911269,0.42344917859047454,1.1603292894438235,0.5674992393429461,0.5003069734014741,0.4614975357735827,0.7263454948083201,0.8146921277086059,-1.0801692829840153,0.6116042262244028,5.8692587614145,6.535592509519313,0.417294081546001,0.4890364503909135]],[43651709.8214986,43651712.81293464,[2.9967946645039105,1.0,1.9672009438979576,1.1714438803908171,0.672361287209793,0.42293773655517974,0.9963202353702975,0.4418564988510051,0.345737644012885,0.5172086618375428,1.8189776574671095,3.8140122361022217,0.6385971477720187,0.6085213911436802]],[43358274.96862611,43358293.51761198,[1.9844035717499704,0.47876072919963536,0.9669888051880846,-3.503150905715039,0.301302974085542,0.5925012545633339,0.7790344275746384,0.10574030914673821,-0.3198812914071709,0.6271187838578589,4.1546898888491075,5.164668552112033,0.47355406837763825,0.45357454917294304]],[42974608.417815484,42974609.112915754,[7.396734858999517,1.0,1.4387813649018515,0.7934897543063839,0.18203341235937648,0.3965783264021282,0.8791864042418671,1.0,1.153853838804035,0.5844847820653777,4.641844936257225,0.0,0.5998270039316869,0.4059164733557752]],[42209360.91109347,42209377.53081167,[7.178490798281424,0.0,0.0,-3.0196536490071564,0.42385651902559596,0.4339372220388814,0.05030628277569005,0.03207104108121639,-0.08219563508943231,0.761627488372028,4.040025509741313,2.484372592220632,0.49168223546037815,0.48695421594013616]],[41426144.95456007,41426158.60496068,[3.72841279644736,1.0,0.31047744069652294,0.19306143468813347,0.2704738923977892,0.5649228591094059,0.33842243451484433,0.45364226408355657,2.6016440289898535,0.34336948863838085,3.647681910729146,5.304555333115737,0.44715750928188447,0.5227596935889612]],[39481729.29881868,39481732.26234281,[4.504301793573891,0.0,0.0,-1.0638276592804918,0.5621137524943891,0.7220363615496654,0.75996292962712,0.4926250015141833,0.28967069225330666,0.8285614317486838,2.603041559121215,2.8190668298271575,0.3944842160271849,0.41784415856179313]],[39267943.029315405,39267959.792232394,[3.8385802129514373,0.5612992910426065,1.1292722845081742,-1.9073281048869042,0.5425661346642845,0.42213815645887404,0.2732600585979061,0.3507502315806712,0.606623896198418,0.9,8.363794562804175,5.350368132288707,0.4633476273375897,0.43214043461032675]],[39112124.39691354,39112145.121865034,[4.025345761672944,0.0,2.057975738547123,1.2036568746109193,0.37533557093457637,0.5963954343822889,0.33307557419150546,0.7076301435844049,4.0,0.21601095001181064,4.203412170212336,3.123840327768348,0.43516185033003774,0.4951816082980505]],[38742393.57503542,38742393.64783025,[2.697544772667662,0.7934786673249223,1.572016879467233,0.47414278715631786,0.8839216813563434,0.2769230869685624,0.4453427996249868,0.7730404205510981,-1.6769675637664454,0.5581458894149476,5.249087359531007,3.7427360471123916,0.4874433207077774,0.3280541914747549]],[38296225.37762072,38296225.38646388,[6.403849847267185,0.0,1.8517380233422471,-1.3797690740831445,0.7154199223058879,0.29133243476046833,0.5762020706504712,0.32644137821244623,0.18824599268226372,0.602239535237859,7.430841765959036,2.8766641079362056,0.5644610847752164,0.4197065493814793]],[37291453.18766284,37291453.3598268,[6.596202845046694,0.4309138032964006,0.4796078762049423,1.1832647935326186,0.6833288667282899,0.4575218428568092,0.0,0.7342011872042418,1.042840120504504,0.31982596769836436,1.8541857662035586,5.793731987983522,0.5087375791039018,0.4748819434431098]],[36356603.28114605,36356631.97577584,[6.593946235541607,0.0,0.0,-1.9070189344782946,0.41433554890905366,0.5554291825279931,0.33641940004864224,0.4759196944844556,2.3001858733160434,0.6295395464853728,9.0,5.737134932391113,0.5623302219353453,0.5285461708950107]],[36052598.86712854,36052606.9930042,[4.869118092689635,0.6037492015600574,1.1404069648457313,2.114535306761978,0.4330410458669785,0.22532678567746178,0.3136015640026768,0.36123521919455476,0.9154254642735693,0.17748176323665793,6.130567782472383,5.7901070049034065,0.44605416252424523,0.4102074814951156]],[34326164.425462775,34326212.151343584,[3.3102157289262997,1.0,2.7988164867637906,-1.916421078532816,0.6812044259232218,0.44019441119158653,0.48235347755977453,0.22505332935759992,-1.4035466248881634,0.8228840878738745,4.4288393892510145,7.663657486537548,0.5481919994384942,0.5013184685691783]],[30353583.989097115,30353586.18806398,[6.6041281628096495,0.0,2.3741406270791825,-0.23125790399864493,0.6343716808375764,0.7310940403451316,0.0,0.8398967996709052,-1.6400035575739769,0.8720365022052494,4.83689494294196,4.048092950888649,0.6489138293464459,0.2953933942824728]],[30141152.990458336,30141155.76478839,[3.9747818751054353,0.0,3.141592653589793,-1.4926562222778719,0.07993543928542823,0.5153898880334111,0.7505341163179025,0.300294253874707,-1.1762979453677522,0.1,4.591381576170202,7.631412559188183,0.43256620436821097,0.5172357427860985]],[29445181.808452833,29445183.064356565,[7.5756029739857365,1.0,0.7509260907196478,-0.7219543313099478,0.11774582637950509,0.3522589353205407,0.6749669964408376,0.7633025180601116,-1.083872469256331,0.7496477608541697,5.278147324760123,2.275205894022911,0.4430750175328228,0.4986788427021134]],[28462051.932489235,28462089.48175633,[2.363546872938479,1.0,2.039610205581808,-0.8301204895742755,0.6663644218755086,0.4412142952234322,0.5428417018927029,0.2216946216790403,2.2396563007188734,0.37874073225982124,6.10688589121293,5.27416576962114,0.5005066187589616,0.5436850595418539]],[26224352.137575995,26224352.659464955,[9.56427898480064,1.0,3.141592653589793,0.37215500528905127,0.9137600446105651,0.2841073034470531,0.2982723004266193,0.6628752528486833,-0.6742816113091444,0.5885867583189307,3.438762419108663,1.5741951577011482,0.48344122050649374,0.5066514274668347]],[22806460.47347918,22806461.72358179,[7.788739699051537,0.0,2.7582103813800334,-0.7344578309418028,0.8020915547567957,0.31457192895085706,0.47680397006564085,0.5468575173560394,-0.9781889431561447,0.3560186235971129,4.023200565262021,2.14683676357007,0.49509591343232506,0.6233568835591574]],[20170648.208804023,20170648.344043374,[3.5863003560203905,1.0,2.995084439368201,-0.9766178618642503,0.4152033109908512,0.2868474582293362,0.8302980372931221,0.3896274245030881,1.2553606697738684,0.6980823403622578,4.30560537636269,7.063493822152115,0.6203936901529667,0.5184369954011865]],[19718993.927434057,19718993.96483779,[5.973650961645101,1.0,1.5472320384852734,3.3264752598370935,0.7634987112189188,0.5054930191671909,0.4976604628769996,0.606341419869455,-0.9515313757543591,0.8146125480990625,4.49048644896012,1.6503551108500791,0.5058397896929805,0.2830761966075951]],[19355884.12151245,19355912.486828208,[4.138096713358021,1.0,1.956021030847569,0.3669731168305539,0.4002588078611364,0.7595068893377486,0.4066668956478563,0.1496285936303865,0.24198651695206874,0.519406496438959,4.714495376126911,5.413750052733247,0.6671591041406004,0.45793093099799864]],[19336715.949147608,19336716.44120121,[2.5471536725170356,0.0,2.260861079855656,-1.6130123397682194,0.44258836901830195,0.6079410654057569,0.7079941102109568,0.9655790761671759,0.21740269826579206,0.9,4.135617252697649,8.298024686225386,0.5517647454408016,0.4204428258883721]],[17271873.4214619,17271878.20730138,[2.2830254788715236,1.0,3.141592653589793,0.006833324429175972,0.6374162317635985,0.5738891340971026,0.35566011985829693,1.0,1.2267090164622636,0.6062231833207982,7.169115834232073,2.7436381969989077,0.34779528468163307,0.6078647684749618]],[17012848.19317019,17012848.19317019,[7.788815587859908,0.7369005786818346,1.104159948052037,-1.3755301815714132,0.3913965926359628,0.9054978865383615,0.5015999207318331,0.769443763313969,0.8192962222314488,0.4147347196706451,2.1713608275464455,1.9006520019501072,0.5387996957507856,0.5437350611350945]],[16726577.514963266,16726578.065298915,[4.99427317393703,1.0,2.2077872392735753,0.8114673249576068,0.6621150164438627,0.5351656382192385,0.06909550389057095,0.543936098379258,0.18911699234628493,0.9,6.825893680597563,9.0,0.5677331747012161,0.44845786811205357]],[16132075.922477521,16132075.928639293,[7.3318434067094005,0.9440832632792018,2.1740668613761853,0.6985229944508343,0.5109331382093446,0.3647142619868491,0.8067902606252821,0.805944541762585,1.4722693507852544,0.9,5.747058054432187,8.128984658703,0.5096454479616772,0.4802172118183406]],[14847039.310073398,14847039.312818646,[4.09030963256681,0.3152435868869447,0.5274535008993897,-0.45519520605210934,0.2549093424231529,0.40440871457006616,0.7828946343878934,0.8424484059419322,-0.3269712382162914,0.9,3.4562704491633536,4.380733992731736,0.6135647282884646,0.5413800363936684]],[14478998.484258221,14479000.56529665,[4.652860283513479,1.0,2.609092557505253,-0.41251480248375116,0.5092074605528125,0.6667203891922066,0.3867847863531878,0.8607397641324642,-2.9654029929869172,0.6653912824523038,2.8896170788814675,3.3594329623446626,0.26182831887351066,0.5555527277207278]],[11985492.955482397,11985493.011360645,[2.0388164132774205,0.0,0.0,-0.12656166242061573,0.6803616018426223,0.6898645284739616,0.5076653965018263,0.34401892932477757,0.2604350959668045,0.9,3.4817803804368577,2.2745927881857253,0.38119984763176873,0.5096314069520771]],[11976043.663203504,11976044.001726627,[4.600671708975977,0.0,0.3163632888503296,2.8198718421579905,0.2831764679117136,0.18022871861387652,0.2563432758245117,0.4630521650561928,0.5520866177019447,0.610447021394477,2.5005193407286335,5.9271952963732755,0.3989917273790698,0.35031403296172037]],[11016386.961341584,11016434.443502843,[6.131336386182159,0.0,2.643066758479951,2.7828253369370337,0.6666434345221055,0.6587963026119728,0.10832941072149488,0.1489161683707122,-3.292470905452709,0.1,3.1242301074719525,5.155861746418866,0.39934568968204587,0.43331281098000285]],[10682069.225876851,10682069.555056572,[2.7347837649374065,0.0,2.1940714222576685,-1.8039956403349109,0.0,0.40279866182303964,1.0,0.8316777757390807,1.2754464234802296,0.4639141427028585,5.766834798010374,1.6902002068529725,0.5520041796583286,0.6908090317598494]],[8789503.6179791,8789504.417142868,[7.272568598260593,0.1112988020189074,3.141592653589793,-0.20494146584823453,0.6594510149128795,0.3311788339543872,0.47263195973993033,0.38377527798159106,-2.249614278878956,0.6008914158292602,6.081416670758564,2.293404650474562,0.31268126130075946,0.6142330310401231]],[8539735.555754023,8539757.470833898,[6.5556554692156705,0.8221994905908312,2.803108471096283,1.6077162854922888,0.5251477991679261,0.7297167280225827,0.5765216966381423,0.15224761484028537,-0.04342353371865501,0.5601170409638829,7.165961289842279,2.4998540736657606,0.5795936429993203,0.43501824203871925]],[7310094.263994402,7310095.593518376,[6.875478079337779,0.0,2.395921372334832,1.8508119315143454,0.17768716667457735,0.62999699645971,0.05270111638888919,0.7100069306251532,-2.2644477703762336,0.41843121521282167,3.288817299150058,0.0,0.4846976571577249,0.47484283521090925]],[6151300.673844755,6151301.1101897955,[7.369250770820532,0.9697364317465733,1.0866691596455424,0.6590101665338326,0.49833006845660627,0.285399817020485,0.6732936613397326,0.969426665340104,0.5185125124789056,0.338602193059402,5.658058317954763,6.79639347128465,0.540462620026801,0.6672069849554159]],[5108965.199527055,5108965.950179577,[1.952297133838437,0.027835923954742325,1.2406583659718633,-3.667385985286221,0.32836326688323214,0.4980878390664531,0.15466988759517797,0.8194333737968438,1.1484937277776655,0.26127758604956963,4.463271260387879,3.7468036088833276,0.3548822029850506,0.6146549942148706]],[4642057.976964807,4642058.277783573,[5.739748507141872,1.0,0.0,1.9735638833313325,0.3724272092500134,0.4448344395568637,0.4233065318561496,0.3181919977748807,-1.4514985884144624,0.22110709272218643,5.408317027091092,3.8173172499362846,0.3025477226237652,0.5107017485108214]],[4113109.423682439,4113110.5883835554,[3.162401897222648,0.0,1.345428814530173,0.0556468214811338,0.1276177109181399,0.844931766712215,0.1829215323471819,0.4394990467595729,-1.856121370126497,0.3319048992237519,1.4706305042436791,0.2575233089029747,0.38020878798012103,0.4823667749749024]],[2888112.9817706123,2888113.16085279,[1.0096748335140227,1.0,1.4240510313240058,-0.7325695525443172,0.2486276235208844,0.6726610198498416,0.7163192228185065,0.4169288526525367,-0.052802659948665454,0.9,6.352109750081603,1.3116511897901404,0.5084575947312322,0.40038079754007594]],[1441683.0687008712,1441683.1176458597,[4.420626617743957,0.0,0.6949967348974746,-2.1852703248705483,0.16058519800726467,0.4316501235885146,0.49121201406514386,0.4435162743659945,2.2381011051408013,0.7068195795527752,2.8560860627056837,7.083226015906627,0.42501533107578576,0.6665642861980678]],[595230.9352487326,595230.9352487326,[9.44895691778163,0.5017292920195492,1.3526336142676516,-2.3623449263731344,0.5609068547592949,0.8968572296089595,0.2748330526992122,0.4966452714902293,0.021178330709894087,0.6957086671661017,1.535079290819398,3.858037132361269,0.6308516305094934,0.5133117651639751]],[-1793561.9311193,-1793561.8323620558,[5.865279496754421,1.0,0.5807701502185016,1.4865578006119087,0.20874598421656748,0.5328988336877546,0.5239003367663949,0.7073225587104602,-2.14976951578141,0.4586555061827954,7.515079862404836,1.760298406249862,0.4198408451068331,0.5757646594082857]],[-1884961.0889944353,-1884960.5098167658,[7.087734817431292,0.0,2.095837296200504,0.9030354336722011,0.2285005285706999,0.2670826054768898,0.19970568471028566,1.0,0.586516839870454,0.639895081839212,1.0758698823705761,4.057903975805006,0.5856780443539685,0.6472606770517556]],[-2445171.129527938,-2445168.122361183,[8.164003826532126,1.0,3.141592653589793,-0.6729283939550856,0.1982544866273041,0.6755578624746751,0.7665179257384601,0.9723343961403503,-0.5447652070222975,0.590409556767196,3.5066997042718566,2.8228810605043715,0.4455377626395223,0.5104160164412647]],[-2533116.001312906,-2533112.6598843336,[1.103507505378491,0.0,3.141592653589793,-1.177278627362037,0.4052415457259719,0.6659288788257751,0.7968945727109856,0.39451516895490646,1.0862203460789464,0.620220995310131,3.9424593607656324,0.0,0.47930011906846715,0.5822853372532973]],[-2757389.6355645717,-2757389.632834077,[7.012073438072548,0.1312974220171541,2.887875625813077,1.7052508846146854,0.5424570702865574,0.5182012889924467,0.7745289844107852,0.5569892925968101,2.1357322729712895,0.4065821274270646,2.1837174194175226,8.867584522591613,0.4054388512938329,0.5497541293049657]],[-4476224.444348839,-4476223.9253284335,[4.260028363576945,1.0,0.8787329688283072,0.9747747396215786,0.5258580637867942,0.22463757738150814,0.5557521250055254,0.4545386385614408,0.4319873803090004,0.7828661577159959,5.306470685350359,4.808975109693489,0.4800426456829669,0.48826659809987044]],[-11629765.30705314,-11629765.187887907,[2.6159426206581453,1.0,1.7484843156829284,-0.882304308012108,0.3986792028158297,0.2788685460072432,0.2746650689542408,0.6654030585315203,-0.3986154821928505,0.7955091861216038,3.1436469652814103,0.2690225374205837,0.4970708759811284,0.5367271917144015]],[-12116383.358294636,-12116373.104712129,[5.884957056344532,0.5186356246668741,1.3713785024206875,2.3548696148743833,0.6411103149876394,0.7520127970980873,0.41801168357807683,0.0,-0.9469036824830744,0.6732505004331079,2.500819773000721,1.7827045168890572,0.667001010606417,0.519784837189366]],[-12698780.84578292,-12698778.102910161,[9.113776408873935,1.0,2.2024351670325175,-0.8446316354194314,0.5142311105754994,0.7084611567750724,0.0224557015403426,0.7691262098124232,0.911848850085204,0.6553507570042005,7.214462335354524,4.339390521195139,0.39024323272547273,0.5065478023937052]],[-19988850.96623395,-19988850.06955844,[6.842372694534023,0.0,0.0,-0.25683297307950653,0.7074379576895387,0.09910176914155172,0.4429492295967402,0.7033912515324883,1.308140410349448,0.29221755393314275,2.7309182331218778,3.3661072265683507,0.39536309826084237,0.4948282596806095]],[-22428607.520855825,-22428607.243338883,[0.5738260868015681,0.30299761889702564,3.141592653589793,1.199899038868663,0.8265567498880639,0.11736019987097052,0.23149706040103363,1.0,-0.03042315513869364,0.5252589405062515,3.1062971595903246,4.799081556410685,0.6428868610279381,0.3994650926686807]],[-22623196.46291111,-22623196.46281135,[8.236291852670835,0.4102893869834305,1.8878609874611154,0.7045062712943058,0.9457284994800859,0.693592682347596,0.7968544574845489,0.8215625693354736,0.18296724103622625,0.8068433109045919,4.818170594393719,3.0082424837288197,0.6632149722430839,0.4419205722979988]],[-23837935.906702895,-23837933.263203204,[3.5131300035279143,1.0,2.156519786367094,1.4007266597973513,0.23203335745979392,0.07180843183690727,0.5575634448856654,0.15174597048452187,0.6358989704937973,0.6318652091268021,1.9042527452591242,2.734980653536694,0.35950821545335854,0.3507546303372785]],[-25063696.898842867,-25063696.17786801,[5.7029287731595035,1.0,1.5087074149885091,0.771059184653873,0.6079956765688987,0.6190126405632911,0.31589108406976263,0.9324795143016438,-1.5223794992154414,0.755856388641388,2.265047652916944,3.445183230667703,0.6333194620071921,0.4781198347541333]],[-27712633.27712513,-27712591.475147367,[3.513864461645589,0.37641351728711825,0.6469374936195202,-1.1206080414710158,0.4853194706734692,0.9552005305452473,0.3003943502220654,0.5826193556119789,2.959446344130819,0.45819249305594756,6.438029717211904,2.020415840942399,0.4538105747942897,0.6471573562902853]],[-30470829.12155546,-30470828.855900407,[3.4994361056910224,0.3694698896202613,3.141592653589793,-0.8718372687185874,0.14824428828357128,0.7810413677636123,0.767490976790258,0.3085186334773141,-0.3486270169903424,0.7270138264837341,4.0274153390575655,1.0205150985789149,0.5860047413462831,0.5894614932773092]],[-35648635.99287044,-35648608.52966547,[0.8236579081207598,0.0,3.141592653589793,-0.0033128553359485094,0.5083561852644373,0.5574383059774144,0.7428477136948413,0.34719323106463873,2.802380277348191,0.20837390537104672,5.15136164676281,2.880890333452442,0.5516528679085164,0.3899097115461036]],[-36012760.52872827,-36012754.97947186,[0.0,0.0,1.8301750175949913,-2.4669180895769593,0.4067365942875554,0.125386756571722,0.24169084210052438,0.4326225153952961,0.6819959707881551,0.20003014384339113,4.136854944765647,4.862462012936307,0.6681394779520221,0.5120132777382305]],[-38331534.59904882,-38331534.46128678,[2.7422370646600704,1.0,2.4601243665662613,-1.0211515751250535,0.41487429669884535,0.20944920690175284,0.773259452273078,0.4072760161761976,0.027061923711428144,0.8216405028120599,4.439395786334539,3.266446742538917,0.748921493497028,0.6210728887307928]],[-42188590.54592026,-42188590.542054,[2.0938606168922744,0.0,0.0,-0.5297576272796789,0.1396568232525055,0.06832596720859219,0.6543991442831287,0.8639991840955699,-0.820048863179009,0.8712961336740658,2.9925603601959607,5.721230205251482,0.5611165791780497,0.40859612569323556]],[-46153811.170275025,-46153811.17016685,[1.8555189805434398,0.35802626746234667,3.0360587511710047,-1.76816640992864,0.2882859453907267,0.11402430527984858,0.21275071159338704,0.5759700323589543,0.39896112910236814,0.8058008877040814,5.15189244507455,5.281113411447219,0.489705494463193,0.4561378858359087]],[-48427321.93583727,-48427321.22684932,[5.747875223457493,1.0,3.141592653589793,0.20361096272333534,0.5101544881220711,0.9541578204169756,0.5060380954712114,0.3709180203190939,0.1237624002004315,0.9,4.754296834710735,6.216827629979136,0.5413408399832741,0.6143600119563191]],[-55008412.3086198,-55008412.3086198,[4.530358923060671,0.7065031300494844,2.732619828424218,0.19198728735727708,0.4038664465658845,0.06580035949580681,0.38943858838337875,0.7096574920257062,0.4545719341130102,0.37602159342370806,6.074235231450457,6.606890026945807,0.3818514915320895,0.5759958465782562]],[-59789956.786945894,-59789956.718247294,[5.324528726738497,1.0,3.0911749989901014,1.202492283782656,0.7948176722907785,0.04328516776999991,0.4890958291962047,0.32220156498044206,-0.9964055637628022,0.6567373441267012,3.9670723867714495,3.599330021823051,0.6163643465178671,0.5512843467206741]],[-60720443.04575622,-60720443.04575622,[3.4919540383405296,0.11678390680651596,1.4143286601881533,0.6301396242628264,0.4720802655423254,0.9227663763771099,0.4658930445411287,0.7001242065422119,-0.21309747656420985,0.6301829895336839,6.189721635256962,3.095459694834009,0.5148246820269808,0.5154480666798665]],[-70948734.25773665,-70948704.57385522,[5.777165401932544,0.0,0.0,0.8163991833254669,0.44777244967623536,0.0,0.6174088951253469,0.3619550953258993,-3.209690464157663,0.5849115687853772,1.9706336998936376,5.310373599016788,0.5495895456787734,0.5448178361243973]],[-82081478.64216308,-82081478.49434459,[8.518526806578013,0.7913698506065975,1.330737870212631,2.3330009476305125,0.674517277364442,0.5625385581402811,0.24026162034333226,0.6538444362296449,-1.5092924435559998,0.7080469867388905,5.020678715068977,4.216250184003366,0.3832212724633241,0.7905286976864858]],[-91579157.55759713,-91579155.39265478,[0.5208181479021796,1.0,3.141592653589793,1.2056000853196625,0.7061605289624628,0.6562215328534182,0.3450472605481155,0.5822639072407235,0.2962730076833799,0.46680417792995627,3.9584264317532694,2.4436468250069248,0.4963585769216173,0.5441417621010491]],[-231479006.21130228,-231479006.1225688,[0.0,0.3989259537190444,3.141592653589793,-0.15770386784090332,0.6429200259421985,0.6047484674939092,0.629653836423862,0.4297952687794336,1.1198323126017864,0.49855217392664014,6.73788659707394,5.430088635731093,0.3882131292315858,0.5344412108287777]],[-245651051.2400636,-245651050.63020104,[0.11175328200141532,0.4556725749275687,0.14804360314439058,-1.3070274401269193,0.16455281774666453,0.4967895394100081,0.4024075001761579,0.31584199162989834,3.601204607149028,0.7168016399208186,0.0,4.1641995654281505,0.5865268438907814,0.4978612089209688]]],[4.937111369058516,0.5811888051014696,1.6016755761833612,-0.5412273536426732,0.48946090052195385,0.5203957621093872,0.5660661171337459,0.580281048495569,-0.11139158150946515,0.3342303019134373,3.9315424648138584,3.7428683328481314,0.540751835049598,0.3926946284684099],[23.23294722638525,3.601621501118851,9.248309983780294,8.820073583281765,0.23119918627348124,0.23200913168189022,0.23605271542446785,0.24122155442059529,8.311610403263504,0.2503540166277852,15.516460809743847,15.614375505688018,0.03887935285762489,0.04484867936538771],[[23.23294722638525,0.016554789239854432,-0.06789637189560914,0.019437601256032642,-0.0007503372406275844,0.03644645942480975,-0.025220339221722798,-0.007481441061783724,0.3387396897192564,-0.00545903930163407,0.14588666489228477,0.32987927445196386,-0.009900804000578448,0.013949104271436452],[0.016554789239854432,3.601621501118851,0.0545118010508468,0.0711645793689303,-0.0033676099423826256,0.005116208063503353,0.019983107555254755,-0.0007141825904927432,0.02863362072825796,-0.002956613234277412,-0.0033135171591683215,0.09017321037609576,0.0028514411796863788,-0.005138649923790146],[-0.06789637189560914,0.0545118010508468,9.248309983780294,-0.03395559589444295,0.021970802185159663,-0.008296151402761034,0.021632405206922434,-0.02656116313752662,-0.12228527757484335,0.0499314260705919,-0.10963378557955294,0.25964934778122434,-0.023437248594022155,0.013284536522912525],[0.019437601256032642,0.0711645793689303,-0.03395559589444295,8.820073583281765,-0.0012693929708188156,0.026608908958817026,-0.00952577709367833,-0.0031131937482149646,0.1069327001541302,0.03972346219524324,0.23736375728469739,0.21613989101540923,-0.011984645912376485,0.030435669369790665],[-0.0007503372406275844,-0.0033676099423826256,0.021970802185159663,-0.0012693929708188156,0.23119918627348124,0.0003225375873617729,0.001319680067648446,-0.006045412131756922,-0.0074872020262984436,0.007476329347407538,-0.0004850153285697565,0.00652196339388102,-0.002468137704844451,-0.0003961046607414545],[0.03644645942480975,0.005116208063503353,-0.008296151402761034,0.026608908958817026,0.0003225375873617729,0.23200913168189022,0.0037490716094838636,-0.001976046535992763,-0.0021231617946823825,-0.003503415452333207,-0.02572970715445496,0.012985473953113528,-0.00034593014695881983,0.0003773131769776609],[-0.025220339221722798,0.019983107555254755,0.021632405206922434,-0.00952577709367833,0.001319680067648446,0.0037490716094838636,0.23605271542446785,-0.0013109711266804853,-0.01155509949760324,-0.00606215331616078,-0.019309311945684537,0.046305745754876525,0.0003298878172979655,-0.0018086652707936378],[-0.007481441061783724,-0.0007141825904927432,-0.02656116313752662,-0.0031131937482149646,-0.006045412131756922,-0.001976046535992763,-0.0013109711266804853,0.24122155442059529,0.017207223539592118,-0.013937676966438288,-0.009022789272705863,-0.011072466002607988,0.0031181397627231067,-0.005796661830558987],[0.3387396897192564,0.02863362072825796,-0.12228527757484335,0.1069327001541302,-0.0074872020262984436,-0.0021231617946823825,-0.01155509949760324,0.017207223539592118,8.311610403263504,-0.004458956319500788,0.24856646681031172,0.13075608813236614,0.004637845769646135,-0.0018995148992731869],[-0.00545903930163407,-0.002956613234277412,0.0499314260705919,0.03972346219524324,0.007476329347407538,-0.003503415452333207,-0.00606215331616078,-0.013937676966438288,-0.004458956319500788,0.2503540166277852,0.02853444806614014,0.030904502574049895,-0.005741004905197094,0.00815174139413547],[0.14588666489228477,-0.0033135171591683215,-0.10963378557955294,0.23736375728469739,-0.0004850153285697565,-0.02572970715445496,-0.019309311945684537,-0.009022789272705863,0.24856646681031172,0.02853444806614014,15.516460809743847,0.5302161773581809,-0.011722683941646304,0.0034144668969987514],[0.32987927445196386,0.09017321037609576,0.25964934778122434,0.21613989101540923,0.00652196339388102,0.012985473953113528,0.046305745754876525,-0.011072466002607988,0.13075608813236614,0.030904502574049895,0.5302161773581809,15.614375505688018,-0.033419349740901286,0.05114544351609502],[-0.009900804000578448,0.0028514411796863788,-0.023437248594022155,-0.011984645912376485,-0.002468137704844451,-0.00034593014695881983,0.0003298878172979655,0.0031181397627231067,0.004637845769646135,-0.005741004905197094,-0.011722683941646304,-0.033419349740901286,0.03887935285762489,-0.0036335212533915168],[0.013949104271436452,-0.005138649923790146,0.013284536522912525,0.030435669369790665,-0.0003961046607414545,0.0003773131769776609,-0.0018086652707936378,-0.005796661830558987,-0.0018995148992731869,0.00815174139413547,0.0034144668969987514,0.05114544351609502,-0.0036335212533915168,0.04484867936538771]],0.5862186753634158,[[0.0],[0.0],[0.0],[0.0],[0.0],[0.0],[0.0],[0.0],[0.0],[0.0],[0.0],[0.0],[0.0],[0.0]],[[-0.09527004848665332],[0.30748250052492054],[0.07445109891870111],[-1.3665097451349781],[-0.1596569210122221],[0.3089755995629128],[1.0008362542529254],[1.2161783884036035],[-0.2812453595225676],[-2.511246776705899],[-0.12963298371308546],[-0.4869112673920036],[1.543374868785038],[-4.063925305595066]],1,100,117634715.95521745,117634716.64344311,[4.414031921955277,0.8292898757930101,0.0,0.015936023376772905,0.458688949471704,0.48937713927385085,0.6341905024252605,0.597341236383715,0.6281393338498151,0.2097159847693265,5.6677923133730665,3.716878947854443,0.6860397483399463,0.2807230297682174]]
