["generation","mean","variance","covariance","_sigma","_p_c","_p_sigma","iteration","num_evaluations","best_score","best_evaluation","best_solution"]
[[[11950734.586959278,11950734.628966808,[7.204837547734137,1.0,0.0,-0.6931760238687621,0.3529824988255409,0.3871454045754934,0.4725884589936199,0.775576657674256,0.5981595959328675,0.1,1.773759965456645,3.4636344359817155,0.5775721013679814,0.3684473958384908]],[10831680.394046022,10831683.418980956,[3.6112863428793185,0.01497995378244843,3.141592653589793,0.38315573345110365,0.7235665494329955,0.37799399963210856,0.507466494782478,0.9078230303380654,2.847233120947913,0.1831546555311364,4.939388124295643,4.1702687011284105,0.5201130852357982,0.36647002467407186]],[1567821.18125802,1567845.0866070986,[10.464970611173406,0.0,1.0869407244357328,0.8139735373326129,0.40260870549641015,0.28473348255147823,0.414719300527835,0.4504512831396627,-2.835402049034609,0.1432092594575382,3.970964013673449,4.7441736473129,0.5774100863802302,0.45412157543136167]],[65343.13360800367,65366.780403256416,[3.675150856950355,0.8640110214552181,0.0,-1.0022252253537431,0.5652944650136,0.38904912308214146,0.3486752673543802,0.38702960864102676,-2.1727112946608322,0.40858860574134787,5.002337800852057,5.938973441946032,0.5060080431317171,0.3854902621179466]],[-2438535.278474014,-2438534.833111584,[2.6744174285385407,0.0,1.8458151585185205,-0.3986237340515217,0.7810893861001731,0.18506311879234327,0.7113681441456032,0.4365095318111583,0.28935131732369557,0.1,1.057241367112371,9.0,0.4925224122342953,0.37871908042452135]],[-7606379.016646226,-7606378.183369279,[5.757749111140667,0.0,3.133914147959456,0.40082185531037196,0.6686697712113421,0.2697609832512732,0.7582766692912271,0.6951092424429205,-0.04344017507720943,0.37858521103033993,2.426295530235756,6.973672658649505,0.5774122531495444,0.4598179052441208]],[-13252648.25872871,-13252647.051629305,[7.455918598921859,1.0,3.0043012292197,-0.3370514021734597,0.43980764357998486,0.5342787207395441,0.5292313307871471,0.6237236142205116,1.9662303630826388,0.3941941124374445,5.665517983368112,5.7608699329407616,0.6009500063084707,0.3720084696484999]],[-13827161.082426786,-13827161.081597209,[6.50702235743891,0.646463854804517,1.8473929411569543,1.5802492884124328,0.49853113850773195,0.6989366510094022,0.419551617930439,0.3868930963398422,-1.2616114304712873,0.33881949257894917,3.1921866485693196,3.565084747852847,0.7079084866386783,0.4661211130015388]],[-13995701.66196099,-13995699.742323399,[5.68888916926945,0.0,1.3494960578501347,-1.4352213733638037,0.48991269034470364,0.3277931642000629,0.7031928442536757,0.9902242885108272,1.884171553014514,0.9,4.534621338252494,4.255141035137996,0.6345962154342166,0.2844356941199966]],[-14753053.494784754,-14753051.49920857,[3.985415976037032,1.0,2.0073732248479446,1.3707122751922078,0.819816168203293,0.32447647892778886,0.2638550792253078,0.2654306371299049,2.0995154390644313,0.3835853522622142,1.2048281197090684,2.4268412380378814,0.7378160704975258,0.5636471215194144]],[-15898834.791354563,-15898834.614437222,[5.27703294162437,0.24526571091613603,0.15046880963561948,1.1737564403936698,0.17803532606168165,0.5569223572491996,0.8136136518128632,0.5195480524143579,-0.5925158917977117,0.3799789257853248,5.700265825880033,2.6575593972649454,0.6170350317071694,0.5062286366571704]],[-16232236.105659148,-16232229.992540598,[8.249600084087202,0.3492511931349989,3.141592653589793,-1.388916113594611,0.47926151414182083,0.2514887478595393,0.5669980648413827,0.3148453405203083,0.8440626247017227,0.5234734048765394,2.1673764820804164,6.322759589241587,0.4566606708279999,0.4135904771872517]],[-18917415.931820452,-18917397.127703547,[6.600762395677903,1.0,0.0,0.7403817883134955,0.5797885109240296,0.5822967870782578,0.7924497064181013,0.2523156120240394,1.7024438513113944,0.29805422371321266,4.318006921036703,1.393878917208856,0.3712132600184759,0.3494406610223728]],[-19066295.805182427,-19066295.48669696,[7.326553217782871,0.0625257008558251,3.141592653589793,-0.23553121163420745,0.167040662800232,0.3764105744140358,0.44874626363759884,0.9391303788698291,0.6050656159066907,0.47889530125928886,4.834888774475138,5.854559834874051,0.5549823918658796,0.4607447581500888]],[-19067182.291822672,-19067181.67010081,[6.294460547105137,1.0,1.6993608288535595,0.8999708106075592,0.8597559110213364,0.3998094459558823,0.4850790909889525,0.692316946499719,0.11608159999057546,0.15474529700556583,2.041192901343713,7.275848866102505,0.47406426067501106,0.4625987985566696]],[-20366025.884949088,-20366025.884949088,[4.170293375330129,0.19914101931568284,2.454769259607388,2.1911723845245135,0.6237305323165857,0.5761550444648452,0.5549091035139235,0.379492231405274,0.3769856520761704,0.6349984070856769,5.524042615471066,4.902804086043182,0.404677397553586,0.32479690455137]],[-20460889.762139823,-20460889.317106128,[2.250096679664665,1.0,0.0,0.8489110662275384,0.5439485210625737,0.46834725769251495,0.6071054194279384,0.8166071912897066,1.0539437303680386,0.1,4.747580540941735,1.4205216263678442,0.48175042435002013,0.4554808900077482]],[-23415974.461380005,-23415948.345736206,[8.523020259524788,0.10841650480692833,1.4762520572603632,-0.576292652944393,0.5760089969240612,0.2607458051165307,0.3309214901234064,0.4683246265912694,2.5117926885297517,0.4720281538035166,5.108748372746764,0.6911253314867816,0.4161061759840441,0.45702351813798753]],[-25491319.068371248,-25491316.897687674,[4.084078280165421,0.0,1.5000056353338194,-0.38946716196209397,0.3026687105470718,0.4626868140548392,0.7629909140897473,0.6036400345610167,0.563203420994783,0.263893421530805,4.309169899930219,4.943353794148297,0.5837068050124261,0.582919210400926]],[-26062687.279199302,-26062647.172793925,[7.306418699444549,0.0,2.0678988255996105,-2.0381969128065363,0.0,0.06852874342949394,0.4734224503653789,0.0,-0.3022891375634622,0.6088045002543623,2.580585114376399,5.767205895050594,0.5312706254807941,0.3425750382292533]],[-27343261.116681997,-27343261.007762194,[5.966951661067354,1.0,1.2011186271069094,0.1382836704719571,0.3749945897088534,0.35402718681193385,0.5738109697746068,0.6238615827680895,0.22192427745695759,0.16890538876784744,5.283945491931563,4.626573748838928,0.5602194466187592,0.5855900948761799]],[-28886500.48931713,-28886500.102713704,[7.399021950974892,0.0,2.3187316522416355,-2.943471560966719,0.627399961952455,0.24039769841496322,0.6083239425764828,0.41491787931490526,1.2873449569319968,0.7150991108361303,7.959306707324907,5.087317033652838,0.3677753605180099,0.38685997499340863]],[-29547359.82460175,-29547359.820864677,[8.159785035877597,1.0,1.4644203154648991,-0.08090733328165868,0.4038881353596594,0.5895204950543225,0.38861820303562317,0.4432140307160384,0.44743514179079746,0.311456066594802,5.6626638628027095,3.6472013070563136,0.43803463418583055,0.3206327783941096]],[-29954624.01109782,-29954582.698693812,[4.0380852935318705,0.2055818015025101,0.24817780806979983,0.8249686604450377,0.63039626164124,0.12274231199225138,0.14487598639053528,0.03390673765359986,-0.8865234486869109,0.44958476516010015,5.403183733723246,3.3595432321448366,0.597590226895318,0.473795909630224]],[-32607920.430745743,-32607916.624184966,[5.650584969852248,0.0,2.2578681667520395,0.468400020295294,0.6033141675285847,0.35617343811431346,0.23797267531111527,0.42212617992112206,1.8200219270201132,0.1,0.7370218150669632,3.862950627078709,0.5153697402539291,0.5301302693020713]],[-33054809.831674356,-33054806.80059135,[6.303668078624044,1.0,0.9452840838012289,-1.0063174910502077,0.33213927193336235,0.6509599257077492,0.0,0.36231342107755127,-0.18568592033842052,0.3231601569979601,1.5123121023099237,3.22069890357769,0.41989377565655306,0.37283503951630914]],[-33079741.035114914,-33079701.581990838,[5.527823277007485,0.26840413493965376,3.141592653589793,-1.841180212020203,0.23022362603148322,0.6081549178303393,0.8582394112788074,0.0,-0.17835040991295725,0.4158028765575523,4.601331287339913,4.619617052316776,0.5759320420675382,0.46929566512443077]],[-33088967.28566453,-33088966.520613074,[7.14162765682554,1.0,1.6349750153261533,1.1019539518006571,0.4728987965216991,0.4769167724061603,0.5262781385930575,0.430669950376326,0.34350462304937773,0.1,6.368676091790127,4.7018871928311095,0.5179373981859567,0.5772969215249993]],[-37809200.35444265,-37809199.6188041,[4.690086651730589,0.1399446757000094,0.0,0.12815378049145268,0.765307883626264,0.5681668951019176,0.4355038820153511,0.8236405468754597,0.08482623352515885,0.42397969668295493,7.52245635587841,1.1728140240932245,0.5919693886298159,0.510631815467945]],[-38219404.117986254,-38219365.54093838,[3.460255545629254,0.0,0.5923048330460493,-1.252025950116942,0.3990828962381654,0.0,0.10135277800590703,0.4314285439519365,3.1548762124153535,0.4588932792838692,5.521836921311478,5.890351739191608,0.4819230308897397,0.39310786298743927]],[-38828208.051694274,-38828208.051694274,[4.28191472575268,0.8086861217259806,1.1800142718464857,-0.4275963185365626,0.18890083520491951,0.4877212922457508,0.45003745921853705,0.6027000775841223,-1.2090261391023174,0.8994256266354146,6.271408328030777,4.206231287949049,0.5405825653737224,0.42014740470658185]],[-38880157.83475341,-38880148.30433452,[4.614549973153575,0.30176391442933603,3.141592653589793,-1.0996430163720814,0.6625939259223026,0.29646320599557774,0.5872093509719527,0.4154032179752398,-1.0446870383679754,0.4514350735651142,1.310357483344033,3.6781877304831307,0.6121122692147001,0.6350665542443785]],[-39325480.38468695,-39325480.38468695,[6.741555068031092,0.3448399552130662,0.600406063369598,-2.816211908962532,0.7184203551605426,0.4037259091232141,0.4119316027821941,0.7345730014844837,-0.09034368663249248,0.4963827738067995,3.361061501035979,3.2328783939012946,0.37627300560842747,0.5086358969482341]],[-39451868.381377384,-39451867.864286184,[2.2575182679378694,0.0,2.230337276797135,-3.7069930960634263,0.669697259317128,0.2535869383748199,0.3413769696297103,0.32666065620831986,-0.8777981869061586,0.4080267164715374,1.9223208135342187,5.7099469461660135,0.6431094094305299,0.498353979055293]],[-39635507.998216555,-39635507.82294953,[6.9661563754874445,0.6526266616809152,1.7049737521647965,-0.7765718288763621,0.4856845385631035,0.628770945266642,0.22073700285356962,0.6995061576633711,-0.6407792330938641,0.3464756295706239,5.984630968214212,4.0375369366237175,0.5983504496500726,0.524332098199945]],[-40269786.44317125,-40269786.12740672,[3.89205185572418,0.0,0.5220295248234894,0.7898711888672723,0.29206954722189404,0.6295446965332261,0.6067854169319247,0.5336609370308047,-1.1380985249279387,0.48347668646627967,1.7586188403820215,2.547059266013773,0.4879288054806198,0.4665863842004468]],[-41550051.053661585,-41550026.0121063,[4.497032181656946,0.0,0.0,-1.6114421064718476,0.2544520605958963,0.5594707052240746,0.27083215166178415,0.38539695066139357,-2.93425714476452,0.6675161713132709,4.2548104435172185,4.731502152880702,0.45949152529542797,0.4581731103487876]],[-41860441.87028504,-41860432.32374197,[3.4899708711898447,0.06536872196863946,1.154866802035336,1.0787212822968886,0.13620196336576695,0.20086921678919117,0.14407115247809055,0.5433978528087233,1.0904572350585562,0.5251118142011713,6.639221329490372,0.0,0.392259677960649,0.4496320537890739]],[-41892905.626608975,-41892905.560043335,[3.6883297086978475,0.221067717057989,0.0,-0.5044075053145824,0.3429464180651478,0.4090139538556513,0.4513859243853322,0.341115485836862,0.9434550330837608,0.3717145944156158,1.5368563221167792,2.689900939281892,0.5292857642876744,0.6215941519883863]],[-42681817.39559745,-42681817.36022937,[3.2616690935114203,1.0,2.1385010557425472,-2.6795093775710654,0.4016608892667679,0.29377937876309146,0.6269319514966452,0.43547608619470723,0.7036454158889762,0.580220305691302,4.619989378419237,5.0166501518623585,0.4024253664349283,0.5116225755912986]],[-46028994.215783015,-46028967.110260606,[6.145715308369832,1.0,1.9681537387647465,-1.03464747848857,0.3091461248312355,0.15177118622986713,0.28149221849619244,0.12935317520157164,-0.8062412423738142,0.7868666458989884,4.597168920253834,5.40071438006829,0.5498442038755944,0.4482773944980527]],[-48247686.16275597,-48247664.34955382,[5.9627384459064885,0.008069749133812754,1.9491466530478598,1.9180495879076065,0.11368582780469788,0.14318473313562152,0.5212385020559955,0.7197078877653227,-2.4512720726013884,0.1,4.422647120894583,4.551282729033355,0.510205455570209,0.6111088947975521]],[-48994463.764675036,-48994461.71851367,[3.8314751863262626,1.0,0.0,3.447213432660572,0.5063396479679081,0.26661444802297785,0.44647246715030803,0.3456235032783005,0.04140772659248259,0.8273989723231017,4.415454083368107,0.595489239929659,0.4075393069585028,0.44308586400681793]],[-50786891.06730218,-50786889.962133765,[1.9456415396011217,0.0,1.640429080417139,-1.8572920293356856,0.2922843780412091,0.5545813803063451,0.44906248586696457,0.7731438869938025,0.12310850541398508,0.5309139816706625,2.7524258257779053,0.6308345810740899,0.542228370341777,0.5060985321944925]],[-51341168.19047813,-51341167.0183956,[7.096958349580152,0.0,0.0,1.804511769659725,0.23704292989551823,0.38215059026267373,0.9077034192134836,0.37240181815996554,-1.1713324670405711,0.9,3.7265971306416565,3.474212228394115,0.39435494733375764,0.39806975797781596]],[-51373334.647786364,-51373333.64291847,[5.092365267387607,1.0,3.141592653589793,2.9662613444435744,0.2484499995652898,0.4082589278280014,0.7053939052768101,0.5306813034292801,0.5325449905661328,0.8314226238915678,2.954584156476129,3.9718485197865054,0.4648852892665105,0.4525140008937034]],[-54000620.1973393,-54000620.19725829,[5.157636190045968,0.0,1.304917026486524,-1.528957411449193,0.6716997115955359,0.2554755085911634,0.24659831617990924,0.6147165984724936,-0.508430797319294,0.26132300318233304,7.406887294649559,1.1273508666132925,0.3632135169960826,0.5919701857071457]],[-54801437.15846791,-54801411.19452953,[6.911695337137392,0.0,1.7002940940033122,1.3495845580417667,0.8465007750209529,0.7991211311823331,0.47259266816739803,0.16699658788184668,0.7837799299326333,0.5700760061698273,4.984866876565113,4.453748733586375,0.514647128128179,0.489750698560554]],[-56068422.24642017,-56068421.812114954,[8.976195126518283,1.0,2.2507528780715864,-0.35666825774378075,0.2260149206048881,0.44947255237124084,0.4335576589400507,0.7803347560350402,-0.9282109981601643,0.8248372349637427,5.367140541661599,5.266822675896216,0.4485878257814708,0.5042972161918006]],[-58170411.94409014,-58170411.05787492,[3.5996398288776708,0.0,0.7741920472654613,1.2513900743304835,0.4433405076132852,0.6020582806477331,0.30307482855689705,0.35857520156558437,0.8588850593820235,0.6387656790744597,2.639710626849521,5.263368501593421,0.5082297845166356,0.5456366666605793]],[-58271384.61878002,-58271384.61878002,[6.482803013645526,0.8593145074317929,1.684322079310949,1.0176339081231836,0.19136642492359063,0.6827792684481985,0.2610016837963792,0.5428936828500013,0.3912305758098294,0.6996317117267822,4.480165607552621,2.8825993281185847,0.5545400560082557,0.4778817060504339]],[-58673403.305242084,-58673402.51276803,[12.134712995932784,1.0,0.0,0.23106623161079815,0.583517876859632,0.5035941800148385,0.3287449771276525,0.5498844465359561,0.6714972666446817,0.41745662556707774,3.6944132346589025,3.6639924925336658,0.4881319802267744,0.5724560158804148]],[-60510184.58509291,-60510184.063717484,[6.046345445980639,0.0,3.141592653589793,-1.6548244125468101,0.5169909208438213,0.5100062523087626,0.4564511182571168,0.535960221951017,-0.6482787822329481,0.3704129484367208,3.31581309171595,0.799732696074289,0.5480236919903195,0.6772527787677153]],[-60708797.068538904,-60708797.0676955,[2.137531259200544,0.9152693500761884,1.7959436192423723,-0.2451937812336682,0.5117246397014414,0.5546582427739098,0.37462052161396775,0.8123266811638489,0.33105050654681945,0.7706105906423075,4.353745956497812,5.995714266634167,0.38942355681198826,0.4250893571208165]],[-61472329.072390236,-61472320.19071126,[6.02408187861609,0.21165870028791206,2.65757915388798,-1.8998740625775619,0.19974901942453643,0.4647460594348604,0.5020822022401643,0.24025582129235878,2.3924355907974846,0.6164684411430771,2.9514972711664975,2.862588154743903,0.44150454500853253,0.5571235562730669]],[-61612486.770222604,-61612465.953789055,[2.2405114036655336,0.19930769679232868,1.064155249079192,-1.6652706370072372,0.5460218755936116,0.24310119936840785,0.39690448906310277,0.24926697213340865,-3.2800142739930003,0.3652372337475666,5.123106931371497,4.286216202756337,0.2744462205177074,0.5042154616717215]],[-64085344.276569374,-64085342.5069741,[6.114927443126458,1.0,1.2283728964268459,0.4489203987766599,0.47708320376802366,0.4039961803097055,0.5072942797126899,0.3194098880659618,-0.5373084090409401,0.5525004916190421,4.851770408571664,2.6215402626678808,0.42589249662191087,0.618503971903287]],[-64253699.22180749,-64253696.75566131,[3.7254823166898143,0.0,0.0,-0.000907923120761635,0.18177341691451065,0.0,0.0437165933386105,0.8413266179321424,-0.915533434689588,0.3465188659609662,5.283957799548341,5.1041242265270625,0.4042191082482866,0.5130443888926779]],[-66912964.746118814,-66912961.60412562,[4.555331110219989,0.5205871355041504,1.4637794910863549,1.181538073499101,0.41737601356661447,0.6754142418044913,0.6455749671374802,0.26744260709208695,-3.2464703099765284,0.545938762796506,5.568350010397495,0.0,0.5189508879011797,0.6134088443151955]],[-67569180.3973811,-67569180.2779187,[6.968635502063671,0.6520914251709169,1.4371302773071895,-0.23112864867612393,0.0,0.5644886546034238,0.34695628063935935,0.23871698526981477,-0.38595253925710615,0.7319763884811636,0.341870944397451,3.6677499836994025,0.4093016617876961,0.5314175387142633]],[-68083180.58565591,-68083175.44244659,[6.586548494419326,1.0,2.4344821157581595,1.3597852740099585,0.4280147781490762,0.6899398272748457,0.7576684304010328,0.20235894389386916,0.6892165134827357,0.7735944429557576,6.103807270310953,1.7945533324087894,0.5565381355268965,0.5234949832187501]],[-69792489.52586515,-69792489.464216,[8.354773734037265,0.0,2.6575575745764395,1.6266238726016742,0.6746241526411969,0.7302468188373685,0.4200194317619415,0.9252351704718924,0.006605446111204732,0.4362938640174174,2.3820074872231656,6.176909918413559,0.4163986768754585,0.5630043600089943]],[-70519635.46600355,-70519634.38442862,[3.3435761247666953,0.0,3.141592653589793,1.5108392865502158,0.7597386392911287,0.5054942025533149,0.779249736088838,0.43908535449424446,-0.4334555223347053,0.4772503164590375,0.14063703885082024,5.536992079401484,0.33295919512503147,0.5953915936422914]],[-70878889.10147613,-70878868.59430802,[6.971623844988619,0.9422550314590408,3.0317341482281,0.5237713748758129,0.1203641907997714,0.7219025143616423,0.9458656531071403,0.21153911834878375,1.065410769598197,0.46359551257376325,4.454254061367969,5.778355017264688,0.519237758934067,0.449068469371941]],[-73974943.47746621,-73974943.40643984,[5.655966805347975,0.03317510012222824,2.556036755104928,1.6008939274168497,0.4531355845952092,0.3905084957811438,0.144237716897824,0.5912301216410232,-0.6649876026892222,0.46580784390518304,2.7017037990186505,3.268167120803743,0.33277871790611213,0.60110249233096]],[-74381231.3400149,-74381230.54474854,[3.124691507263292,1.0,0.7151372550657484,-0.7534452783574453,0.8008924555356502,0.5812945725105322,0.5682251948884066,0.6777242802140483,1.1386437292541804,0.576640752804829,3.3383655921077158,4.9082745143793325,0.5234911160319142,0.5423456742749856]],[-74730063.99119288,-74730063.31729853,[8.213672904130975,0.08496345599540561,3.141592653589793,-1.4224017332736745,0.7378224628381417,0.6580190617376878,0.5304620180678382,1.0,1.047832343086857,0.247201187993294,7.223070069832659,3.4350991812958465,0.4271052768972341,0.5632019309135252]],[-77388091.71494502,-77388090.71553612,[3.881122173734415,1.0,2.0324651274454126,0.4909485290962939,0.14250868180704862,0.512922328762325,1.0,0.45996843823286426,0.9133495586954221,0.38963104569867296,7.225723745525483,6.438279350932858,0.40236778132796486,0.614815149009475]],[-77533154.02142532,-77533153.97721684,[3.5763339450530793,0.5871765367973649,2.1299659462229736,-2.0524595842136617,1.0,0.6648994378939391,0.4221772847286569,0.5189493546096325,0.4057294402599624,0.4935372061928568,2.0381581734648497,3.4942859076022357,0.5171118981085004,0.5955587677834664]],[-79448326.52194028,-79448326.41475868,[6.366971578544979,0.07420316067351618,0.0,-1.617962099222379,0.35482389723138913,0.6228947467122761,0.6131867564799017,0.4549012478345328,2.105626592416556,0.9,7.240466815782439,7.275434970305534,0.4915674375610164,0.5034255642137243]],[-80629072.98646796,-80629072.98646796,[7.328751144765799,0.4787807981827223,0.9318379193539035,2.363317398795775,0.5401899857122143,0.7145738154861976,0.4077822447543661,0.7161679279503205,1.192853644149744,0.702739198723584,1.8899708012187801,2.924575401098651,0.4835819886229346,0.5582659414501083]],[-82336597.59341249,-82336554.39870143,[4.665776389270646,0.24145348360993313,2.9664521482789614,-1.6777103910483757,0.6122363668736213,0.659989731203084,0.5430739473157715,0.12404917506265989,-2.3043195429465735,0.8546677652452668,3.609361492921358,5.999217758879036,0.5920323451859139,0.46397921833213396]],[-82801338.30100866,-82801338.28693521,[1.538840553932086,1.0,0.5384616364630703,0.2855225087623862,0.5769842242144417,0.5297696128386388,0.6564538077941153,0.5137142781048135,2.1495753930936945,0.48442365979487095,3.7298022922362137,3.2299778795429486,0.3721153598398949,0.5453995745942868]],[-84792361.18784799,-84792359.06740558,[5.29945949388324,1.0,1.810256979444414,-2.5714767339155715,0.39449657269199984,0.7535943615032417,0.38049602922221715,0.4880805030220521,-1.7883373975215289,0.1,4.520587994377158,3.6423776906111334,0.44203161455924134,0.604077753281788]],[-92883829.56950568,-92883829.18113244,[4.623261521796392,1.0,1.8497758964402267,0.28544333539433336,1.0,0.6207028039060013,0.6644440934511155,0.49903716881770777,-2.035106674989236,0.9,4.882524199703727,1.9829908220300014,0.36793077887959275,0.5336808015332352]],[-95703804.65153266,-95703783.3611064,[11.339214697220076,0.6487833805352918,0.0,-0.03492480418835536,0.6128831540573696,0.48850789145398976,1.0,0.15590670725034983,0.3896395824143571,0.8130412858742299,4.356661451016683,3.9866161026353972,0.33631333526909846,0.61650784663535]],[-96568648.47830307,-96568644.61979198,[4.8459752286178315,1.0,3.141592653589793,0.7605378212634382,0.6466254313954676,0.6899023767338989,0.3567035398607994,0.31264790827837796,-1.047240760563674,0.5726961869725827,1.0622394726469588,2.4414523528547987,0.3609945240080932,0.5849859787008079]],[-99796080.10892221,-99796079.93472421,[4.300839210211178,0.0,1.7477602872045965,1.150346861112744,0.4008361370111313,0.9993144899259707,0.37835897446821243,0.43120322284304774,0.8390403369798012,0.6357009099823439,2.926301424098018,2.475843648529584,0.5370948340376478,0.6859035461173912]],[-100599616.67624007,-100599616.40060389,[6.732516258377915,0.31434240212651887,0.6854139934744143,0.21655679267908934,0.7151867198353324,0.8090062599334884,0.6137807236684509,0.3649085430117206,0.779828212055562,0.3880337400017688,7.336517579915585,0.0,0.45199449744333947,0.5446024931251405]],[-101879005.51038136,-101879005.49930996,[1.3567832124984052,0.6583167673105766,1.4581302681565642,1.2780589597649723,0.7880051784078606,0.0,0.7380768238375216,0.6893624003865646,-1.0280290766424982,0.7899847660326818,3.7972678483663764,6.184857262736909,0.42637836933572876,0.5789788346692645]],[-107973672.8519951,-107973672.75112176,[5.707970230102637,0.6993282421322456,3.141592653589793,-0.15294780938099345,0.16644965403200007,0.6105452150605731,0.27663485835870794,0.4073505141188227,-1.2538947376223508,0.7222033096873398,4.445381216723163,2.959087793674446,0.424146636506893,0.5942428022167463]],[-112378481.40956165,-112378465.55680513,[0.9016517519945193,1.0,2.1731176203328397,0.6260254616514913,0.6094592168994328,0.2532330098625956,0.11119794456894144,0.22663461837782412,-0.44178952063796134,0.2679242776285894,3.859498979083918,3.6467460648929673,0.32544340491475177,0.5163845642922524]],[-117040747.81880744,-117040746.83311653,[2.319982288861863,0.013088308323582654,3.141592653589793,0.7597957648828761,0.45697955847145316,1.0,0.0938770001287062,0.40700959539621706,-0.5288073859925165,0.15744366540256072,5.838083949977884,2.6896766135629195,0.3891858875823212,0.427319500550528]],[-118916830.69783854,-118916830.6726234,[7.587980070295918,1.0,3.11313684265549,-2.6811189796124717,0.46265192018115503,0.6722701077300373,0.5346972122348436,0.3319119611083454,-1.3528924096022192,0.6960664713246132,4.690637670605605,2.9411066172831744,0.4616039755873799,0.6586993417557099]],[-123654075.58103903,-123654075.53316188,[4.355746586690549,1.0,0.0,-0.13985675826187885,0.4249321435526481,0.5532535338741402,0.3867685871416067,0.36208256517399545,0.8813163382141538,0.8286874924138858,3.8023096882118956,5.005864183576302,0.5107325658985689,0.7492777286556573]],[-123768318.58621736,-123768318.57173145,[5.883282832654183,0.8691029830550794,1.9477935707407674,0.5058952093979561,0.45700242999914775,0.5390648371359129,0.3081124734437643,0.7151308451772518,1.1302714810731862,0.8830955212600051,3.736938614657186,3.494114277603873,0.4549806580907314,0.6814843858436973]],[-123838617.54092407,-123838617.4251647,[4.014027215511432,1.0,1.49407670197876,-0.3229477203493893,0.2689401218005685,0.9015928572053478,0.7813357093617326,0.8620860317374357,0.010016166754238118,0.4610843453574893,6.33353478269266,0.1061507249649134,0.5076829939548513,0.44434938904983035]],[-126038832.43877725,-126038801.81606185,[9.128647358463212,1.0,0.07656988610566007,-0.8864160271897934,0.3555406621071903,0.969255067770808,0.6702272205766402,1.0,-1.6968825432744148,0.46233958319779306,2.9853715254173485,5.490672551298156,0.5213304270923803,0.47353663893954173]],[-145760134.7945614,-145760131.62917405,[0.68219955736767,0.0,0.3055349572980346,1.7712864776217343,0.5097219775746377,0.5123244580706812,0.5210500586712938,0.6285031440877201,1.0178966236918077,0.2584263356187868,2.9311820552226746,7.147805499642594,0.2851703404928223,0.4689530471254003]],[-146126216.1345906,-146126212.59229004,[3.3723583215140915,0.0,2.7687935607317806,-1.299531105267084,0.7539189401574062,0.8241343792180905,0.1823345855493415,0.6525064938564756,1.9953356257896586,0.5066891268064766,4.395939361179524,4.434643553121895,0.5754005270326197,0.6256089142637867]],[-148027690.2628033,-148027689.2900287,[6.508984271578601,1.0,0.0,-0.9231889789088017,0.302719100211843,1.0,0.8001793798057363,0.40920053594973066,0.6216223893099141,0.5155767848677566,8.946483967864435,4.528964573176433,0.4900309772567444,0.4084747004931465]],[-148983760.51115206,-148983760.336913,[6.09225207494089,0.0,0.0,-2.798219072994052,0.46034036159910474,0.7453009328305673,0.7154973613520478,0.29682872439779073,-1.3099590346520573,0.9,5.79466881892581,5.5214781241876025,0.5798998367860803,0.6749471577378104]],[-149065413.6199479,-149065413.6199479,[1.6461241250574101,0.15215274325013844,0.5919359305502631,-2.848079709204442,0.2348843314653768,0.8873707535931887,0.45736726441944675,0.5599177874388418,0.08954004671890445,0.6404479880605571,4.424979490817395,3.436395602312242,0.5309446004885856,0.534719566206261]],[-166348697.84577012,-166348697.84255028,[1.5410419411446585,0.0,1.676968509698841,-0.06260453198665611,0.5572505883934413,1.0,0.4353915452981174,0.6811467515904055,1.9867513735703388,0.49102860532976444,2.675020842375929,3.1576710057361024,0.5777260205145822,0.46224175510009724]],[-167965421.47813493,-167965421.07705164,[5.540016332534233,1.0,0.0,-0.5962161276487543,1.0,0.9503505302920854,0.7216901499400282,0.2978238915907091,0.04553266880947757,0.4734092271687985,5.7536254950479755,4.56804318812887,0.5481123187946917,0.35554071597793757]],[-172669479.62961623,-172669479.52752328,[7.0227526463724015,0.08729328440197992,2.399778691781145,-1.334356677104128,0.3821596751418702,0.7393159317239446,0.32251070636995827,0.9237524283826469,0.599575149621158,0.6238737253195092,6.531063763946632,3.8697571687331895,0.4999080028594314,0.7046186398009543]],[-186496152.15191433,-186496152.01396,[0.6142658582248188,0.0,2.0600794542934167,2.625078129045666,0.29867255875507903,0.6001384542416236,0.7010835683761178,0.5770857852725518,0.16352414411737992,0.6907517600522918,5.180166892054142,2.461067327835913,0.43246662849411904,0.516352549813444]],[-299655921.74816597,-299655921.5346446,[0.09743300802654264,1.0,1.0001730369928927,-0.6791031641457884,0.5976920353088019,0.7179381402020314,0.29055716972793866,0.5684355311355692,0.34811797837612257,0.2257996890576418,1.6230434102744913,2.4344249304752683,0.4798689928497121,0.565776181305817]],[-326664737.5764934,-326664679.4231485,[0.027301886361681404,0.05877384052999224,3.141592653589793,2.2236857476444767,0.1449622290967154,0.6555296962858429,0.32405310458059333,0.6471316909063543,3.463644290681033,0.49619960656274065,7.422940300134651,2.7141090115814652,0.42112613123326187,0.523838000447595]],[-403374130.4405571,-403374128.926075,[0.0,1.0,2.7959452740766695,0.34641056926245783,0.7529417115637986,0.8215358585898109,0.6976242607118697,0.5399477373848209,0.5106284334775218,0.8181415032766259,2.987725223088777,2.551906548718212,0.48353424170718395,0.5656685422761549]]],[5.923105517311829,0.45168282408418864,1.5709031141194718,0.0029249278024617155,0.5179451997330283,0.3844745316074746,0.5221024559252737,0.5687888896003845,0.38370184890995684,0.3187373803225632,3.728786622786245,4.678064657839114,0.5483591650183869,0.4167383023059934],[24.525467413495253,3.606090471578859,9.32435699162799,8.385674012151652,0.23680237540363153,0.23477129882955922,0.2323988429480876,0.24903676712549513,9.193604673486377,0.254259326469332,15.41733434526726,15.937128384230453,0.03951371684981561,0.04078485183852844],[[24.525467413495253,-0.007960136411161311,-0.06597016410336996,-0.06310053683033971,-0.0936888526357399,-0.04978758697416087,-0.018773829556547578,0.007322979991280389,-0.36478529035249624,-0.07981081920770698,-0.10209449037328452,-0.00806927459615974,0.027336971677515736,-0.03327910787377663],[-0.007960136411161311,3.606090471578859,-0.119162680671839,0.003909321241148888,-0.003491224409071655,0.016394568636590865,-0.011107334121560498,-0.007026735450692428,-0.004446170990958581,-0.004947675873165826,-0.03936854113029489,-0.14405712525649292,0.0003941812809090434,0.0020778457989446405],[-0.06597016410336996,-0.119162680671839,9.32435699162799,0.043466304067856495,0.032395961011031905,-0.010049672232924597,0.013202304440653165,0.018542501593643,0.3763522893895578,0.024575534356841358,0.04320218981001359,0.4246188805321661,0.0009977483610254688,0.0016794002364171811],[-0.06310053683033971,0.003909321241148888,0.043466304067856495,8.385674012151652,0.023829037314584633,0.027285761008908498,-0.0036629890270672644,-0.010282380298956548,-0.08575100356493687,-0.029289430150705086,0.0047917232110014545,-0.23619436899539298,0.010604727938000942,0.014958150959055672],[-0.0936888526357399,-0.003491224409071655,0.032395961011031905,0.023829037314584633,0.23680237540363153,-0.003296154920247746,-0.0001276355773392506,0.0009043500002074188,0.04659743921922677,-0.003905938431359877,-0.03152898209406163,0.046400949277288786,-0.0008054962210147206,-0.0007802498538382078],[-0.04978758697416087,0.016394568636590865,-0.010049672232924597,0.027285761008908498,-0.003296154920247746,0.23477129882955922,-0.000833176170646294,-0.0031431384856221312,-0.020054953449739406,0.010073734010127828,0.05088008841245706,-0.09214428998780617,-0.0018925984626961359,0.004697601543639329],[-0.018773829556547578,-0.011107334121560498,0.013202304440653165,-0.0036629890270672644,-0.0001276355773392506,-0.000833176170646294,0.2323988429480876,0.004524072183528604,0.024785122489432106,-0.0002616239377407127,0.0037772838166152418,0.04113183421283841,-0.00040838176927990766,-0.0014887030627206929],[0.007322979991280389,-0.007026735450692428,0.018542501593643,-0.010282380298956548,0.0009043500002074188,-0.0031431384856221312,0.004524072183528604,0.24903676712549513,0.0896663701711472,-0.008108177248047427,0.011447440812327205,0.01286130196907475,0.002651691113484371,-0.00485045111964771],[-0.36478529035249624,-0.004446170990958581,0.3763522893895578,-0.08575100356493687,0.04659743921922677,-0.020054953449739406,0.024785122489432106,0.0896663701711472,9.193604673486377,-0.014337409158854683,-0.0007928898169820617,-0.2114501853702253,0.0011678138630751387,-0.027593612426254965],[-0.07981081920770698,-0.004947675873165826,0.024575534356841358,-0.029289430150705086,-0.003905938431359877,0.010073734010127828,-0.0002616239377407127,-0.008108177248047427,-0.014337409158854683,0.254259326469332,0.0864463238723357,-0.06148783749144625,-0.003839394497697472,0.005674024006229387],[-0.10209449037328452,-0.03936854113029489,0.04320218981001359,0.0047917232110014545,-0.03152898209406163,0.05088008841245706,0.0037772838166152418,0.011447440812327205,-0.0007928898169820617,0.0864463238723357,15.41733434526726,-0.4645246354735075,-0.020283967008773073,0.005762270317864219],[-0.00806927459615974,-0.14405712525649292,0.4246188805321661,-0.23619436899539298,0.046400949277288786,-0.09214428998780617,0.04113183421283841,0.01286130196907475,-0.2114501853702253,-0.06148783749144625,-0.4645246354735075,15.937128384230453,0.004587897246310811,-0.03539324711342815],[0.027336971677515736,0.0003941812809090434,0.0009977483610254688,0.010604727938000942,-0.0008054962210147206,-0.0018925984626961359,-0.00040838176927990766,0.002651691113484371,0.0011678138630751387,-0.003839394497697472,-0.020283967008773073,0.004587897246310811,0.03951371684981561,-0.000820510778736268],[-0.03327910787377663,0.0020778457989446405,0.0016794002364171811,0.014958150959055672,-0.0007802498538382078,0.004697601543639329,-0.0014887030627206929,-0.00485045111964771,-0.027593612426254965,0.005674024006229387,0.005762270317864219,-0.03539324711342815,-0.000820510778736268,0.04078485183852844]],0.5857394044236346,[[0.0],[0.0],[0.0],[0.0],[0.0],[0.0],[0.0],[0.0],[0.0],[0.0],[0.0],[0.0],[0.0],[0.0]],[[1.3984134505078594],[-0.18298934256180058],[0.00025746848847286064],[0.007384959978425256],[0.27185200616929744],[-1.7500964499354734],[0.33483032086264997],[1.042083560965035],[0.9687838433013451],[-2.745949197328775],[-0.5135767628139665],[1.284001016207658],[1.831483658931396],[-3.1533306806161656]],1,100,11950734.586959278,11950734.628966808,[7.204837547734137,1.0,0.0,-0.6931760238687621,0.3529824988255409,0.3871454045754934,0.4725884589936199,0.775576657674256,0.5981595959328675,0.1,1.773759965456645,3.4636344359817155,0.5775721013679814,0.3684473958384908]]
