["generation","mean","variance","covariance","_sigma","_p_c","_p_sigma","iteration","num_evaluations","best_score","best_evaluation","best_solution"]
[[[-36350798.548924215,-36350759.66181874,[7.294276868226852,1.0,0.3659638236370264,0.555024855405511,0.4416582639482132,0.0,0.4902183153096787,0.27240112182018583,-1.5443026149804313,0.1,3.363452934296992,6.209119428578052,0.41415599913398354,0.3353551998280786]],[-47847163.321018845,-47847163.14143437,[9.008879827729288,1.0,2.9782802075140875,2.0702121361157344,0.6306250895012345,0.20075327136004206,0.25473219630387317,0.36155664775477137,0.12184149952766565,0.6690760490188009,3.141844527769718,5.466869533825263,0.5566809022748872,0.22881820117534662]],[-52943214.68578142,-52943214.68578142,[10.240626846016424,0.2343126591833501,0.15505664057197,-2.010033745526841,0.5417427544181296,0.1613805035512932,0.5139124479581679,0.3947825869725608,-0.10116836315277992,0.3696529587152771,6.0896279032795775,5.907309039268731,0.44867180437653437,0.4012460070701142]],[-58688142.18983882,-58688140.776696146,[4.475260037820826,0.0,2.518336892278376,0.917991109804343,0.08050599398089159,0.07669324245214931,0.3111632106159131,0.48631146277300547,-0.7769457467245469,0.5283458414411721,5.065505944319377,1.966638622596522,0.4054194512144225,0.40531532994748154]],[-59151911.38952277,-59151906.75098699,[5.1692124017291246,0.09728994219256709,3.141592653589793,3.321060572740375,0.5631300237069535,0.8675657880775907,0.6164755668020028,0.7639424410829982,1.3427521382358374,0.25021088872725417,2.0026937655856125,7.1433605794573705,0.5157639218181828,0.28032786246205355]],[-59369838.12700323,-59369838.12332046,[6.923514612161863,0.0,0.2960093645124302,1.1783163735439135,0.4945314212180913,0.009345607845153814,0.669342368291071,0.40648504830493104,-0.2801839301349034,0.3973640140965076,2.7383484556679205,5.726472313218066,0.553773807756351,0.47325612690443913]],[-63171959.90365767,-63171957.41066921,[4.25350417931116,0.0,0.23594048868692696,-1.9075725441339335,0.6980134239570123,0.28449883223511474,0.5286549294426013,0.44926675344974804,-1.2590617341993704,0.6095934403201113,9.0,7.361357974831518,0.4391140031279803,0.3444442191392596]],[-66010129.91773479,-66010128.999654055,[4.299888534127613,1.0,0.0,2.747442728550476,0.5332522940273945,0.6112784510901822,0.3333979256158568,0.6582024647169511,-0.9839550041687657,0.32709130723415114,9.0,4.914893188828966,0.44288024878594096,0.3506036842074892]],[-66967366.09415469,-66967362.46629083,[4.094331182523825,0.0,3.141592653589793,2.9234298761091164,0.544356151966104,0.0,0.539137603186296,0.15627458166856611,-0.3964842680366651,0.39176827728789626,2.897751972907769,3.0755206092824094,0.43405670433200905,0.5134055259438514]],[-70521896.0766302,-70521891.40850133,[5.936030719460133,0.0,0.23344198773554892,0.681926049850581,0.48481098575021686,0.15868223803802528,0.0,0.30068137141113993,-1.760593460519173,0.19500948353561443,4.562799273648224,4.353239519210428,0.5059509380987802,0.5707532065848052]],[-73151727.78326952,-73151727.78326952,[7.9647760152710045,0.622236498970129,2.7788398021043084,0.3337437990286646,0.5564538867248616,0.3758361233903708,0.4352295336049151,0.4297871235460849,-0.37804826425035987,0.11977263073192412,0.7679460803781697,4.126810814008373,0.3902583089906835,0.3967239748089722]],[-75189384.56768148,-75189384.52267128,[8.056374633252045,0.7281991877556678,3.141592653589793,1.6338130882937976,0.4370487778645835,0.4909342458751102,0.7771813724976315,0.5302775313723643,0.008846868704841375,0.37031158616768123,4.096815261257011,5.03259636255351,0.6478615070700323,0.4731272702804182]],[-75318699.21146615,-75318694.10763687,[3.84897305432313,0.37188555743268625,1.6576384516937537,4.0,0.4802323132845896,0.2875812097892738,0.5004931373313193,0.0,1.0941473800090553,0.25868043393115964,1.6849629326418185,6.420389150064528,0.40049793124940825,0.5168165860281168]],[-78644701.74950282,-78644700.95869362,[5.830508605845063,0.0,0.010061150226292837,1.1532921420516893,0.528288080528419,0.3116795214373915,0.4695873668456907,0.3289641156648474,1.6698653696385781,0.7550160378057145,5.813205673073462,4.934716151089961,0.4750741943222148,0.3301225841590062]],[-79561146.73051362,-79561139.37131673,[1.285205806751656,0.5102263804124467,3.141592653589793,-0.39560071841196687,0.3360330317782889,0.0,0.26459213985208474,0.38274361947340124,1.2221556339175403,0.7805068721594548,3.758050872364613,3.3094315206976668,0.38495909371383175,0.47795751960575744]],[-82457503.79663305,-82457472.99952549,[7.16793314866058,0.6530743407618476,2.4304298727292832,2.3467270134757117,0.5594318315170342,0.5159510208864567,0.09571592186845568,0.07554568616939428,1.2342126147561212,0.6454223357664299,5.474866185155771,5.366248935897946,0.4817119238267902,0.42099538242880186]],[-83908341.04110193,-83908340.79376364,[6.116706883628355,0.0,2.7087569498518196,0.8518000633447625,0.0,0.3921929253773504,0.3295652899017826,0.6970711761333203,1.1568016967987724,0.367801400933749,2.5709421234030136,4.226546530283439,0.6088890617152966,0.47669502855872564]],[-84593040.59557903,-84593040.5677247,[6.644763474644756,0.7751848930217689,1.8996819626452668,1.4384217797697072,0.6651790654012981,0.6367049052980203,0.4470916677022176,0.8364543778535282,0.6308681052028208,0.1369265624084599,0.5207079904305947,0.9381818351958469,0.5785426067545074,0.5111452445165215]],[-84879493.27575728,-84879492.72434658,[8.19864467824647,0.0,2.635499430621615,2.275467483296862,0.24728525147816316,0.5502740232549068,0.30102099923507936,0.49322536058949495,1.2099035915945133,0.6356256697787159,8.576190538681779,2.2810688133483916,0.6085654885688121,0.41257896213575207]],[-86007642.98533976,-86007642.9849531,[3.9527628763140497,0.6132353265219064,1.6331687093033112,1.2131425752582854,0.6146232310608025,0.12396984466181782,0.6455161679819557,0.37272332804887326,-0.38081769120436265,0.6769233824481804,4.03410550272314,4.485875935811918,0.33119965352285174,0.5211601873650932]],[-87972000.21702835,-87971999.91491002,[7.310741893011748,0.0,2.080528731255475,0.11746431836232243,0.7180544344494023,0.32383723040869605,0.8336939287616676,0.5809774697242389,2.894180465954878,0.6187061470042042,2.557285066831831,3.1748245095326397,0.4034739558227585,0.4611826071159674]],[-88538322.3127313,-88538319.4578234,[4.848183083503971,1.0,2.051103144888222,-4.0,0.7323131286611999,0.4536697707432475,0.38865498524675113,0.7187489203325523,-2.5439493574551735,0.7561846120842126,9.0,4.694570739599058,0.40881522389499575,0.31956354783737106]],[-89773593.79062065,-89773592.04617739,[5.2783567588786875,0.0,3.141592653589793,1.7792323334951852,0.4944894885733004,0.5031199579240235,0.7575764250290997,0.6104103911184123,-0.3439136804707938,0.6424520569276736,8.20301967488755,5.249234330909395,0.4372301202628426,0.4631491420950632]],[-92103442.67415215,-92103431.86460638,[4.804444409637754,1.0,3.141592653589793,1.2681822968334957,0.256331377171089,0.49817095759119995,0.8525196771667293,0.20162154583440522,0.4546839295370467,0.26185584860010436,3.167846212927351,2.5594084927411123,0.5418790987282065,0.5718197449012403]],[-92408300.01280165,-92408264.43205881,[3.3509868569701196,0.0,0.0,0.7119658195859854,0.5276595541905496,0.3393169896302114,0.10522038686536905,0.6101669450213416,4.0,0.29715997816111106,4.707168226888027,2.752534999022691,0.40455478602566036,0.5006746953730505]],[-93391296.60957259,-93391296.30935001,[8.810567887216703,1.0,2.144859099823349,-0.7881072070328043,0.2917896518134814,0.08314541363867767,0.0,1.0,0.5539473514662928,0.6870745300517861,0.1704368389555735,2.7417846271538044,0.5690350457630512,0.59134631623434]],[-93565518.66501862,-93565462.48501092,[6.178433289846413,0.0,0.8762128974842277,-2.579783310802674,0.45032462113142496,0.323374366301289,0.45538690940683246,0.10522173910388499,-1.9878981581455957,0.34476410296576665,6.006881728499874,4.052019786427497,0.4194137240402338,0.5129713783137411]],[-93892332.53108986,-93892301.58756322,[4.586874193878382,1.0,0.0,1.4467635690504017,0.0,1.0,0.2872104773596302,0.1429727111284591,-0.8395944547734966,0.5625425060385025,4.672963418835403,0.0,0.3507854835020574,0.3831125309751413]],[-95400797.04221691,-95400763.89262748,[7.782531280660253,0.0,0.0,0.6935748075085255,0.10652922534548953,0.556207868699919,0.5334328048822538,0.2111673786773402,-0.8431252945845183,0.1,4.66599094422809,5.505407248144837,0.4254551692214723,0.36368117924392973]],[-95605296.66475527,-95605295.82452685,[2.670172477300359,0.0,0.0,0.8190990022777471,0.5357488855243282,0.32500598785161267,0.20127054422490892,0.606802621871467,1.4142599197251686,0.3221874267278728,1.7346066824482151,3.6680250129232252,0.5082518757965006,0.499988180592407]],[-98037994.8451987,-98037970.94263506,[3.722126722821254,0.11305560856415442,0.0,0.21152879727498622,0.6432543801254829,0.46478303719929603,0.58711445532284,0.0,-1.2238658048583113,0.29614650126251535,3.051416754927188,3.6246028428081662,0.5722303565548075,0.507006237146591]],[-100514168.57698137,-100514167.78605258,[3.15184147073095,0.0,0.0,1.2219142521749986,0.30236429750172067,0.4850450285455651,0.763672412518515,0.32536161229277244,1.4299005295967349,0.6812773069961493,4.208871223910173,3.8219019065176454,0.6687835248286242,0.36479103222276]],[-102743417.34370542,-102743414.4472844,[7.063302520434285,1.0,2.907129116773701,1.866083046447952,0.5233147851008239,0.5316526352462182,0.4995482146304392,0.37147995459502436,-0.40386340486002026,0.8358303255842381,0.0,1.7567046440044582,0.5602052860071971,0.45680929745380316]],[-102875811.60496496,-102875811.6027776,[3.330963635256564,0.5486260321852042,1.4597581373454025,-2.1922107213293183,0.19771217774753053,0.4828577460758066,0.7354250730411542,0.27879765296414094,1.5011209901746438,0.28986020781363464,4.216764337590827,5.338475622167514,0.4386551751448832,0.5148648290043506]],[-103662827.31502408,-103662827.31502408,[6.296290372255402,0.8824020133871866,1.0015594729497015,1.4569158040664263,0.3676008322458588,0.5125382687007064,0.47050592011239084,0.7499491588555802,-0.812313055227226,0.6973945821969283,4.891585756537892,0.3999719336855576,0.5486623579764895,0.5142736357557792]],[-105651964.48120855,-105651961.66512996,[8.962061521647644,1.0,3.141592653589793,0.6226050865673651,0.40167019222242734,0.30222718725516906,0.3394236981235409,0.5846510509243694,3.125558507781645,0.46165218195283786,1.293371354755788,3.305658077680696,0.3812117583281154,0.6343335507025181]],[-105948469.97329338,-105948454.47316551,[1.8233540829052508,0.0,1.9477310602923767,-1.6994771962058937,0.4511653229701663,0.43302320579708675,0.6960965616142902,1.0,-0.797369191773182,0.4988939311019294,3.2352336467023637,3.8719902257067416,0.5064992916609462,0.45498817911238787]],[-106965470.66434759,-106965470.47204655,[1.4694281018147355,1.0,0.9199189972987539,-2.007462868710509,0.4739384870166798,0.1889839320018667,0.3700861354483886,0.2622230672593331,-0.7682512510942688,0.7266001200314048,2.8737004134352127,6.168080838887956,0.4729867816519474,0.45688175776203926]],[-109535397.52151129,-109535396.44744802,[6.126957390088364,1.0,3.141592653589793,-0.6970064941074604,0.7131746011305735,0.5247262480748791,0.3508672686261175,0.5822483512706427,0.5416620798951619,0.4566106663634858,5.261305932878923,1.695241600593509,0.5181308838801651,0.42623716443276743]],[-109968424.15973087,-109968423.84366196,[6.071695278293007,1.0,1.4459185090576732,3.6307356704270846,0.7915108691911468,0.6009618112819937,0.4513602504007917,0.4961622448399314,-1.3321719229264022,0.8942373922674565,4.43531434587485,4.19587919525332,0.3661209571533661,0.4861643944559127]],[-111885215.838113,-111885215.26196992,[4.640690680795723,0.714642398110426,2.04082760268832,-2.3092952968368214,0.6653351088922814,0.5170045590088006,0.8389369256302917,0.46305395454963266,-2.5358158721341737,0.39567075314270866,1.6054248462501208,6.550177161506807,0.4955161314833101,0.4850267602280887]],[-113151009.93270545,-113151009.9249093,[4.664831049921217,0.0,1.4393237022623295,0.6129073850606814,0.7948324551326951,0.3932828445849962,0.6956650851438614,0.4116680857394162,-0.25352827954116663,0.707029165001235,1.2571375604141428,2.2455800041795477,0.3472736256357082,0.53261970607449]],[-113740288.54277673,-113740282.60279536,[3.7589411100955656,1.0,2.151009122754971,0.01813893201367915,0.4729438068398717,0.559955650722834,0.28812171508536044,0.9476261586244688,-1.4282143350134258,0.446522374825492,4.074767418648765,2.3125288799972656,0.7527236008438742,0.3935629462078279]],[-114045201.55744904,-114045197.12195837,[3.096681923777574,0.0,0.0,2.882449747673045,0.19367714645057182,0.9004159111948429,0.7713743865146621,0.20444856524115257,0.7872651660027798,0.4972565425908992,0.0,4.688688227604033,0.44543332799469665,0.5338320910951178]],[-114129362.70896696,-114129352.401618,[9.555842426251592,0.5937562888560857,0.7051112747404227,-0.16428122932827866,0.546133939389311,0.5405437021061668,0.7171038062826214,0.3100492995630573,1.99003096697473,0.39935306657368613,3.2101663529614015,6.752305059910726,0.5063960246743127,0.368820991637428]],[-114456615.75911085,-114456586.23274744,[6.859962538408622,1.0,3.141592653589793,-0.8001140616326439,0.6044290224704052,0.4001358697178249,0.5698008439942264,0.061280939546602464,-1.3286727361817823,0.3822883428703838,4.392996968937999,1.5253052251443493,0.3418831668767206,0.6237167110033237]],[-115583284.72027735,-115583282.09154987,[4.7506647818358365,0.6050929651711572,3.141592653589793,-0.13985196003341602,0.9241189914746563,0.08623209996382952,1.0,0.2592250161079678,-0.8372134970309133,0.7846424412191823,7.050589305808688,2.6383085106228723,0.48502165372951583,0.680831559052825]],[-116517105.92054057,-116517105.85718083,[4.8309246469818286,0.47079751634802197,1.190158108842746,-3.005442208544198,0.6442801304550323,0.5812971821429013,0.8369945885634424,0.5952299167438471,0.1415999671226726,0.37314120480274526,5.73761503589094,7.003783149772468,0.48460926091298157,0.4536723455790346]],[-116597622.11416173,-116597622.11416173,[4.59747378435657,0.9208759016431414,1.5779035712623832,0.6795219339627847,0.43131371423988396,0.45637323882686265,0.4629593229888192,0.7116690624394869,1.3241993546964739,0.44071820531302636,5.573444760983224,3.490621021940894,0.4536730399589168,0.5670858252444481]],[-116778601.85154995,-116778601.85154939,[4.489518938016672,0.06340356399842229,1.295899555818933,1.5000941244833559,0.790615464746423,0.44966559751812624,0.37150683677106344,0.5287865452001673,-1.1985172819172032,0.4373458106441931,5.558569196925614,4.929264607594162,0.5759837210558388,0.6579928237358352]],[-117144191.3458643,-117144191.3458643,[5.811691107658379,0.5995224055237387,2.191235708462127,-0.8154124259939475,0.6373578460810575,0.48291791926497407,0.3262976172560219,0.5166234669576824,1.7049311762002963,0.3616278691222812,3.203600967737054,6.81865018347148,0.6174526778916026,0.5211209760678339]],[-117773478.3960742,-117773461.71911168,[1.5732050258819696,0.47201901712028815,3.141592653589793,-2.652250930077375,0.554271832273462,0.378202888587956,0.35920358599575064,1.0,-1.144179364239192,0.3966473634731156,1.8702012508172716,3.408682087535615,0.4781737968079023,0.5410867287841765]],[-118749352.7858888,-118749350.01272178,[3.8792295067177136,1.0,2.5213114473924523,1.1889362089322901,0.5151187506368173,0.8551130965497449,0.5334178340723056,0.3069095518606524,-1.3305824340223427,0.494828361505306,5.0291796696546465,3.1639543816061777,0.6307220306679674,0.542302650248854]],[-118902562.57379565,-118902512.7326392,[4.412749795991801,1.0,3.141592653589793,-0.3470769505780908,0.6940187022875309,0.3553339069298892,0.38797059984999965,0.08710377242195638,-4.0,0.45236355120443955,5.434391945218334,2.5550941157643505,0.4789842436322196,0.54627512220327]],[-119837793.43420961,-119837793.38545227,[3.0783716230037017,0.21821419937234476,1.9366071942119745,2.092854997859302,1.0,0.6446811769617236,0.8614795989983186,0.5151659909276078,1.2765262148609824,0.1,7.260067401601747,6.921305949748552,0.548371393893696,0.6566943071159045]],[-121673115.9791378,-121673114.22361422,[3.385021943456547,0.0,2.984543695427594,-1.551625952393389,0.40761253639638095,0.5384758248437876,0.4871441905043031,0.7606056701064978,-1.6904677754822597,0.3073189662029952,5.262740150185442,5.111550706558815,0.48838383665763785,0.5265349579379264]],[-124640820.5761255,-124640820.57565653,[3.4613775936140216,0.6725965970278138,1.0325516110074093,-1.6517157622344103,0.06195532752432387,0.4006268776818331,0.4843368893242539,0.298843201835821,-1.3496327599825952,0.7655452746776247,8.254744428841523,2.7385809764737425,0.4276791557936112,0.5522043654940454]],[-125027802.57270144,-125027802.18462515,[7.972587144016616,0.0,0.07395473177276468,2.284195927094362,0.5590825518478995,1.0,0.40455909587984296,0.6219447362834081,1.4957449252388142,0.12251637363627071,1.5684885400560553,0.6247390627914102,0.5310195142504464,0.7125014676238413]],[-125677061.97768702,-125677059.25818682,[7.616911353387508,0.0,0.0,-0.8143542422102352,0.273765551799265,0.3522773340149463,0.5435230422772288,0.429688625260125,-1.538653737780082,0.43454345714376436,4.684440076301628,3.1360243295534382,0.4044443594767372,0.7270014002902687]],[-127101128.64186567,-127101128.23304248,[5.9926037144989515,1.0,3.141592653589793,0.6783409648288904,0.5874077496332105,0.5919118584331493,0.41976642934356456,0.2434386606455381,-0.028739037555208194,0.6717367513396785,7.081266844846235,5.653137648547818,0.4357371160880546,0.375899578530986]],[-127876140.02058087,-127876138.91722447,[6.075955057562862,1.0,0.5532028846225543,1.4140528310274147,0.514899911947162,0.2426796617664171,0.007783806942189164,0.6397310578300877,-0.766396733169186,0.38673113520591296,2.1540772760878477,8.930442023842764,0.3304905715870653,0.7702919297816322]],[-129489106.97957988,-129489106.61874366,[1.9157039468775676,0.3548700332726723,0.0,3.4360806471189047,0.41879395968355554,0.49867701438238,0.39226246439931495,0.5981266666992752,-0.3099068538133315,0.14415184657369073,2.714999510947619,2.090071194501074,0.4897365990359074,0.5658155227953391]],[-131871656.53412707,-131871656.44580281,[4.906460489471648,1.0,0.8014756846045789,0.6638494228080418,0.8378429751001522,0.47758990515183225,0.26822971455981426,0.639746168395968,-0.5943427150160637,0.5535052588705865,5.077713547617439,1.0233184422989923,0.4506969256399216,0.586798042315834]],[-133183898.19819734,-133183898.04449809,[2.8615115781170846,1.0,1.9045882089949462,0.29995623856965054,0.30805554587523076,0.5833491018498408,0.37942026785674293,0.5531726496142357,0.45634043656750944,0.36652679020660217,5.619332015328847,6.4442451097724245,0.6603283775836639,0.547959250768473]],[-134113046.547167,-134113045.98584878,[4.6719724670562615,0.0,0.6623912419761765,0.9472412034005253,0.5163831760676016,0.8925090735768512,0.8091160806398334,0.42493894897102424,-1.8060397391396483,0.6538224240692769,5.567234607311353,1.2580735926649909,0.45081281425254843,0.4180486850413353]],[-134401183.54696494,-134401135.46252322,[5.752877707689342,0.6659704006117413,1.2327389020347161,-0.47430547261479317,0.5601891419823908,0.5230601002328487,0.0,0.3808007183131604,2.694226921550127,0.30446817992942943,6.674636739538805,4.854041818117036,0.4357542068291915,0.5547500018882001]],[-135173224.83019328,-135173224.83001173,[2.9992062588222534,0.23877010317235353,0.6842861604365333,1.6168819414401536,0.6025127347936575,0.5312158456849667,0.2933911374013878,0.6011132642924019,-0.5414537535169037,0.9,2.024345399380853,2.701152938958386,0.26524152108062493,0.5335839551989647]],[-138551247.41118637,-138551245.91457605,[7.94596831881398,0.21125772950888844,3.141592653589793,0.5348012770057466,0.4349589257251518,0.3491655590448404,0.6633792877374312,0.5240442950254025,-0.2139104266011695,0.5237279122558597,5.2232905303531085,2.830989974530601,0.6110992016121863,0.8276348330170138]],[-141294947.95035458,-141294947.95035458,[2.7510734007331115,0.7285128720753895,2.4195929308752744,0.5529746674627227,0.32168904036686385,0.5604601950367334,0.6270469726886094,0.709527038247979,1.250426021922198,0.41984686008337435,1.8198435745326518,3.505792192622706,0.4798377890158557,0.5802551674590347]],[-142439290.99884722,-142439290.9551897,[0.34331660419352517,0.0,2.853296562529386,-0.6298092041338526,0.8872925200374815,0.28185919440130414,0.5173392177010472,0.8504781635890686,1.0891391766280032,0.3261111602616379,7.572133520166567,1.906611451853494,0.35759051226675165,0.3661903855011024]],[-147576313.44177723,-147576313.3228588,[9.83920066154941,0.0,1.6100376992172671,0.5963262101849485,0.8793015034655092,0.5004946111672822,0.4227401232846283,0.5439860287582827,0.7836022367396802,0.4890400788688624,4.091276518838879,3.8595998563593303,0.48620226484887846,0.5759843583738361]],[-152854979.27498132,-152854978.37214482,[7.3162737320410836,0.0,0.29405796937919515,-0.387684725789215,0.042096186512516565,0.5136374763479944,0.0,0.4944660289093228,-0.6676313512251212,0.1,3.2893074841123804,3.8308964153819516,0.5692166486360791,0.6394696874856574]],[-152949532.6248036,-152949512.92697227,[4.625203578757508,1.0,0.0,0.613364653006367,0.2331034935042226,0.5599186686853533,0.706620026501318,1.0,-0.8466936930585838,0.9,8.196807143229519,5.064282852619186,0.4895739891334585,0.4992895194610448]],[-153209829.48399687,-153209829.05354846,[0.9890494867860431,1.0,3.141592653589793,-0.8513516644679067,0.6772119933367059,0.5578932313137984,0.8952283308094111,0.8345248168335953,2.1521487772042596,0.18071664054294667,0.7672622612742592,8.728901753242656,0.6144040808252027,0.5322030882986984]],[-154213037.8441371,-154213037.82143283,[4.712710117794141,0.8908917213245447,0.0,-0.6067822503922233,0.6090597747831028,0.6572108031226036,0.4256874382816583,0.5796194870131357,-0.2870217728603967,0.9,5.903112436074865,4.578597692878041,0.3745580118463668,0.3949649682954021]],[-159048628.76128063,-159048628.7296424,[2.1669353716324617,0.3550210791883146,1.0472265043868711,-0.18641248207156003,0.28843289537674205,0.4971022001675248,0.5385774083527759,0.4942891046768955,1.9325651915840834,0.6388011304402637,5.372264291613938,0.0,0.5456145689184594,0.6704828817572618]],[-159457548.26429367,-159457547.07660842,[10.165525037511337,0.0,3.141592653589793,-0.5219379538182303,0.35342645755981816,0.6698176619838542,0.5300447455861759,0.5606031596223181,2.2995976663501967,0.48595504260171457,1.9051054485256471,3.835277030288003,0.6135168142477223,0.5473367346583057]],[-162701054.88930777,-162701020.38917553,[6.4966656151209525,1.0,2.779232375034539,-3.573600951363769,0.7407284205772697,0.6005135120915195,1.0,0.07424775741649497,0.05446977456826181,0.48531679192008786,5.669656171926574,1.0733434103534893,0.4687448349986824,0.6171657771746117]],[-166429041.05546466,-166429037.4435295,[4.609569899247985,0.27043708273757405,3.141592653589793,0.3535622059719501,0.4735948986487952,0.4977657181506327,0.2703982113518922,0.8141288236269396,3.654377100618966,0.7764389621830035,1.070277914800374,4.327620487370527,0.5426065581772216,0.7141415363872878]],[-171501153.1613025,-171501149.82153928,[4.469065326058011,1.0,0.8675023837428849,-2.2261197493308367,0.7526438565405666,0.6882855963827755,0.7202661001770585,0.3558624296290051,0.8422013294793496,0.6052248198032739,2.610852300293693,4.1422620157412124,0.5283139484920987,0.48049863051427905]],[-184272739.08943772,-184272739.08496672,[0.3821063927860786,0.17606130805799602,0.9396408873851168,-0.061573217852738824,0.35969526609174973,0.45834424056039724,0.7521438080544016,0.3211716419500581,1.052189925412993,0.6340952037164602,3.493745106540884,6.015814227548501,0.44442222817463983,0.41178151920910905]],[-186463479.58524767,-186463458.171219,[2.007886047602791,0.0,2.016512279703627,-0.9366384883611478,0.18684627644814134,0.7079643123176471,0.3858032096340269,0.6223182791850306,4.0,0.30443516780463764,4.380671956193279,5.715230803695845,0.3712377719713004,0.453028810864078]],[-192199290.9478203,-192199285.243441,[3.551890994291161,0.0,0.09478977739743888,-0.8426865144897043,0.6638621893512544,0.759676791897756,0.5336782866031363,0.30751437736982706,-2.6940193285215193,0.46995638135297485,6.67140769966147,2.113580105506734,0.5501271603738781,0.5458297149001772]],[-209459065.61024237,-209459065.61024237,[5.267433139540813,0.3926476006911074,0.0074666229887692115,-0.6240914478392109,0.3346452573971309,0.8413542527850852,0.5562171887170635,0.4854345752268317,-0.31001014410634636,0.5337973967783195,3.407687388271321,4.88541106267577,0.4525557225880098,0.48831635209970486]],[-212584339.14080974,-212584338.31957346,[0.7838525089761914,0.8471232672605706,2.7350032545802057,-0.14908791676418023,0.33331313961745823,0.4790901840145297,0.35074323515690997,0.2348211245753875,-0.5976053192716383,0.9,3.746316419774769,1.2570817455510652,0.46640006592703104,0.5251743150226226]],[-213873748.46571335,-213873739.3861556,[2.4669924654667117,0.0,0.0,-1.9685102021017027,0.41237079641959873,0.7703763740398593,0.2763579352190582,0.8396093825305884,-0.583424586709027,0.9,0.8086410152820394,3.5197576526171406,0.6124652962333188,0.49948677484446274]],[-215304949.11804911,-215304948.9433112,[5.722237552596639,1.0,2.8484107644635395,0.5037064204162667,0.17010411279192184,0.8010736807961409,0.35707066228240003,0.8672937639315382,-0.12145475959365185,0.5708384539538077,6.150715803312179,6.229536268259942,0.4376546307772829,0.5166292279355229]],[-216156593.5119102,-216156593.5119102,[0.546750152211879,0.724357123876432,1.2927592965054504,-0.511306543696352,0.23873381600694232,0.5756984532877933,0.4026318895986111,0.4309438322188342,-0.8342671429037722,0.48443786137849953,4.463715005239754,5.7545298060576915,0.5079926798941763,0.43223254371047704]],[-221504874.63049254,-221504873.65083218,[4.790536989613081,0.0,1.368525641775004,-0.6037965220939616,0.3343689676403582,0.8013101177691971,0.8604928060689064,0.5157136269187714,2.458491882913853,0.8477869459482441,6.364987289516174,2.640551394284626,0.5374802540602217,0.4484149436739019]],[-236994073.53710458,-236994047.24471092,[6.494866186438292,0.0,0.0,-1.0146212440182398,0.3530350446977118,0.8677177501551904,0.5090965294726998,0.3702710089984821,3.0140965112428733,0.38052736691819633,5.111487049995569,4.650667365920363,0.40661211133409086,0.5218703705860711]],[-241312155.53877828,-241312154.2345233,[0.8668031423217348,1.0,0.0,-1.258431805277422,0.7555662727332622,0.6395376772035499,0.5757234380802089,0.4516680033810835,1.7347314113986956,0.14044170264999445,2.712269096684964,2.718908246953063,0.5205685541690588,0.5814213824913329]],[-243943342.9480659,-243943317.47060132,[5.725175025049734,1.0,0.0,0.2046313326652831,0.3202328140775501,0.8216626942933067,0.28961786326659894,0.28495702217985497,0.422945366275423,0.9,4.992931267789061,4.626583398916082,0.5776927823760357,0.5588911139296353]],[-256558479.2461499,-256558446.97202003,[8.083413172516595,0.0,1.5987021890874513,-0.08773606624280064,0.5434294079204519,0.8930864871948893,0.8283713432778492,0.0,2.4079299060904944,0.47568081139887475,5.289356167642731,4.431879011995521,0.6782925747236529,0.4714491655764633]],[-261066236.02658027,-261066235.885051,[9.89818614416696,1.0,1.6270754751944319,-1.7680195761037423,0.7852420846306278,0.9314092365236006,0.4874809897334699,0.572436741964526,-1.8870165979143456,0.8093693236137536,6.3711560400579135,4.15162615017116,0.5149753905689484,0.44632202270695837]],[-270672135.1164717,-270672118.9666221,[0.0,0.1397731360209334,1.8895562023286985,0.7099354129749298,0.954101842896798,0.6568253960083688,0.6660433684137358,0.48145471403350987,-0.6311689796247927,0.5459862867345564,2.820487247565712,3.7114768796071145,0.5335338389359198,0.5431174334728168]],[-272110272.0724928,-272110272.0724928,[5.56387187274436,0.13224527980631912,0.6792274900025479,-3.331416314461758,0.4737220642098584,0.753345871037772,0.6682065075855215,0.8646314101157352,-0.4415579276013729,0.5799991157805177,4.596890648986514,4.968647787437957,0.4321493608197416,0.35464432943538726]],[-295666744.2221516,-295666728.0883534,[7.16262811872121,1.0,3.141592653589793,-0.27710668098968055,0.6367478948697406,1.0,0.12895370130388079,0.45725287409884363,1.8727538529982595,0.25742792873453024,3.854276465196833,2.3220734278974815,0.430913272126327,0.5133754486547282]],[-297736183.15658474,-297736183.13147295,[7.50676384543528,0.0,2.408065370719158,-1.3683214219119497,0.47987171038425014,1.0,0.2628146913622474,0.8316597413267566,0.4040810524496077,0.399397971391527,5.365776605293061,5.122410261273142,0.624621400655211,0.44408195110415905]],[-328555298.93317086,-328555281.69242406,[7.451791052343118,0.31618233410067464,2.3062152512977927,-2.1551824719408956,0.11002795030385121,0.7541453096475291,0.24618493690554383,0.19404844075410133,-0.35485522713497347,0.8253200101054574,4.135057864506442,1.8794687994937207,0.5863215126328274,0.6002568319885877]],[-350548568.43396574,-350548558.08367693,[4.042316872025992,0.04741922115800584,3.141592653589793,-0.662045715345573,0.8795307779216248,1.0,0.2478772225123651,0.3207535009813395,0.745280692542232,0.11456904060808565,1.6135230625393353,8.212783238215167,0.3606221959358187,0.5527314535507305]]],[6.354005723081389,0.42839878885889254,1.5922274480788543,0.971746403919626,0.48044142324656225,0.2735262097590812,0.441898660922872,0.4196121506152178,-0.13808438298258127,0.4099993787840335,4.305455391478037,4.90218376130129,0.4727803748038979,0.3993278881703419],[24.924376728493474,3.5989402893651317,9.44721048150069,9.67666920295678,0.2334891340538784,0.27344678986892607,0.23816094439441282,0.24062727853816274,8.54480683339274,0.24422245184078475,16.643450310956744,15.689782120266875,0.03806732750671272,0.044100063932399056],[[24.924376728493474,0.07939926928410165,-0.1120869237291756,0.23012667623262076,0.022022524189223232,-0.17432909035188723,-0.032763454384968485,-0.06091658143812935,-0.14291408630592417,-0.08350565617590786,-0.11153645666258609,0.972295690522645,0.010777028208432786,-0.09331499766988177],[0.07939926928410165,3.5989402893651317,0.007993550874139783,-0.0006636386370116339,0.0074464726828507135,0.007261957319620264,-0.0036985674964247154,-0.00028811658471446027,-0.0568041632919651,-0.0030256493401858626,-0.06927039398806131,0.007086877952826147,0.0010082101082450213,-0.004176673624799043],[-0.1120869237291756,0.007993550874139783,9.44721048150069,0.4593131520697986,-0.014979696430313605,0.036766066351664704,-7.992548369688633e-05,0.02016926426340168,0.2707427590794039,0.03602377366356475,-0.5743639912529119,-0.3012026179887841,0.01195028128137244,-0.004571137102074592],[0.23012667623262076,-0.0006636386370116339,0.4593131520697986,9.67666920295678,-0.019065900262376725,-0.03588275854912211,-0.02804457995971002,-0.043255601064871065,0.2700721936706553,-0.061049785612506305,-0.5853999471416109,0.32563198295502493,0.0034451980076726178,-0.049973487440432784],[0.022022524189223232,0.0074464726828507135,-0.014979696430313605,-0.019065900262376725,0.2334891340538784,0.005076552711736035,0.0033499923866175,0.0006002872104910687,0.004326585815666631,0.0019022278924408925,0.007293206815329225,0.05912362773750104,0.00045317328440763234,-0.0011257445606405177],[-0.17432909035188723,0.007261957319620264,0.036766066351664704,-0.03588275854912211,0.005076552711736035,0.27344678986892607,0.008818372686544333,0.020836987980859707,0.06918824913788317,0.00874954917821162,-0.007079585883765232,-0.08461730929309556,0.005548268579097438,0.008760217037492996],[-0.032763454384968485,-0.0036985674964247154,-7.992548369688633e-05,-0.02804457995971002,0.0033499923866175,0.008818372686544333,0.23816094439441282,0.0035694418287777895,0.013021919681725704,-0.0010878217235444614,-0.03147480611561646,0.018539293527951018,0.0009126550443022336,0.0030900958787184337],[-0.06091658143812935,-0.00028811658471446027,0.02016926426340168,-0.043255601064871065,0.0006002872104910687,0.020836987980859707,0.0035694418287777895,0.24062727853816274,0.028042953300239683,0.0042960146315473334,0.003954213361398003,-0.04933777199037443,0.0031621123814669686,0.0024857738577325626],[-0.14291408630592417,-0.0568041632919651,0.2707427590794039,0.2700721936706553,0.004326585815666631,0.06918824913788317,0.013021919681725704,0.028042953300239683,8.54480683339274,0.03965059363330923,-0.4096817934858494,-0.16822474958553882,0.012932593937992903,0.009540524470862845],[-0.08350565617590786,-0.0030256493401858626,0.03602377366356475,-0.061049785612506305,0.0019022278924408925,0.00874954917821162,-0.0010878217235444614,0.0042960146315473334,0.03965059363330923,0.24422245184078475,0.07302323412790585,-0.06815835628440246,0.00193645219408792,0.002844321758438765],[-0.11153645666258609,-0.06927039398806131,-0.5743639912529119,-0.5853999471416109,0.007293206815329225,-0.007079585883765232,-0.03147480611561646,0.003954213361398003,-0.4096817934858494,0.07302323412790585,16.643450310956744,0.3059896272389543,-0.018099399078594994,-0.02824138622479345],[0.972295690522645,0.007086877952826147,-0.3012026179887841,0.32563198295502493,0.05912362773750104,-0.08461730929309556,0.018539293527951018,-0.04933777199037443,-0.16822474958553882,-0.06815835628440246,0.3059896272389543,15.689782120266875,-0.009236355653442935,-0.07734814800934965],[0.010777028208432786,0.0010082101082450213,0.01195028128137244,0.0034451980076726178,0.00045317328440763234,0.005548268579097438,0.0009126550443022336,0.0031621123814669686,0.012932593937992903,0.00193645219408792,-0.018099399078594994,-0.009236355653442935,0.03806732750671272,0.001160978719837702],[-0.09331499766988177,-0.004176673624799043,-0.004571137102074592,-0.049973487440432784,-0.0011257445606405177,0.008760217037492996,0.0030900958787184337,0.0024857738577325626,0.009540524470862845,0.002844321758438765,-0.02824138622479345,-0.07734814800934965,0.001160978719837702,0.044100063932399056]],0.6536015886434303,[[0.0],[0.0],[0.0],[0.0],[0.0],[0.0],[0.0],[0.0],[0.0],[0.0],[0.0],[0.0],[0.0],[0.0]],[[2.0511845934314956],[-0.27117186186894565],[0.05167128613063641],[2.4534992952938235],[-0.29629307042218034],[-3.430853662132454],[-0.8801777536178133],[-1.2177963161182672],[-0.34864027792879515],[-1.363420290553362],[0.5784183389144675],[1.7083988273456956],[-1.0308759204164086],[-3.8127070154339826]],1,100,-36350798.548924215,-36350759.66181874,[7.294276868226852,1.0,0.3659638236370264,0.555024855405511,0.4416582639482132,0.0,0.4902183153096787,0.27240112182018583,-1.5443026149804313,0.1,3.363452934296992,6.209119428578052,0.41415599913398354,0.3353551998280786]]
