["generation","mean","variance","covariance","_sigma","_p_c","_p_sigma","iteration","num_evaluations","best_score","best_evaluation","best_solution"]
[[[-46797473.751315296,-46797460.25123942,[4.206606745231777,0.5677311916732588,0.8830411233660143,-3.348018994522932,0.26311055619817403,0.0,0.017097053888777747,0.40642756252471307,1.0911822562673648,0.1,3.6537267342916917,4.346655740018172,0.6177847113851545,0.44580735110326397]],[-49879545.04706571,-49879543.59703189,[6.51891705428973,1.0,1.7839643799578977,1.7440706604297636,0.45404911786622704,0.2489446392217458,0.5596337447414504,0.515454395842209,1.8925695124759065,0.20776380469135186,1.5131239232518543,4.186532562993077,0.4953246070034876,0.3780471710538938]],[-55683517.72725342,-55683517.72120869,[6.587654988517868,0.551208138295739,2.332688534931748,0.10550488960850632,0.376974502347851,0.1796450437278631,0.5850732158503199,0.4715925768278198,-1.556218692817465,0.42378431641363956,4.0722961815161725,4.63382398934011,0.5809211757264444,0.40848365712421075]],[-57321945.83898693,-57321921.46095252,[4.339954765606259,0.14242554391867984,1.427669789513619,1.4487708785963487,0.0,0.4578316868954607,0.4361989894563545,0.0,1.808241307998234,0.1,4.825770032053756,7.796471659823242,0.4132494628920533,0.30278462769743325]],[-59032995.28743499,-59032984.07017106,[1.7420816798076801,0.625595205437249,1.2048422867399369,0.03502737444134461,0.48906312096871923,0.0971653196797026,0.4874569276068455,0.39517463944656817,2.517058663159604,0.46601495250172503,6.115791714677981,6.116092393024943,0.4894686972272949,0.3694477072700529]],[-60459572.89332828,-60459572.86533791,[12.788516536004792,0.9005891114571976,1.4126925513115514,-0.5130057324126309,0.5744700745437724,0.2119041644272348,0.9134609045282784,0.8129093405503514,0.6156366900634389,0.37248370668292574,4.097723547151575,2.919701228125854,0.44503553718583133,0.42190322486514975]],[-60672192.47158412,-60672182.00282508,[5.553721688072915,0.42077164040059434,1.1674542929294955,-1.4561436393560911,0.3531243475813838,0.10106209288493212,0.5762428022043528,0.002027489826600948,2.2061908861188666,0.38628318961979446,3.1086000056701018,8.214226820728273,0.5530447274021485,0.4739362123404164]],[-63015451.05657241,-63015434.63432121,[8.30809239442327,1.0,0.359623968573638,3.1732686132074406,0.5166467226084078,0.27268293413213146,0.515135017511246,0.6210316063421824,-2.598320521277037,0.286128959457833,5.759240133550584,3.828618600447016,0.7130276607339072,0.4875535210371238]],[-63901545.63431677,-63901545.5613513,[4.074963051528576,0.7680953509685942,0.987370384572084,1.8550840148932277,0.36435805751732825,0.21408795669494912,0.4752808151934765,0.8939416270562949,-0.5044836741432842,0.41143021213629327,6.1034391359131615,4.792665117766283,0.4086679182811943,0.42690346590604084]],[-64519538.949716605,-64519538.1728338,[6.4962238794712315,0.0,0.0,0.2574783461572312,0.4108935749483466,0.0,0.740442356979698,0.5420634507745313,2.112545005912928,0.5348704277134165,7.274710885546835,4.64599998453677,0.48122253327650505,0.4608539399166089]],[-66481425.1421816,-66481422.79431027,[5.6746764440937,0.0,2.017634861544978,1.1543004423573522,0.6632615855404982,0.21876569347442193,0.7575485575758688,0.6858890938145117,1.8907534803688617,0.329843086119312,0.0,5.419320308176037,0.5098438262430176,0.4936719733254407]],[-66663795.841677375,-66663793.51355159,[6.7892008003501445,1.0,2.2371097043883,-0.6490031263143762,0.6567733260759507,0.24942425953813013,0.08929944880562068,0.7307066992824277,-1.5446026737031215,0.5920719614173675,5.937034142801692,3.544519250536079,0.48187005432516355,0.40643621009054237]],[-66743768.8299385,-66743767.8297987,[2.399398675170659,1.0,3.141592653589793,0.47711413410799625,0.3349613128324765,0.404754169088413,0.60241216764245,0.39793525249409867,0.22998996639940789,0.1,1.9505124639443774,2.9581472033247893,0.49499786226177067,0.34735577645911186]],[-69380324.64475912,-69380324.64475912,[2.5640222812385853,0.1270039539713539,0.8272255091492071,0.9732468889968702,0.06715568788850979,0.2517308483316976,0.6200691194260249,0.6635656105024414,0.8197105040381505,0.353314896041465,5.893167360137051,2.624418341046447,0.4299166594465974,0.37219845237232396]],[-71778314.61616066,-71778313.78922462,[3.546194594611957,1.0,2.5617146528408172,-0.1526197030140308,0.8577661925861135,0.09373642418545369,0.911475719517982,0.4131045864936628,0.36578020254934707,0.7097324338772647,6.1648494164688525,2.0769906449362336,0.44746107891426534,0.4338560218417511]],[-76078540.12806574,-76078538.42195624,[2.5193798084957297,0.0,0.11465007515348447,-1.4442428533687153,0.5511773942523639,0.0,1.0,0.5251946738875695,-0.27509240260145046,0.7037958075087917,5.345482551292018,4.965204945661517,0.45899473570311466,0.47921713850662234]],[-78626049.0167374,-78626048.4773652,[6.932739336092955,1.0,0.6449279734642661,0.49391762912081705,0.0,0.13531501121538625,0.40493655327735156,0.31181783199164814,-1.5973454604970851,0.837237035806381,5.882416681658412,2.250861303842043,0.5894878525019622,0.37521249792256883]],[-79743388.37772834,-79743388.29282099,[3.4213841743167,1.0,0.34729712385153966,2.0216288603838533,0.2823594378583209,0.12096660277306809,0.6608467519489712,0.46213808019582997,-1.3432948194070455,0.1892353700026892,2.155530494423185,3.619177547152175,0.47675273814504004,0.62555142505074]],[-81830851.73713712,-81830851.53533095,[4.776288181296108,0.05303495337500114,0.0,2.4260940852604325,0.42078869865006485,1.0,0.9066278878385224,0.7711175647900814,-0.24881665264065675,0.3895995072290942,2.931688524204598,7.064470541697361,0.5787281218574334,0.4062520099049538]],[-81933343.16981775,-81933343.16445798,[5.548566796185314,0.1578013512846777,0.6700536795574209,1.4279543696332189,0.3522903998658391,0.4046428417548372,0.30951607320693364,0.5205087771389829,-1.2028819079905317,0.19846017660655335,1.1744254297271262,6.612954250770665,0.5122350912629098,0.5447844806758861]],[-82988757.55842781,-82988757.51341337,[6.803838197612528,0.0,1.8093078410251016,-0.8027955937814352,0.2053668291079488,0.14692177523058542,0.7131684906168771,0.7960440417772722,-1.3264266765693915,0.5246941789628368,5.276291227582218,4.578054899480546,0.5298525696384958,0.570486591107802]],[-84078754.41731863,-84078753.6266123,[3.223341770636821,0.0,0.0,0.8310926059241579,0.34344574052802546,0.31171705346684886,0.2771487763433736,0.3600333827818572,-1.0206512808772747,0.8078770668432615,3.5372397821888826,6.669437469963237,0.5270423053415593,0.3215802678218538]],[-84427769.5644733,-84427769.563227,[6.348135236745406,0.3844416870071886,0.4804415852511379,2.4704330042516713,0.6606176610558817,0.5536382353422431,0.4643288919592479,0.48757853138054325,2.8348916539766282,0.3098536516455992,1.7797997081045134,5.4250981263690505,0.42142244795351497,0.4968943490339148]],[-84888180.38796031,-84888154.87009358,[3.3675157155940747,0.7771827935354163,3.0817674500681576,-0.6366080933357052,0.5569960024203806,0.3528439920374537,0.6175801430265349,0.28866931678239316,1.541786172047411,0.11985769688790493,5.050976479763509,4.610043067283808,0.6183314524647019,0.5534476963323793]],[-85614626.0762219,-85614624.48757851,[1.7899077770490095,0.8117472291630757,0.0,1.037274400199367,0.40509854943616663,0.0,0.3019105652692336,0.42916672648875537,-1.960222997483199,0.8221759008975061,0.0,2.4764184870181234,0.5191642130163419,0.4885685593958739]],[-86138107.11217996,-86138106.01271355,[5.287457904462486,0.0,3.141592653589793,1.2697289086824295,0.5668673670462379,0.36175804254501126,0.7192306425507087,0.6571943143748238,1.5551800309394768,0.3154898025590954,4.890392877704384,7.276229716332641,0.4462000983919767,0.5311411350207054]],[-87983716.60758427,-87983716.58913803,[9.409019966239526,1.0,1.1838742132768496,-0.5014619864600138,0.31071103736986383,0.31347818889042034,0.5506853338534347,0.5966911695294697,-1.705322700415246,0.514098312120737,3.174358806005532,3.9547419447300793,0.6034200626530284,0.5215424145456675]],[-88206114.50084573,-88206114.49793172,[4.079402305140285,0.012596439787785407,2.0270682975090204,0.7332171827532217,1.0,0.12420378436712681,0.1740170155078336,0.5829354648381727,1.1859457440671906,0.9,6.383155175273533,2.140406586869612,0.3798536478622383,0.45278887681483304]],[-89390913.33736339,-89390913.2029723,[6.0763486658364885,0.45101910992948097,3.141592653589793,-1.328476437831733,0.27327654076380203,0.44096597759598744,0.521252128222135,0.5015531600960831,2.1314681569395377,0.2547497707564016,5.5008324836306715,4.447524261090809,0.4608356817528628,0.4659128103026646]],[-90072570.25848784,-90072567.58257449,[3.177466846446701,1.0,0.0,1.3733023265759874,0.37210878336008846,0.7308844054563473,0.7924449709583514,0.5515671608907395,0.9535826187777485,0.5288369974221293,2.126026543263144,2.9737127157951955,0.6751213831433566,0.3670784245822658]],[-91144277.44060948,-91144277.43297684,[6.506827505874721,1.0,0.9572204365152964,3.295319906723514,0.6884853987341841,0.4228917234226941,0.2305703299174342,0.6640406038326574,0.08827406711924655,0.9,5.460148602932993,5.676697388096353,0.42916446637720773,0.40884548221040123]],[-91575114.73992914,-91575114.66158152,[0.6635489990991799,1.0,1.65426219351989,1.3484667752443085,0.2813474999144421,0.04380407168385597,0.47453994856136966,0.8977718342549867,-0.22691669443803764,0.6995882337855083,5.1315244332738565,3.5050620660576777,0.49465891028896597,0.5726547276390372]],[-92264302.68577115,-92264290.57210636,[3.9829302239836006,1.0,3.141592653589793,-1.3379029215871685,0.21225426873520553,0.3901640612511855,0.6583434496746062,0.2645480910228345,-2.2474049380956447,0.286957949305201,5.098441263885025,3.2079170705244824,0.5565842169990474,0.5489784899139745]],[-92408186.0665441,-92408183.2258566,[7.707540891161288,0.0,0.0,3.1900138956280766,0.7511513969459543,0.3710686681384103,0.596385173621633,0.6035559848523837,1.301421057596793,0.735195262198146,6.253477454063228,2.963092242582835,0.3862385310225127,0.4851620563106091]],[-92557314.30811782,-92557313.09888363,[7.711391703095945,0.0,3.141592653589793,-0.09842848020347768,0.4560438490602401,0.38060006209639596,0.4561899768874354,0.5664084491002501,-0.05917997791531928,0.7435885389654953,3.701274255450753,3.8139336180385,0.6092832579158287,0.38376999969295633]],[-96118498.33347741,-96118498.00407887,[10.116228079872489,0.0,0.0,-1.5931448474195786,0.3365595195566571,0.5056591829246403,0.7594646042023494,0.36473292433547455,-0.06732737731302929,0.1883611417287126,5.5855359061008105,1.5235382142335165,0.2980861879696697,0.36581009525858155]],[-96200374.7616401,-96200374.76155084,[6.832330856825513,0.67363618477317,1.541508829183742,2.7427322334075726,0.5613719941311984,0.5313943655360812,0.6943811804818935,0.34757273743475353,1.1777012599205063,0.541326389806288,0.1640486194711097,4.10010666432842,0.4990541153702578,0.5433264326585329]],[-98289002.11518918,-98289002.10381186,[8.530620209912136,0.2863428276781025,0.6208711058524801,2.3806871890048678,0.8400235174966827,0.3551088315325076,0.7542476529343131,0.28719618014723236,0.9190150914898788,0.9,6.747322650592302,1.8725450473492482,0.650180333970598,0.4152398948931523]],[-100223532.85739776,-100223531.97345626,[4.430581374462526,0.0,0.0,1.0420954810561538,0.4005473607867089,0.5431423506662661,0.8405724417161582,0.5156834430862838,-0.0701452343033685,0.5531892773354646,9.0,4.645204030432747,0.5993514693950761,0.45219766268404044]],[-100239942.81989253,-100239942.70424604,[0.5036308652646717,0.1741342259339974,2.0840035010475875,0.728876569063129,0.749592447199549,0.14522873726529778,0.1995065560391463,0.637194599425768,1.5475218805779603,0.5237251353816248,4.976948810887656,4.855488947909949,0.4410743385794662,0.46554191834162817]],[-100885318.25110886,-100885317.38768351,[6.804438488098642,0.65788600010092,0.6349706671548198,-2.0610719725359625,0.619194898901016,0.44178657264661375,1.0,0.6962208594613816,-0.9236240460356728,0.4568086746598781,3.2900006493192424,6.279857681112543,0.5541474694766387,0.4872671141315935]],[-102177100.76400107,-102177100.57407963,[5.763727082538411,0.5272142929943894,3.141592653589793,1.897339989698751,0.40313023830068406,0.5345936786710468,0.8931525595955432,0.6561694826686509,1.124387998283749,0.144781351713349,4.156500463974099,4.33934960402451,0.703655287908411,0.6992590209174614]],[-102466015.00290039,-102466012.35233206,[5.8988109492663545,0.0,1.3409281586086452,-1.6455534129812819,0.34911646973696575,0.37002701812709654,1.0,0.046204603161701385,0.27489947420848326,0.4402714631753637,0.8792925158884475,4.622337630791915,0.25928062813480945,0.5253543308504673]],[-102683454.72514163,-102683454.23624647,[4.378190186515623,0.5622576459318681,1.7550185703009618,-1.8313134688691033,0.4209328151688316,0.43792138783306855,0.34930148992835097,0.8989162077969522,1.588778831209047,0.1,2.9741048499017397,5.214009692202044,0.43161938697307195,0.5175589520113444]],[-102862022.72535981,-102862021.79681188,[4.722807946707197,0.0,2.038165670526147,1.0897252962399968,0.6454983924685618,0.5825708005442974,0.6146571564693519,0.3437560836344531,-0.674916455403767,0.44924307191967416,5.774134162227344,2.9098684298055106,0.34654013591085775,0.436075596060444]],[-103408649.14710464,-103408648.3582927,[4.465732750583095,1.0,2.2902723397215397,-1.816306039352003,0.6900829770652003,0.1650399866101535,0.6786927147424278,0.468058623348057,-1.0363851506427397,0.9,5.2972710980716,1.3745199097486172,0.593503876027142,0.5150845708409781]],[-104334924.74738,-104334923.79918152,[9.792598520581443,1.0,3.141592653589793,-2.8049004824132533,0.3098435576312172,0.3048405673306026,0.18519549901755322,0.6890194078170168,0.9045371301424087,0.9,1.3367111183916358,3.791867460141767,0.6474744678330917,0.4189762630555376]],[-104966533.1980525,-104966532.24704176,[8.359220297822201,1.0,3.141592653589793,1.160449995011426,0.5087014447235119,0.49240822664068373,0.19871783703607,0.6726448577420341,-2.6498047774704685,0.5073622402839696,1.6733373913047793,2.287671027588971,0.4067034519120697,0.5631044650748367]],[-106730295.54278739,-106730295.04640448,[9.537528050379372,0.0,3.141592653589793,0.2387392536721392,0.4564436307458373,0.3169579375735663,0.597945529323188,0.6430560346779781,1.4105567144475977,0.6585225483948245,5.148667916489196,4.206663060902232,0.3317101638590051,0.5893925029185534]],[-108726901.01067482,-108726901.00192535,[7.863165536441118,0.31856825303584113,1.060213907093345,-0.9989591691959584,0.23388111628373331,0.40344978366637296,0.6697944631349344,0.3943817689345675,-0.7006151424329661,0.4584262570357178,4.7895906511887665,6.68750115361768,0.5732366885764952,0.598590169927712]],[-109005132.71189405,-109005131.7904737,[1.3994707460352416,0.0,3.141592653589793,1.2406829306525042,0.18716243372997687,0.14927069670092485,0.8539598421842782,0.6623017024237703,-1.397719404193519,0.6257458632359291,1.8030051403855807,3.513642412738083,0.4086952326218478,0.6422157959586803]],[-109182141.86974019,-109182141.71960509,[3.254684897356715,0.44221277018285554,2.8365702989122807,0.361505926290676,0.4011827370944943,0.47728239233613323,0.5017351501669455,0.9072857245360392,0.8807052543315671,0.2926833827275679,3.0742242582049446,5.69947354028001,0.5191822228386705,0.5579312987477704]],[-109613802.65283087,-109613800.50834,[5.238106845340019,0.0,1.6484043821967236,-2.2620073265449707,0.34991463429137404,0.5495757417623103,0.6797095773778463,0.7495373188491119,1.73564158319253,0.4120953703244729,5.617519942490993,3.017088766784278,0.45307424359760284,0.3990992548475074]],[-109888673.5748164,-109888672.12403548,[3.848823442904275,0.0,1.2742806644190783,-2.0897791688968512,0.06667931501521823,0.14820403894123801,0.39768340615671927,0.4268284322242805,0.8649034091471761,0.8380548541984698,3.48164345368442,3.380912101545284,0.47909989611185205,0.5854575370078746]],[-110290162.86295739,-110290156.62736809,[5.020649883158603,0.0,3.141592653589793,0.2189556775221833,0.45629141940810514,0.15930834882534844,0.2152774669788532,0.7840577413397893,-0.3128288222124177,0.9,1.2962820795976593,2.3045028037426025,0.5524993966217299,0.5782734517433472]],[-112127241.4561692,-112127241.45605886,[3.5011381285432757,0.10738807838797909,2.9587041550275415,1.4920475474942307,0.7141675758618606,0.6898814535938413,0.2697490777774306,0.3998351152382923,0.07553948473992055,0.3409048112066165,2.708418270250431,5.438716077678209,0.547678759260098,0.57543335502028]],[-115015155.38910957,-115015116.05823207,[9.12581858960349,1.0,1.228147597347181,-0.657837865800672,0.3929180547036361,0.5180071925251882,0.4845734578440182,0.16239960478915033,-1.1258779838214794,0.34342612239923553,6.108866942320238,5.956692210072407,0.5023380917046238,0.4659402975450001]],[-116060472.67822687,-116060456.47103477,[2.9144730781814903,0.0,1.6119549495212273,2.4101383926726974,0.1780963570668202,0.6592972890640293,0.8706340684838396,0.21167568574137718,-1.4635590198612525,0.26395151530596905,5.208312398241755,6.070147439335692,0.47945614741994164,0.6433764868310017]],[-117224314.78668603,-117224310.15292585,[5.0766304112672875,1.0,1.0134457490574516,-0.6260904727246283,0.2062745129502147,0.5101252587886473,0.9723276383532775,0.5912850144727652,2.9011812762838742,0.3338466955521451,1.786795291332683,2.026944956971769,0.5406793567148939,0.49005442503647845]],[-117794175.31348738,-117794162.51775241,[2.042249493469341,0.8974238537832351,2.0555530068357952,0.1468602985765668,0.5792948493742753,0.34063576315904937,0.5032423276726427,0.21578202205040092,1.4635940895925132,0.6506184219351602,3.562704982152877,4.634502001709618,0.5825079242180007,0.47403017549570314]],[-117839019.56023833,-117839019.21098948,[7.734586365449444,0.0,0.0,-1.1371051224408735,0.2879631186106167,0.43139009603544654,0.28725766250078655,0.7011034162938279,-0.10918895164595653,0.8276184939261959,4.918561433158798,3.0052957266601186,0.5100001635474631,0.5053265492535371]],[-117881278.38832289,-117881278.38606775,[5.10291592050117,1.0,1.1151583598270047,-0.7324980288638858,0.7726343631026138,0.33984943288794656,0.6362907609161071,0.5460759874092361,-0.48789196673915386,0.4541542798660266,4.891629691367235,3.4636937876902323,0.4513216338676802,0.673940821942383]],[-118203399.96832073,-118203381.70109773,[8.565158310954955,1.0,1.3031160079371187,1.1379194385525848,0.0,0.7780722077149106,0.4146376241186782,0.03243260488593219,1.0727349497066543,0.503478045678847,4.04580663959547,3.7309974165067374,0.42193350658666884,0.538016072874757]],[-118315816.43851644,-118315816.30181605,[5.4267815834622395,0.5506618973284962,1.069768158124803,1.621031613747396,0.8222187969238693,0.427357208621949,0.166550462087591,0.37882325586345555,-0.8408461218393188,0.21089182443323384,4.70903431776164,4.381536331950456,0.4013013724164708,0.7028795074668217]],[-119325493.58264543,-119325493.57595491,[8.16003673339685,1.0,1.3027139353181743,-1.0193932623281297,0.5883681370179185,0.3631918509732569,0.4298013182200321,0.41226893217560046,-0.18345925496682763,0.9,1.7725627662804126,3.996683306689035,0.3018948074075769,0.5450439021189083]],[-120053851.74454738,-120053851.6364783,[1.3249099309008079,0.6200420824309046,1.2742656673970203,1.214290122729557,0.32047108522077417,0.32890841375014584,0.7678491337238598,0.5500497845578225,-1.1446646734473045,0.3050898499782886,2.1001592730770042,2.7492171595754327,0.4655181851568476,0.6164957771755945]],[-122152923.56074937,-122152896.29732049,[4.15858790309498,0.06375555354325319,2.8175810791059783,-0.9750915944563638,0.8018691918815835,0.431659191287086,0.2672848709677177,0.26553491741497665,-2.938771025749409,0.4576626687782232,7.062462135049459,4.987530318451046,0.5023735556798575,0.6749468744399928]],[-126129985.90622918,-126129985.85854971,[4.304468495062649,0.0,0.8535601563893761,1.4760678217393668,1.0,0.8302861532535482,0.45517184351527024,0.38926475371496055,0.4473247128953941,0.7553745951185837,3.064592157342952,6.417422902506027,0.6268315258270194,0.5267502799679867]],[-128098348.56503345,-128098347.2012322,[5.439301252410751,1.0,0.5791869547262058,1.747303889249328,0.2235616135677177,0.606965022758636,0.10402739761371377,0.4103875846969499,-2.6542206247959257,0.7571551612689487,4.124403830749655,1.5370089273585306,0.6541336474413042,0.6134827740834398]],[-130013872.85379352,-130013871.10265362,[8.527120938826112,1.0,0.35582390697957766,0.8221649345595243,0.23947902317367842,0.5470354724135322,0.4714243490436621,0.8476415557656088,-0.09274041536819017,0.6775614327485111,5.98368321117943,0.0,0.6579448085745156,0.45736406317799483]],[-132957630.9139722,-132957630.43167949,[1.0406197099274066,0.6050730230044136,1.0551484145724415,-0.7455526280726054,0.3649365272609977,0.42744034712029816,0.7626699159987973,0.8458188157617359,1.3873091158636104,0.542741026678806,7.706315705089563,9.0,0.6833243106838768,0.533861270872697]],[-133480800.62198123,-133480800.32638514,[1.9388828575437795,1.0,1.250765948383724,-0.5877477274988232,0.43435784508368636,0.4717116161707533,0.48214869624675294,1.0,-0.26579406032086894,0.9,7.4538647791536565,1.6892419344361556,0.5532952254474731,0.3817883821128107]],[-133630062.0899056,-133630062.06911302,[3.0140861133690366,1.0,0.0405220007263325,-0.9823242578087051,0.6164434012766533,0.5771666690139208,0.5059946721569464,0.7465015391858351,-0.4005568074242216,0.7354009519360096,2.9276548756434684,5.2537956410152695,0.5977498322648951,0.4384217043976688]],[-139245337.74514526,-139245337.54942274,[5.125086113891196,1.0,2.4779870482943043,0.8450669125731738,0.6063951512141781,0.6923699173648753,0.18265626248547545,0.3274571581554849,-0.42394653671354354,0.5656675845356541,1.7588636811933953,2.2662998536713155,0.4085991116206318,0.41656957962532926]],[-140168428.9373311,-140168407.75144994,[8.838625015816822,0.0,0.41479401482331046,-0.7684227433255445,0.21925462353335512,0.7157715738659989,0.4185633596187478,0.17905108145365445,-1.266559164540367,0.2255825429652102,5.091322229661728,4.475988838074557,0.5315667258111696,0.3394354245644531]],[-141698171.68586168,-141698169.5974828,[3.356941715368281,0.0,0.0,-2.5058157345013585,0.14962616082574237,0.6095419120112435,0.6922573922697903,0.5140418521450999,-3.0684961494196727,0.43471795178511435,5.629737675366647,4.523742827545067,0.2791327248339137,0.492429369674908]],[-143413987.62974638,-143413987.3500406,[5.552220887215873,0.81640963200109,2.4178469651519414,-2.099874546639416,0.11098622858246543,0.44327295991418647,0.21607803286138566,1.0,-0.41234890218579323,0.9,5.569368841931645,4.269357228020315,0.5741968140712869,0.39162969224172883]],[-147422587.95875415,-147422587.23384845,[5.812987794893325,0.051018341134562606,0.23910226964538706,0.838177814046646,0.41177019175752033,0.7684378447910183,0.14485296605068365,0.31236704770784673,-1.7506274839977234,0.43453845278236947,2.1551759560010755,1.9914541055777484,0.4657925102415945,0.4893897826106073]],[-155964007.781854,-155964007.68357408,[4.42672729463451,0.0,2.8354527692727993,-1.2122532417596248,0.7548911888004621,0.746348347271637,0.5090353391121106,0.4908687698350648,0.7181306418018422,0.37043665246094926,9.0,0.48606426768192,0.649307545474935,0.35846336187439165]],[-156240432.36283883,-156240364.4532485,[4.501576866092827,1.0,3.141592653589793,0.5304874569801166,0.70110995467677,0.7352008004727892,0.30064510156404645,0.0,-1.5051431038895204,0.2015074488291474,6.490878223183324,4.866514896978011,0.5299497992497698,0.4207546083578775]],[-157172193.0392562,-157172193.01601171,[7.666237237084141,1.0,0.7889655970686,-2.7565917082260647,0.5272923522591222,0.692219891920357,0.5236208474087148,0.43866074112985837,-0.8593647289167622,0.8095375447129851,8.355935401196543,1.032736701660708,0.5128993463524273,0.3566207927795254]],[-157194470.31399652,-157194445.93375194,[1.2368391485899122,0.9103009828620844,0.0,-1.5578366832183308,0.5490831312513468,0.2911683620621866,0.5301698502953408,1.0,-3.5885652565687183,0.6922315377054454,3.7871706587483542,4.142360365878854,0.5249012884480019,0.6810589159855652]],[-157752249.42269227,-157752249.29796135,[2.318158964550882,0.0,2.8389220582833743,-0.6638335535657016,0.0,0.5951442544614957,0.4518725981773084,0.3945512133568662,1.3213490524681961,0.7036460186164099,6.732805839370012,3.35370077355068,0.514393494483416,0.457948319892706]],[-161809225.22485125,-161809225.08326745,[5.314248102993233,0.5011097908164229,0.6243844294446946,-2.097355382389671,0.7209028898168044,0.468620709367516,0.4345889977436069,0.8994570638286288,0.8939339298463517,0.8215432415276349,5.189110802062131,2.107685184668192,0.4388506716120636,0.6864930711484483]],[-165263779.96761054,-165263779.84866548,[2.800121666914775,1.0,2.625872745567703,-3.4654129296354776,0.5872552094179668,0.6393415743517655,0.4216403231475827,0.5328055106271713,-0.18146120011831185,0.7047484423435848,5.545962410885777,3.1560175711872875,0.5063246059044682,0.5336428075679811]],[-167899627.50455576,-167899627.47026563,[3.3257889418675646,0.0,2.081126356757058,-1.6155142432757175,1.0,0.7318500586643948,0.38367925098615074,0.6777020286223369,1.2897542931288029,0.2538873847008378,3.099665019876231,2.9566078855243108,0.5198848394393177,0.49575555698991725]],[-173120900.39297757,-173120876.66188443,[3.977292500715408,1.0,0.9404392396958796,1.0905307984928356,0.3861633244288883,0.7540417418666799,0.6007273557124424,0.0608308322764351,0.6056181859554216,0.9,4.252409744290615,3.0018936941738215,0.6469757474672874,0.6945312328034332]],[-173329098.39686066,-173329098.2248658,[6.851823720479155,1.0,0.9309295612729528,-2.0964068455861717,0.46417581094511273,0.7403539130930508,0.5742462091045073,0.556019131457702,0.40377705875643377,0.20825567492449948,4.29409958149936,7.600338726749567,0.6425682678265605,0.5150507210803089]],[-175285518.31133935,-175285501.40784907,[8.570846330060604,0.0,3.141592653589793,0.6321130933763961,0.4556197297834397,0.7049085726850884,0.7414583763536262,0.6094292821208428,4.0,0.6047098954058493,4.083839316941332,2.247989709778592,0.5345946890903159,0.5115333941746076]],[-179068546.03011283,-179068543.62274903,[0.7043012415825807,1.0,0.0,-2.604130772124939,0.5675518687783807,0.41054914521015523,0.38332066814248306,0.6734230094600795,2.251808751459003,0.34013328353671485,8.039770661310083,4.725153137371084,0.3789507859315409,0.5121906529246109]],[-180414087.49781138,-180414086.7640916,[6.25898951945307,1.0,1.8012217797755836,-1.5561358104673122,0.4798311833596049,0.698555791503396,0.18385805773614,0.044305076215399974,0.15992473607189728,0.5626174889676643,0.0,2.2146797003136958,0.4746306563349546,0.5552944282153713]],[-192445446.4868259,-192445445.50837523,[0.7652748013843729,0.0,0.0,0.7807179012888645,0.14853527290279755,0.4937730201353622,0.7739498742940788,0.646079773974948,1.5328476818479686,0.8225789883432639,2.9629112481348567,5.102717406759281,0.38364547576108193,0.4900816771674133]],[-196239980.75341278,-196239970.06818306,[1.0754373832765474,0.0,2.4601262820564704,0.2943228135696462,0.34873296927027225,0.8261741219692956,1.0,0.34135516988283104,-2.451009781995639,0.5072218838559196,0.5630092850743806,4.446692549066389,0.5637285810389081,0.2671496013989262]],[-213237009.6881343,-213236954.63247418,[2.2944702663300176,0.31060956144732754,0.0,-0.8706549973878882,0.6831059121150607,0.8675020291069229,0.26014785654842454,0.24278714425912024,1.2333690023613604,0.492936977032085,7.030555003567422,4.487864274095183,0.5626375334109492,0.36750234268318016]],[-238125499.81407496,-238125472.11371827,[4.7346918992034706,0.6519234536013716,1.76403320573708,-0.6686521157460957,0.2615102891127995,0.6958633794172703,0.2592516420051093,0.08722900751007895,0.08405950037709786,0.8539770986247027,5.254672793706289,5.371096305367567,0.5131681923247032,0.764671477009472]],[-263066059.2804709,-263066059.21192086,[2.4764253290683036,0.6026405134558678,1.006705503450683,-0.7754465648039599,0.0374466285546276,0.9693561893487235,0.3452178552633943,0.35186200977504944,-1.7003590166702134,0.41407598823659186,2.4019282450582335,2.7322602588377753,0.47604403361319975,0.5095444975065053]],[-290954789.860257,-290954789.8541273,[4.994110677893179,0.6790684131176498,0.05256238450913231,0.5988038899839406,0.6822070477982881,0.9053253996734449,0.6194173378899142,0.22820211837943866,0.5791116333720163,0.9,5.862874991533748,5.01092675916108,0.6181932647283997,0.6210320893991245]],[-291931731.15622276,-291931719.4878395,[0.0,0.0,0.0,0.6525359437801106,0.6684461783975166,0.6003265767082162,0.9058658137261182,0.2707034496813878,-1.1142559164017658,0.5888058560281964,6.722388074182433,5.517968538325191,0.42082756662208753,0.47722594347801783]],[-350425507.8421556,-350425503.3340961,[0.11072000837789187,0.43016350886156046,2.3941263350137243,-0.6346779523158288,0.0,0.6642678973109897,0.2096180983363069,0.14155362336391475,1.0366796161952492,0.45124246311760263,1.8283866673054656,5.064855983491754,0.5403862420537033,0.4835551592221877]],[-362572780.6426774,-362572779.365641,[3.0964489654105574,0.0,2.604074706954364,-1.182506109182254,0.10161190543927978,1.0,0.0660442325152592,0.26629542980448584,-1.2983452050000492,0.6733830481186599,3.047765313077263,4.816970455510495,0.41387990135703784,0.5598428448096773]]],[5.410003542486995,0.575982035769116,1.3187802058392881,0.21803589148976238,0.3929644387521891,0.21086013035405252,0.5181848342630011,0.48148322420316125,0.5242304842378597,0.3540253124103689,4.103947298455969,4.767535233550755,0.5171951636979172,0.4263533289338698],[24.995249500405674,3.576490186210922,9.010941658903727,9.31001420997901,0.24304896405321483,0.27392577724897316,0.2509579875022625,0.2447333777816466,9.157222736603238,0.24919997255506549,15.657511217798856,15.573758095863093,0.0381929249820321,0.039762644073488215],[[24.995249500405674,0.13313096814515943,0.002870080068921399,0.25386566081882483,0.03490432004069745,-0.03963515973282616,0.08994115594568775,0.0971595635714142,-0.3201142766190938,-0.021655483288582047,-0.12788099277865278,-0.33086826311700807,0.013769204214209258,-0.003415056355040191],[0.13313096814515943,3.576490186210922,0.028795155831112074,0.03694257927608987,0.005031524042196053,-0.013237404720191127,-0.00390875841053561,0.007425066770267182,-0.05739747679692296,-0.006861821702782335,-0.022434178413140316,-0.13364854002646098,0.00340766787771042,-0.0030895844666598005],[0.002870080068921399,0.028795155831112074,9.010941658903727,-0.047358290585084215,0.030390276430348365,0.04274414513360381,0.007666186290847766,-0.0009948558449528752,-0.03210346541069643,0.005765363912626746,-0.15037333048067544,-0.17513212532468375,-0.007277904182678416,0.0033896002246795553],[0.25386566081882483,0.03694257927608987,-0.047358290585084215,9.31001420997901,0.003320137183269019,0.05767809998259749,0.0891031761323784,0.03720509474232649,-0.19320770127007308,-0.00015316911418268431,-0.08668498399542504,0.1340342434479972,-0.015034273818415645,-0.01428750012964448],[0.03490432004069745,0.005031524042196053,0.030390276430348365,0.003320137183269019,0.24304896405321483,0.012906775496016754,0.007184780928227167,0.01115196159617778,-0.030439161775211918,0.014633569843362181,-0.014830677761621908,-0.083337481473719,-0.001139359872940042,0.005748095544707308],[-0.03963515973282616,-0.013237404720191127,0.04274414513360381,0.05767809998259749,0.012906775496016754,0.27392577724897316,0.0025943556325479606,0.003225338363078856,-0.08069109932071976,0.016678876083208612,-0.046400546853607685,-0.06784336831769017,-0.0035485920802879847,0.008401901663653712],[0.08994115594568775,-0.00390875841053561,0.007666186290847766,0.0891031761323784,0.007184780928227167,0.0025943556325479606,0.2509579875022625,0.0068131848167404686,0.00916112856420207,0.006549853874758426,0.002604433238540557,-0.0057687570198509935,-0.0031620041650514143,0.000273453497597088],[0.0971595635714142,0.007425066770267182,-0.0009948558449528752,0.03720509474232649,0.01115196159617778,0.003225338363078856,0.0068131848167404686,0.2447333777816466,-0.068411198912414,0.006853920576089403,0.013687987123858639,-0.10840322431809657,-0.000732291835484376,0.002820279800748583],[-0.3201142766190938,-0.05739747679692296,-0.03210346541069643,-0.19320770127007308,-0.030439161775211918,-0.08069109932071976,0.00916112856420207,-0.068411198912414,9.157222736603238,-0.0836760268001277,-0.17895871020903414,0.6735863578120246,-0.017883754713330008,-0.03118800109442777],[-0.021655483288582047,-0.006861821702782335,0.005765363912626746,-0.00015316911418268431,0.014633569843362181,0.016678876083208612,0.006549853874758426,0.006853920576089403,-0.0836760268001277,0.24919997255506549,0.06490529402414087,-0.0876953853460773,-0.0023686760672703014,0.005582531751127324],[-0.12788099277865278,-0.022434178413140316,-0.15037333048067544,-0.08668498399542504,-0.014830677761621908,-0.046400546853607685,0.002604433238540557,0.013687987123858639,-0.17895871020903414,0.06490529402414087,15.657511217798856,-0.06849009455397054,-0.006807019974555873,-0.011399613841704919],[-0.33086826311700807,-0.13364854002646098,-0.17513212532468375,0.1340342434479972,-0.083337481473719,-0.06784336831769017,-0.0057687570198509935,-0.10840322431809657,0.6735863578120246,-0.0876953853460773,-0.06849009455397054,15.573758095863093,6.275845442881394e-05,-0.0337857229697781],[0.013769204214209258,0.00340766787771042,-0.007277904182678416,-0.015034273818415645,-0.001139359872940042,-0.0035485920802879847,-0.0031620041650514143,-0.000732291835484376,-0.017883754713330008,-0.0023686760672703014,-0.006807019974555873,6.275845442881394e-05,0.0381929249820321,0.0001845582818993521],[-0.003415056355040191,-0.0030895844666598005,0.0033896002246795553,-0.01428750012964448,0.005748095544707308,0.008401901663653712,0.000273453497597088,0.002820279800748583,-0.03118800109442777,0.005582531751127324,-0.011399613841704919,-0.0337857229697781,0.0001845582818993521,0.039762644073488215]],0.6313813950853492,[[0.0],[0.0],[0.0],[0.0],[0.0],[0.0],[0.0],[0.0],[0.0],[0.0],[0.0],[0.0],[0.0],[0.0]],[[0.62111476729047],[0.28776315064697067],[-0.6076208950008444],[0.5505046419118403],[-1.621482763611669],[-4.3801827115978025],[0.2754822320062758],[-0.2805108175470964],[1.323595455008765],[-2.2113719691923985],[0.19683733004880063],[1.4534248444610516],[0.651224257354562],[-2.7891853496856114]],1,100,-46797473.751315296,-46797460.25123942,[4.206606745231777,0.5677311916732588,0.8830411233660143,-3.348018994522932,0.26311055619817403,0.0,0.017097053888777747,0.40642756252471307,1.0911822562673648,0.1,3.6537267342916917,4.346655740018172,0.6177847113851545,0.44580735110326397]]
