["generation","mean","variance","covariance","_sigma","_p_c","_p_sigma","iteration","num_evaluations","best_score","best_evaluation","best_solution"]
[[[0,0,[3.6816826264531404,1.0,2.076591158495478,0.8180791365889168,0.3473315792573015,0.6047993132356635,0.8087486543688567,0.10857327440973308,-0.8017547552358233,0.41831239942783227,4.549621958946003,0.9177485746369869,0.43011126481571055,0.4175220348118922]],[0,0,[0.4358178124631875,0.0,1.1240902135662112,0.6814043545272166,0.8660579164521593,0.657948185512115,0.8004698669713382,0.7319664359428552,1.9417626593495485,0.5501012018182071,7.7154888741577725,0.09801982268503595,0.406422410745077,0.5029028271138594]],[0,0,[2.194174008437604,0.0,1.9366016399863142,-1.4611143191856422,0.2430193732484765,0.4472288044246579,0.588459372534067,0.888770893449929,0.3901640508050163,0.868242399748179,1.2454702482146311,3.066987914861482,0.4181546844653575,0.41811040561564455]],[0,0,[5.37793119875098,0.0,0.4647848837410633,0.7155025737424762,0.2093955184618873,0.2968921905748986,0.22765116986369638,0.37214674628063116,-0.6698458734986144,0.4952089863381757,4.92020116320391,4.2985098330121945,0.4397340109413129,0.5821430687658635]],[0,0,[10.728564762122364,0.0,1.822592627583186,-1.915665782540108,0.8521743230398995,0.4669951619120573,0.8064091777415328,0.7999563535286623,-0.006550484765957008,0.6452864719743376,4.374138886971063,4.5866753870747035,0.5122178028230973,0.39002991434089107]],[0,0,[5.525138978538571,0.0,3.141592653589793,1.3668688246908156,0.20441187696328728,0.7093888459158625,0.5470334638385121,0.6102993430492885,0.8284845945514074,0.46985342163723,3.893495767385391,1.4962022325439226,0.5307914121600004,0.6090121093686244]],[0,0,[9.185063441695657,0.06933875111757476,0.0,0.9135754100041442,0.8037564537556521,0.7371309673630579,0.715524662157765,0.8957839218493182,0.08366999228237593,0.9,5.383173175323613,2.7867173676268706,0.516837844085786,0.525559354095726]],[0,0,[0.3276074340026911,1.0,2.3828925211421845,-0.4867846172043769,0.48651527649938164,0.9185519008384444,0.7722236085560201,0.5330272394725375,-0.8657555612964074,0.7809916367604642,6.204193796785527,6.263944010509919,0.5188666419477168,0.5203424841240547]],[0,0,[6.035672097014508,0.0894340317241552,0.0,0.002300268259096317,0.0884534328493426,0.5896129521207659,0.26086626244003325,0.5501061192148858,0.40128121839547326,0.1268399923031298,0.8968516738015766,2.075746785081906,0.4323471131914662,0.5396763807502541]],[0,0,[9.21018559361135,0.0,1.5908180885914875,-0.9210596872005854,0.06324814397619682,0.4161358284974575,0.37581843437154594,0.6145963834369702,0.8369035279324456,0.3765917855482006,5.534083070473538,2.880147231930608,0.5224479160606521,0.42864460086260003]],[0,0,[3.037043936515529,0.775318838994782,3.141592653589793,-1.8001069373938652,0.5045529313604824,0.5287207359152551,0.5065618360620192,0.6573430845109742,0.4184500642458282,0.6437843483378141,4.565907627261081,5.969534416282195,0.46411445313974287,0.4692783079104626]],[0,0,[4.935163058212802,0.0,3.141592653589793,0.7865870563598534,0.32008112263683886,0.3949690097815263,0.7676719254016225,1.0,-1.9958155968109312,0.555368378552299,7.331355673842841,4.780348921594765,0.36310279180689164,0.45294294146054237]],[0,0,[3.3569914540008687,0.8078743927305201,0.0,-0.7396336745029487,0.8561050755225807,0.3611084579459293,0.6686674044839821,0.5370748069726825,-0.6192730143384908,0.7995769188126014,1.8650865170912718,3.7384688349557518,0.550928088510707,0.7402481942041143]],[0,0,[0.0,1.0,2.8264065723355816,-0.8635010647780748,0.5424014793334578,0.6816482144450919,0.521024705175879,0.1778435939616273,-0.616922159160603,0.6471129719135437,4.895261640391364,3.0142005514005397,0.5964360468785002,0.5689318115276805]],[0,0,[6.172501811682857,0.0,1.0062032021178078,-0.9406209636470533,0.44130034754538705,0.24698119065691,0.34865770280847963,0.12007723646379714,-1.638600769395412,0.7998161004415101,4.9993661817309185,7.383121085775827,0.5015590704014785,0.5171073995206902]],[0,0,[5.608723540115098,1.0,2.821070398564313,0.7084970509493836,0.033115802998934074,0.1564744351285221,0.21437991439551773,0.9382513412384539,-0.16184040059842073,0.6909426126836923,3.1388732217336326,3.7564111108485703,0.4801460194714565,0.45066957460660406]],[0,0,[1.4356320067376718,1.0,2.4531716399589607,0.6470081489239703,0.5541133858473632,0.24668637909390673,0.411715354780955,0.428498155484217,-0.6363741840273047,0.6539063620325749,5.220854769047305,5.365249128891963,0.606950341719499,0.3965170265225117]],[0,0,[1.109847965297357,0.0,0.0,0.35921347582158963,0.6500756838150571,0.5919855632222606,0.35627067202126705,0.3130012535099277,-0.08528090473006703,0.4517876818666353,2.4618445389054857,3.0210499026441666,0.5507418766545471,0.4137298386657607]],[0,0,[4.140097364416578,1.0,1.6120230337006158,-0.18769322194245633,0.5684085892313115,0.5044116783370953,0.3077031624756747,0.757695563014338,-3.853915323937019,0.36952638178419617,6.692802487817135,3.306270945502518,0.4500625953584425,0.5602799758971025]],[0,0,[9.23572598985476,0.0,3.141592653589793,1.6381884192717904,0.35825458396886023,0.6091692990667419,0.6528198727374084,0.36355843394452997,0.2654096350197529,0.9,1.653783487107483,2.6188825297032503,0.6482931900999852,0.34689182765728654]],[0,0,[7.004153332150976,0.0,0.9732258122266526,0.6164139847508779,0.5494471289915095,0.5785000154381575,0.8319851504121855,0.36619150284713503,0.5068743382894133,0.5782786309421539,2.8171191628364074,2.2407563075481276,0.4118187630011283,0.6318481127979321]],[0,0,[7.808467167918023,1.0,1.529592124427264,0.39402811849618835,0.09602703720637451,0.5200427021677483,0.649379306578166,1.0,2.274295125662973,0.18543999338366995,0.46590123864333055,3.6968354454042083,0.2605917782101612,0.5949741594963509]],[0,0,[2.952707957805763,1.0,3.141592653589793,1.120265594104212,0.7217313869038623,0.6229279547716496,1.0,0.6892700044834241,0.4854464648035281,0.5367422773847037,2.6307781571521103,3.6322798042526987,0.38169738094770006,0.3865166239176399]],[0,0,[3.055577673374484,1.0,1.2085751241303408,2.331733857595912,0.602166600287983,0.5458960592906211,0.5039960802697843,0.1257675290694809,0.7939393309627769,0.5374180632018796,0.8997024296858323,5.315994570886458,0.5982903139165784,0.5758422273169872]],[0,0,[5.475420258231299,0.6514001443126162,2.395128104872553,1.5285475630031402,0.20897691343858876,0.5789231364829811,0.7115083529462329,0.585786599349197,-0.22861666042255369,0.2856248028184953,4.450753464706517,3.3573289853872286,0.3208089522795328,0.35846492624005877]],[0,0,[5.822224163050754,0.0,1.1906830383241194,-0.7882349886056912,0.18912103236196076,0.6199911470458019,0.9242066276083122,0.16174313877381774,0.16262221990783352,0.5893661731996345,8.440250806042952,7.659979486283898,0.41516130425532083,0.5731897218822012]],[0,0,[7.958693467540224,0.0,3.141592653589793,-4.0,0.08933673886943022,0.16334174931221446,0.7628508497105091,0.3382292299264239,-1.6837834583064173,0.5082575619497882,4.5192654656258675,0.7890995684161801,0.38299749033353414,0.4491020853074789]],[0,0,[6.900718868298837,0.9454099269860905,2.6291000120616723,1.2816316574870377,0.20362775580058157,0.6926185816097629,0.41616636624305214,0.5069415343049165,0.12607538922400674,0.32222442745974106,3.2166600379648727,4.044907849477488,0.5089959888536671,0.3307154318889166]],[0,0,[5.009831921295436,0.0,2.8933341463965254,0.9127602299220334,0.18664545573685531,0.5367828885245052,0.6018397915525937,0.7725460443971179,-0.8184051121030307,0.5985264895548514,1.6905414621926775,5.723141515599728,0.3613592562956015,0.33556514109837887]],[0,0,[3.6137878751921817,1.0,1.3356399814523114,-2.796778476081834,0.307827450958436,1.0,0.4497910361403903,0.6378486104658878,-1.566205217858343,0.40022076832164205,5.178663584951809,6.688274032337907,0.5310753882302036,0.3618554626750733]],[0,0,[2.6201348952094383,1.0,2.873357262627454,-1.010399343306795,0.25035002103819326,0.493418832342283,0.12890813143215113,0.7021185878858277,-0.7193448729017914,0.492814555481936,2.996699236614503,0.0,0.6314687679704779,0.5081308412427413]],[0,0,[2.159812771769203,0.0,3.141592653589793,0.36308453661373313,0.5209045400358382,0.3665621579607931,0.5942647533121155,0.39631232117998516,-3.0797700324510195,0.7165611147555534,3.0638375742015485,2.859802595917508,0.39662446785146055,0.478321745864029]],[0,0,[4.652348687051918,1.0,1.6466341309713333,-0.708412956278196,0.7415157638182557,0.35517131720583806,0.7444937309840932,0.579621698304624,-1.7472450609968928,0.45026597102335275,4.590674477348575,3.0218969382254963,0.40667668633698884,0.7284445647804634]],[0,0,[5.042965118039598,0.5489684643354095,0.5018925838124784,-0.3009749620666118,0.7503470670896286,0.9378595441236242,0.8545419241578172,0.8288238775098166,-1.630440979858399,0.4567726018424055,0.4637046738021193,2.8353349381874593,0.5207352057559165,0.5821688253650242]],[0,0,[5.403213409301716,0.0,0.6849074922563221,-0.33374389109635,0.8346343405557883,0.3579577960299488,0.47358647833030615,0.10566479283585867,2.6769428266767137,0.46764445636242197,3.164427030477009,2.898208738364437,0.44907194050042953,0.5265348608410906]],[0,0,[9.2377367190618,0.0,0.8354715788854226,1.934427039270469,0.825538196975981,0.5698486275874731,0.2312686273152199,0.6070498060144879,1.3606320744545561,0.36255624598812985,2.54193650010637,4.703203887099791,0.4861245158771475,0.6036428878034843]],[0,0,[9.013896212991853,1.0,0.0,-0.6426555474746214,0.6720659219426595,1.0,0.6025093724555789,0.3648318426167836,1.9773859648779677,0.7605032975921708,2.751338446082995,3.3541699109643512,0.3385902220995717,0.6184583190449948]],[0,0,[3.386941488167376,0.258844832860492,1.5570085638812696,1.074248825133398,0.6145377854764095,0.6434994461843441,0.8699442792204553,0.5013667281316626,0.050188292633916054,0.49854570416636657,2.9423393025240334,3.4431395015915958,0.5297840861550986,0.4520357669563689]],[0,0,[8.32529185205268,0.2420836751632507,0.0,0.6912293822339015,0.4080206351745629,0.3206124026399698,0.3302737623387625,0.898263669609779,-1.084817116164967,0.16708999960926207,4.166889164407375,2.6551778343863024,0.524331149116006,0.5723743719047543]],[0,0,[4.71690226137031,1.0,2.4332114493928003,2.336933737807102,0.6172179309812207,0.6560165684193504,0.441033587395333,0.48838368819010475,1.6643053977067321,0.7209170568578339,2.5390992170890394,4.334683548694653,0.41991638205563064,0.5827229041404671]],[0,0,[0.0,0.0,0.8707738943828267,-0.26988847674119315,0.43918506593424583,0.48554381187186896,0.5939075836513383,0.31838172798920505,-0.2055729090976187,0.9,1.7741980342247365,5.755276050100206,0.5117597127203961,0.6021567790907426]],[0,0,[5.472000811379247,1.0,0.0,-0.2325857029389772,0.6946049148180424,0.5578343806777776,0.507294107751348,0.0,1.0637267417719423,0.5059205340310541,5.738900194744595,2.637467044879833,0.49583466731066667,0.6952640759680367]],[0,0,[6.0891832455546675,0.0,1.5481984257368229,-2.0602493895517333,0.5514985231578765,0.3999047777222249,0.22175851251158546,0.7198234734819371,-0.7227797309615728,0.2586294262519675,3.943391501459923,6.15218608575395,0.49440166021532683,0.4748062215946763]],[0,0,[2.6968216935627556,0.0,3.141592653589793,1.215659448199434,0.45311086284378893,0.53899164508751,0.5981986312536327,0.5718624764541623,0.3320737522953229,0.30075836304671233,4.1501394303757335,3.976628074298111,0.5151622023901709,0.44871998269181557]],[0,0,[5.88925191701213,0.794202878826766,1.1696923847942748,0.743570536166197,0.3133075567951804,0.3246178232986011,0.49530049038123575,0.31131877491479787,-0.48043605792341715,0.6040036975757541,3.785764805442575,0.8930599621693482,0.2999116738602319,0.4026152177845036]],[0,0,[0.0,0.19934258390464482,2.0459635664412374,0.19808591008740775,0.45565243106180214,0.1304509763184244,0.8157377226335703,0.731539426256439,-0.2915769390102763,0.43173998878573405,3.6638610377405105,4.440502235196133,0.39721252577540495,0.45581983595266523]],[0,0,[0.5694355201842631,0.9879280106556945,2.6749859460024368,0.7290598427685703,0.5763519641438961,0.15992382514644365,0.7479118405334275,0.6171751999246781,-0.890661976301954,0.3873868682768486,2.56793241592515,5.697452165979461,0.5255369987099449,0.5838698144144839]],[0,0,[6.588177888324247,0.0,0.01434901521056009,-0.3753012871666167,0.19667170256545558,0.848388279778533,0.36345091472181523,0.7154644452235819,1.2930901015536491,0.7182754177658233,3.6073429464303683,6.544385096095017,0.6389797162256962,0.39461675775599503]],[0,0,[4.65764053510334,1.0,1.6795466869204791,0.8633429021953503,0.9518680570220395,0.741339602653626,0.46550134934472687,1.0,-1.5621632159506484,0.46337699153371575,6.841989274189295,2.769184491661501,0.42065263830850086,0.5439848429659173]],[0,0,[4.976044706859919,1.0,0.0,-0.05913585505931494,1.0,0.3599484058673722,0.22334875098821239,0.2884017723745878,1.732142811935753,0.39046845822992726,5.665942142868631,2.3225546761248377,0.48693778415812344,0.5936414883357055]],[0,0,[0.15514334124352303,0.0,2.293715361748402,0.740588761584651,0.0031501672061065022,0.5785223410007921,0.39462567068942656,0.7488895163973733,0.6443123275519439,0.3815033657390009,1.258982838970915,4.777682125966937,0.5764463969482211,0.4119509335257762]],[0,0,[7.344957370649444,1.0,1.6319620455026649,1.9052799689642919,0.6565567631123337,0.45125492521258503,0.7148197205458657,0.14056424492103642,2.2874415859504005,0.24261553545225872,0.9386137527128047,4.531217301768074,0.5496885132354062,0.5172278903687859]],[0,0,[9.552233893894904,0.9140350133455211,2.390557278660551,3.3804338632975095,0.98619808634742,0.5812795806784345,0.3803826957056993,0.351439631935664,-2.029358615995931,0.4898693264927617,2.3920490147691797,2.2257118406978655,0.4955052859958261,0.4274037601088786]],[0,0,[5.821700005006958,0.0,2.3126385450247655,1.670802660951397,0.9293010171651936,0.12403358746625054,0.08655592686867097,0.6805537019458245,-1.15078836653392,0.8119904367663053,4.040065335617807,6.902243728564401,0.5574337438490222,0.6231246931525498]],[0,0,[4.111091354006087,0.0,3.114148903975889,2.454165639552543,0.42474986329987263,0.9302328803544868,0.666915749704877,0.5896606253544572,1.8136576556131419,0.31158878396064726,3.3269463091226275,5.947665004924925,0.5303001385338004,0.4950706002617221]],[0,0,[6.95331690776083,0.0,0.0,3.115726323853899,0.18633546325393752,0.9028097107593487,0.934045319014227,0.6329670518387306,0.8923743820055635,0.6304907639703218,1.0006990551912773,4.9054480949993575,0.501798796980799,0.4081673192534422]],[0,0,[6.7135120166887585,0.5927714439221752,2.220155192202752,-1.3916100795043698,0.2678177860154392,0.4319834245416335,0.09294199645570228,0.5880287734211087,0.18131903712025474,0.30715237670592993,7.827338831254489,1.6741884735483783,0.5477882218622809,0.48185841654187866]],[0,0,[7.846378673660803,0.06619884432783235,2.8921066147329464,1.2907458255000872,1.0,0.12328725583526612,0.5240010708769549,0.20516901675553595,3.0627794841376517,0.7158305494917612,4.340041397790897,5.0797676537143115,0.4774415943438298,0.5244494702037488]],[0,0,[7.62072170730635,1.0,0.10417575318569128,0.4178848500908736,1.0,0.09900029054611509,0.524467906783058,0.4089888412611236,3.201663766331738,0.45393922906736583,2.9251485948685314,4.627310821360884,0.42163698753429535,0.4774459020141717]],[0,0,[4.15465397778675,0.0,2.0013760025978655,0.3140447619508706,0.16629748305999492,0.5642331525193629,0.7000808107910107,0.41599347652052,-0.04185514367630708,0.4216464569350976,1.5652932944323474,3.1666719514332904,0.4636736273908296,0.5313200568914372]],[0,0,[2.325916538614859,0.07830034117602502,0.0,1.0142637947338473,0.1101837144996401,0.5720610525141057,0.7848477000538877,0.5862829069379922,-1.8595473073789064,0.3942573792912177,5.713184605106555,1.0777854046714057,0.31820198596754223,0.7315540798950779]],[0,0,[5.887560018190562,0.5630921592894427,3.141592653589793,0.09860866700092012,0.8368466646701909,0.5432341637800759,0.4458712464535537,0.10355939813307108,1.7833680166473864,0.9,5.264932084656218,6.8409894882199636,0.49676078024672177,0.6211757089108637]],[0,0,[0.0,1.0,0.31078696860470445,-0.8292682434384919,0.6983571675669805,0.7962014202690824,0.4674453851487364,0.9556825509669943,-1.646111597373167,0.1,1.5313868612159385,2.025816669606801,0.42715083976144275,0.4789438486675351]],[0,0,[0.0,0.0,1.3203828771800272,-1.3558847013340318,0.06594028948464431,0.5379332627023973,0.39339290471180904,0.599297636984912,-1.921499351381099,0.39398046721609825,4.056393626554863,5.63314779172173,0.6004249415493441,0.4763719324691942]],[0,0,[6.174000624551133,0.0,1.4918564985200877,-1.0412304280371656,0.6289364270574016,0.5608229294600748,0.5338220313310935,0.46848647691258494,0.9736106229185602,0.3353131783021105,1.466490416335422,1.8041512748165514,0.5016846846142254,0.6597895456431138]],[0,0,[8.535630492871466,0.2859542199336913,0.8753930913359926,1.3355880253535108,0.897737027127872,0.18632022562357986,0.17381228574599222,0.11813730314607479,0.7551747316754467,0.6128545767896543,2.028530302783691,0.8792448272562727,0.4701486765541791,0.5415051608706136]],[0,0,[5.768912591910698,0.6696558397632456,2.9478779121740386,-0.1439240561431087,0.44698191737290704,0.8522785274726103,0.7655545605719886,0.5594131638407592,0.06804769238239035,0.37677153112300443,5.065520506563158,5.687509585489238,0.4327025005277379,0.42521374108860244]],[0,0,[1.8473997566526306,0.43435368655463646,3.141592653589793,0.01406393002723018,0.3821561292465162,0.06438108129930076,0.7002570581441793,0.7061467492627586,2.0169017134321274,0.3912075768101767,4.2406488624017795,5.9594608224059815,0.5488084180228726,0.4809022732224644]],[0,0,[6.935167216162839,0.1856050020652492,0.9117741472652111,1.3727274774317493,0.4423736101757535,0.536659641597774,0.4785586165689961,0.638980913855316,-0.02907310512706189,0.29699691690703367,2.35209170795967,0.0,0.4978244653414616,0.3496184000275585]],[0,0,[6.052442614559874,0.3007995840789854,0.28141803327955417,-1.1586039142865723,0.7723954750210245,0.7343223315452643,0.6209656066832637,1.0,-0.50296389389098,0.1,6.80046310856266,4.1198527149651065,0.4218906314770551,0.607976473050707]],[0,0,[4.292419363407106,0.0,1.9166253099818413,0.6012522208842445,0.1940379774909503,0.358257857016785,0.3571171243839157,0.2905518156901472,1.166406940242425,0.5810809776351862,2.6203602077675034,4.015148211257314,0.3576144287859203,0.5827541253375749]],[0,0,[4.333524191816925,0.1668912066346453,0.10463427285365423,1.5938736766136326,0.42797842613765275,0.9383600277737767,0.5015664741529594,0.41486909170159697,-0.4309525411673699,0.16499585649003373,5.292999236738259,7.020007360564922,0.5277062151238053,0.4887074369258219]],[0,0,[0.9216911260714236,0.28154141474828204,0.8260907196242877,-0.8857008964345539,0.2975902705182577,1.0,0.14821519151338014,0.4679286002412946,-1.1037061015176324,0.6969642304266155,0.0,1.8162419538347305,0.5858547292161299,0.4912816224313119]],[0,0,[6.054539998733224,1.0,2.421875437198283,-1.8622701066518674,0.2684698187420927,0.28452616218097126,0.2172744752632838,0.5214289173038866,-1.5408846239432303,0.3333080771478947,5.482029998292664,2.2006199622927296,0.530036190547831,0.5257788664230988]],[0,0,[4.142659517075549,1.0,3.141592653589793,-3.9694528512637266,0.7981499604570079,0.697132164280291,0.6537183730649154,0.4227003138406793,0.2608246486937034,0.6963951824912171,4.0984004386247115,5.3512003587624735,0.6345414322688969,0.650748352089925]],[0,0,[4.027065774097575,0.06120316440678819,1.137486850915025,-0.948543072787278,0.5984789215677934,0.44939787355228766,0.5411632936454844,0.8091788253258575,-0.33132577570879834,0.10123784818730763,5.998645703136943,2.3406419589233134,0.47765214982460835,0.39152109955259373]],[0,0,[5.122165219178939,1.0,0.26327627710495993,-0.23532659608554207,0.28358840188128775,0.2557644052489312,0.16817524444051857,0.4862077142474944,-1.8135406281848745,0.6054607505257542,3.015533146609212,3.829671499784008,0.5186902577961994,0.5978914534495161]],[0,0,[1.982373681162679,0.4996402304473583,3.141592653589793,3.028663505305768,0.4069160486199686,0.09960355930037984,0.5351485623196895,0.08733839487641204,0.2210542298678882,0.27558377021071667,2.674040114031014,2.327135734058335,0.49745818342430964,0.5264870996311019]],[0,0,[5.546802612821356,1.0,2.5691192651734456,2.207411849586546,0.19242808523270055,0.24132043998323693,0.7842519185997254,0.8520464921066603,-1.6844794214935541,0.4015817008375264,2.216812354294456,5.120272840775133,0.4469287451420066,0.6225400656722302]],[0,0,[7.241600495712895,0.7114327990841034,0.9301492078591942,-1.394609230824077,0.7217023244585735,0.5847809167339975,0.8330958027985147,0.4470469675634797,3.2498341900807564,0.32695666547448937,4.129228075589267,3.2741966032174328,0.5926590894046522,0.4043837233406159]],[0,0,[9.969206021786368,0.0,2.536431447058871,-1.5398578188976981,0.6680241570788443,0.2453168655891112,0.5103243042994947,0.6161863591214878,-0.7070198253077297,0.5059136075037763,3.228082133377872,4.822376600353305,0.3699769246126236,0.5832520154671943]],[0,0,[8.766114570479541,1.0,1.3433495718397728,-1.548289128804714,0.3674379464279031,0.4487394471914644,0.2788702623403642,0.1005371876468108,-0.6039111777233221,0.8964199197462663,5.9654776780581535,3.014635986462528,0.4855633707711446,0.399784596932011]],[0,0,[8.55038274651805,0.0,3.141592653589793,1.3406701607223008,0.2067926709941706,0.601177793643193,0.4461129433883402,0.31471881524262757,0.42772603003914383,0.2527118131590051,1.538956825930712,2.668849900470444,0.4541876324172299,0.39500660652701103]],[0,0,[2.8913330189075395,0.0,0.0,-3.1289348064904723,0.6281625536343239,0.4713874115183036,0.5567621448417777,0.0,-0.6618389631136633,0.39603922915382445,2.860228288490446,2.6749047448283747,0.4957997117205955,0.5291125668280969]],[0,0,[2.900961201204853,0.0,0.5957942389744185,-1.3323447830977861,0.7060269418167113,0.4298767109390359,0.8094145022132988,0.29343217780034203,-0.5752672131665827,0.6455330363969815,7.274692899848288,5.1881623560296255,0.5090497767365063,0.41050852201820953]],[0,0,[0.0,0.3112782418413281,2.6431210276535593,-2.068279011273083,0.620140143971188,0.6233124037626251,0.7855806839172336,0.5115990586406676,-1.2559392140722,0.6032095395590845,4.024729381170107,5.058873367049175,0.4685094409672321,0.4715703139687315]],[0,0,[6.737755624039781,1.0,1.285065670194136,-0.478309744310893,0.6348462442265819,0.7973087067857784,0.5494622915742984,0.3203344176648415,1.1860052671817365,0.1,3.164759672795018,5.4220236396082875,0.4729154996925411,0.5412725656677031]],[0,0,[3.687823970257532,0.0,0.0,0.8490901646963679,0.45914813628463647,0.4486647940909936,0.13211336862027612,0.6034558986236096,0.7110053170642832,0.7501376103397968,5.857567000598083,4.0395722899641875,0.3166301071549999,0.6010683164905136]],[0,0,[8.026008866266505,0.9437013800871656,0.0,-1.1217798611705883,0.17196795079436294,0.23218780490442936,0.4244687472525119,0.8029837858124478,1.066963596902275,0.3151226069170924,3.0097996151689688,4.463034682356443,0.6299341718759551,0.6167441799290285]],[0,0,[7.574532265596172,1.0,0.007606122322626252,0.288956001201809,0.7326940035408104,0.539033876540897,0.5350857413772875,0.8397577995391188,-1.3791915042944058,0.4014228810386792,2.1282739143970164,5.692941888436472,0.4161761124724575,0.6260419538507147]],[0,0,[2.9182109863745844,0.17497054899962622,0.12100130291669475,-1.24551863112401,0.40019722189805534,0.07577376890853488,0.4500330160923667,0.9382051793021416,2.5063631765298195,0.1294028406088189,0.45142994096628053,3.43546443778821,0.47969657014599565,0.5288689859738372]],[0,0,[4.522720868439378,1.0,0.5085401738412862,-2.2525319849986913,0.3250549677627179,0.6011791142149907,0.7114931747208493,0.8286992439324312,3.0756526392809276,0.33357199871481535,3.730049846102582,2.5308422009077916,0.3796948602792199,0.5440719758625195]],[0,0,[8.02697878858363,0.0,2.168205237589325,1.2166357891585822,0.653696575205382,0.47377479508701287,0.3448979290686468,0.6483026379776065,0.3284246394264324,0.2632212322024491,5.411636382617749,4.227841037890076,0.5660426089487406,0.4336240603010775]],[0,0,[4.9110722059599,0.443588802830203,0.7859198427277745,1.6153180542570982,0.13888512286962618,0.7984433996319641,0.41338655561434445,0.3099375874784947,-2.8206866493108134,0.29550533113268895,1.4010106132582134,6.28272015394869,0.497651848569229,0.4142617639833281]],[0,0,[8.153304636255207,0.5619440077821619,0.3682888201712271,1.2343539688346992,0.0,0.21957709814560644,0.32717389957018905,0.6427909610915453,0.25660314894808106,0.17093656314289174,7.318215035440787,4.408384840451644,0.5292867582714559,0.22767722791638684]],[0,0,[5.952143630184611,0.0,2.3505704261482707,-1.5123166407288107,0.970629084845811,0.4055747731707122,0.5474247262031049,0.31517091249499385,1.6615288275320634,0.482550989274192,0.0,9.0,0.3915444963708997,0.5111877519745436]],[0,0,[12.428422305960247,0.9383567464724891,1.1860368657453693,2.8479029307673285,0.744794056433447,1.0,0.4692150412118379,0.37182091042393184,0.1411432700601146,0.7052963456150589,4.843934557347801,2.8001586197334545,0.596960667094021,0.410819251142187]],[0,0,[5.928612390531732,0.6868075824557843,0.0,-1.1840839838675816,0.25937947503224007,0.41153499845887664,0.7171366482097383,0.6314942336658921,1.967498780307555,0.3255735945984195,4.96204609006275,2.6596583993454423,0.3737775390722907,0.3561276515354063]],[0,0,[3.064869996927801,0.0,1.512602832841834,-1.103187176178268,0.0,0.4869736116078615,0.7390158641684244,0.7084241060505525,1.9400912214031472,0.569261602441474,5.889597366412287,7.845646450095883,0.6212361539008269,0.5095507658842219]],[0,0,[3.5155258693309364,1.0,3.141592653589793,0.9030029716895853,0.48979176964997484,0.320491022858604,0.5622461074095785,0.3270562024072503,0.1443975068081221,0.9,7.754042555464217,8.291333939976603,0.43319449736286575,0.5891185737772152]]],[4.555245436258614,0.3681240287342418,1.6997833742094306,0.021190933948369642,0.4444780209973094,0.5373198620948015,0.5988418462337648,0.5653969862562361,-0.061605283950562785,0.579026982368319,4.383793671824087,3.157990953306604,0.46950956676405897,0.49048391259011226],[26.469514433492236,3.6086530921765227,9.13755926841237,8.466520419532502,0.2552627870946796,0.2336536026287529,0.24698522348168025,0.2576160033475764,8.441686235791257,0.24116346070803743,16.005338091441647,16.22970560177597,0.03801870224567011,0.0386026547638553],[[26.469514433492236,-0.1968914225274311,-0.254321142461462,-0.16380603488508377,-0.0324531710903888,-0.07545367854399004,-0.06266824381489065,0.05159245330417505,-0.07173484854736158,-0.04597185990574494,-0.6157061770939741,0.7114075816172822,0.023127908063299965,-0.010072233483979398],[-0.1968914225274311,3.6086530921765227,0.0609014431609263,0.020851741917061403,0.003937660342179891,0.002602767163738073,-0.0038761984640667624,-0.02945102326536468,-0.07933574601077337,-0.012489272078076794,-0.05458330785776722,0.12160050172143112,0.004630030760085689,0.00023457604479626954],[-0.254321142461462,0.0609014431609263,9.13755926841237,-0.030320020656891117,-0.03908820661104023,0.010041927277191293,0.033030420141656136,0.011304211852511927,-0.07221161203238682,0.013817620448962871,0.1030783092112762,0.00552427332188787,-0.0012262639628498112,-0.01710942836253064],[-0.16380603488508377,0.020851741917061403,-0.030320020656891117,8.466520419532502,-0.010309506919880055,0.021296466056330697,0.004460251202526297,-0.030329433893693292,0.05830868277018745,-0.028889154180888166,0.15836459705641567,-0.414252466620965,-0.0028826696417287544,0.007843618333146342],[-0.0324531710903888,0.003937660342179891,-0.03908820661104023,-0.010309506919880055,0.2552627870946796,0.004665320281876248,0.010368213102186325,0.0026961817467288105,0.024894164494300156,0.006469050100487483,0.08123448868189562,0.018316911687540276,0.003026343840423138,0.0011632460393416317],[-0.07545367854399004,0.002602767163738073,0.010041927277191293,0.021296466056330697,0.004665320281876248,0.2336536026287529,0.011365385928782244,0.0009050077397221645,0.021016571273538506,0.0017788041512399157,0.04494470050827887,-0.06529489947796158,-0.0002783450490650478,9.249470019784353e-05],[-0.06266824381489065,-0.0038761984640667624,0.033030420141656136,0.004460251202526297,0.010368213102186325,0.011365385928782244,0.24698522348168025,0.00631875116400277,0.014230181863696761,0.010149264065213645,0.08660154416609372,-0.11228306403881015,-0.0038355993095943977,-0.0026901853067338253],[0.05159245330417505,-0.02945102326536468,0.011304211852511927,-0.030329433893693292,0.0026961817467288105,0.0009050077397221645,0.00631875116400277,0.2576160033475764,0.04036194766494602,0.011253988449121443,0.017632641412707366,-0.025001658377505953,-0.0036043779918093093,-0.0011665532975126377],[-0.07173484854736158,-0.07933574601077337,-0.07221161203238682,0.05830868277018745,0.024894164494300156,0.021016571273538506,0.014230181863696761,0.04036194766494602,8.441686235791257,-0.009313275819652857,-0.09978838079217053,-0.3795455835294944,-0.0026995129003648654,0.0018399480766752492],[-0.04597185990574494,-0.012489272078076794,0.013817620448962871,-0.028889154180888166,0.006469050100487483,0.0017788041512399157,0.010149264065213645,0.011253988449121443,-0.009313275819652857,0.24116346070803743,0.021226335889306183,0.013853817184583749,0.0004947897991840727,-0.0008326081389664236],[-0.6157061770939741,-0.05458330785776722,0.1030783092112762,0.15836459705641567,0.08123448868189562,0.04494470050827887,0.08660154416609372,0.017632641412707366,-0.09978838079217053,0.021226335889306183,16.005338091441647,-0.3224745938479144,-0.014033434926759219,-0.0025139833660805153],[0.7114075816172822,0.12160050172143112,0.00552427332188787,-0.414252466620965,0.018316911687540276,-0.06529489947796158,-0.11228306403881015,-0.025001658377505953,-0.3795455835294944,0.013853817184583749,-0.3224745938479144,16.22970560177597,0.03465244622569341,0.007627840117623601],[0.023127908063299965,0.004630030760085689,-0.0012262639628498112,-0.0028826696417287544,0.003026343840423138,-0.0002783450490650478,-0.0038355993095943977,-0.0036043779918093093,-0.0026995129003648654,0.0004947897991840727,-0.014033434926759219,0.03465244622569341,0.03801870224567011,0.0005120334608243678],[-0.010072233483979398,0.00023457604479626954,-0.01710942836253064,0.007843618333146342,0.0011632460393416317,9.249470019784353e-05,-0.0026901853067338253,-0.0011665532975126377,0.0018399480766752492,-0.0008326081389664236,-0.0025139833660805153,0.007627840117623601,0.0005120334608243678,0.0386026547638553]],0.817613366110234,[[-2.536679495583414],[-0.7521610783616729],[0.7356839593051449],[0.12086353243212289],[-0.31667233384980914],[0.21285566618475707],[0.5637493239812894],[0.3729949226684184],[-0.35136876236273007],[0.4507342748440311],[2.1889860548276103],[-4.8024399477210356],[-0.1739036833043942],[-0.05427547186424885]],[[-0.6737591233577377],[-0.4994475944469065],[0.3109929035346954],[0.05350361092073883],[-0.8411030026370167],[0.5653589556743956],[1.4973560947706284],[0.9906995840487998],[-0.15554317479273472],[1.197180528383444],[0.7267617607539739],[-1.5944504098706234],[-1.15474967783526],[-0.3603982529794664]],1,100,0,0,[3.6816826264531404,1.0,2.076591158495478,0.8180791365889168,0.3473315792573015,0.6047993132356635,0.8087486543688567,0.10857327440973308,-0.8017547552358233,0.41831239942783227,4.549621958946003,0.9177485746369869,0.43011126481571055,0.4175220348118922]]
