["generation","mean","variance","covariance","_sigma","_p_c","_p_sigma","iteration","num_evaluations","best_score","best_evaluation","best_solution"]
[[[-67258095.05704257,-67258093.97863108,[4.952069869211939,0.0,0.0,-1.2280725131723886,0.5569803620720639,0.0,0.5310109675354894,0.44439699257297655,-1.135502293624513,0.25060132079960756,3.5101089814320057,2.622829297889623,0.5490383647070189,0.3694683433410709]],[-76818832.14680108,-76818830.74896878,[6.870729336330415,0.0,0.4638140989002426,0.5728772337960141,0.3270521051309626,0.009200400942652953,0.07680902525648581,0.28878750579773993,-1.1981841070764927,0.4982416040425988,7.665728499915118,6.5015165355189914,0.413890662207546,0.3693511787906001]],[-80764303.93226221,-80764303.90258682,[6.031161238418346,1.0,0.968574915496302,2.374929571437933,0.22834536359983737,0.49106856590526615,0.7457270556512511,0.822203792624429,-0.9794458300097719,0.12162646628938595,4.446795866781279,5.751416025811231,0.5339253527756922,0.3623456835934513]],[-89067450.30628835,-89067423.15147018,[2.390633107567435,0.9861666636181068,1.2895704490834698,1.7349105395659314,0.488471830104735,0.5098477725117281,0.5308238854028108,0.9491280344206074,-1.1919321344460991,0.1,3.0615516540026433,5.187875470088086,0.5248097503368128,0.3111963358963584]],[-100191173.39838111,-100191172.25324452,[2.629229494361844,0.0,0.0,1.6105100962450911,0.13418725240388163,0.3069506117993327,0.8361782684796312,0.8655397146939559,0.20027869122988495,0.48601749461609667,3.9209991185047137,0.8138659595363569,0.42875639562595336,0.373729537657782]],[-102645426.62740162,-102645426.50129539,[6.025252747485466,0.0,0.2945816612369552,2.735346146717896,0.44072608167763644,0.618040433915706,0.7806558464465193,0.4942090049467879,0.5070510772598479,0.1,7.363247346805395,3.457455937216002,0.38729611044614365,0.42864845610982044]],[-103406840.67292587,-103406824.5669468,[2.110215284239742,1.0,0.48678514196695044,-0.687132322219237,0.6820405785545092,0.1555721733254023,0.06729539111164623,0.0,-0.20504364000110237,0.18873917054867367,3.8171805214188317,4.868840262367452,0.5777108924038573,0.4966932928470694]],[-104206952.02757993,-104206951.7572015,[8.999093653444,0.0,0.670195805081677,-0.11420938910660569,0.1465312595953011,0.32015030075038536,0.19243033293558176,0.6807139967071096,1.2548844374342445,0.5248599959486082,4.116324167248468,2.437642177105731,0.660103743726951,0.4115776406698463]],[-105063742.48194267,-105063742.48185009,[7.456381737785298,0.04865070778478331,2.2725397791926714,1.5829352044945018,1.0,0.40480644702113616,0.30477791785823294,0.5378196306620442,-0.7321643571801152,0.39796251320692133,3.7284387665405205,5.027276322712586,0.5023980876230495,0.4442826886082597]],[-105089059.83920065,-105089059.54115409,[7.593499198034703,1.0,0.9923275433119467,1.4157597960212123,0.7628576330774235,0.18139286690676365,0.5943995737678827,0.23560239886288653,1.1344305674286885,0.46384244737091557,3.234661807803894,0.3029158448014013,0.4142979945391969,0.4883284556123867]],[-105597833.82988921,-105597833.59944803,[4.4989442675684925,1.0,1.3035780206960008,-1.15508314063943,0.7950072352679471,0.279487590387307,0.6967444130010412,0.6065270173045642,-1.389870545061021,0.5644461302776823,2.3909511955888263,2.593152647963131,0.6456573032920768,0.4271552537976375]],[-105836856.27927418,-105836850.09846747,[5.10449258238509,0.6730529212370869,1.6331189514098206,-2.5019564257273816,0.5120101240597871,0.18058897589928952,0.030387375858754284,0.4240593767552619,-0.2200667837136756,0.6505112290236091,4.157413384625491,3.222687388712388,0.5252464108625691,0.4430704282998521]],[-110513924.57079332,-110513924.27501374,[2.318675601584526,1.0,2.679734181788326,-1.0127280486586216,0.33627658232856933,0.33918669661915235,0.4862319189147075,0.46566814661203126,-1.204123330767961,0.5184871718230551,4.735449391056448,3.448451528825432,0.5115786805483564,0.30459036888901525]],[-113042547.1527467,-113042463.71558368,[4.814654332700142,1.0,3.141592653589793,-0.5303645950904284,0.5595303686599193,0.3075035141143687,0.618859495124975,0.2865604958527518,-1.7846324111619931,0.3349895031602489,4.230882869923839,9.0,0.5880615106513666,0.5258695663693335]],[-116406247.79480392,-116406233.3160156,[4.779515666462741,1.0,0.8708310593238182,0.5453867429853534,0.8217379781857845,0.18312742522061864,0.14672655076037083,0.0,1.2873458011787777,0.5434547504367858,3.548661312048404,3.949168705549955,0.469455472148205,0.5167723794201883]],[-116600859.02702221,-116600858.59640402,[1.871544789280137,0.0,1.093943877371346,1.350891034419238,0.3062391940576331,0.4077810639501108,0.43385353580031805,0.632529613574313,-1.026245018295391,0.3104661630012743,2.9503381138132467,2.130533946323737,0.41322479213887175,0.350382277898862]],[-117408005.81588793,-117408004.36465442,[3.8233296810080755,0.0,1.0380449573373811,1.5399678674559387,0.37250042339740075,0.18651739324583455,0.5614093497436189,0.46097256969782807,1.1639452637211507,0.7484509193786404,3.9744867471538883,2.198184346636938,0.6631273445553083,0.4266738409074456]],[-117645810.44037294,-117645810.44037294,[6.608817657811894,0.4579191198890433,1.5074521588891445,-0.9037974660311107,0.4940891297229459,0.2411567286059183,0.45504016102799655,0.38876223918029884,-0.6048272931315293,0.4913315392596975,4.05894402921932,1.994720320188092,0.47755420297651896,0.532059780901244]],[-121353533.17644529,-121353532.99150455,[5.050597241903681,0.20625634349037575,1.6416348569805523,-3.253055901287923,0.23973079878290365,0.4990235991118312,0.5123893924190949,0.23109576364733908,0.16934834658685458,0.1,3.9237719504726014,0.8353084011577074,0.4963931500610785,0.41342892229434375]],[-121671262.98132445,-121671244.79077119,[2.5973538527412705,0.5461797322763116,1.2578079121611125,1.6425262128203424,0.8583946831069784,0.6126062754360795,0.24910962765898265,0.25078186305664146,-0.21186541395557332,0.3766514149199984,4.259545223399857,0.1788678549709548,0.39241850932864775,0.3462534462478717]],[-125594463.37621674,-125594463.32764089,[4.731134435974806,0.0,1.2883837832751275,0.48523286159138307,0.41170912537095405,0.388088845862684,0.4741436868148793,0.4505597082383084,0.4807247727690991,0.6740253085855927,2.27720129846354,6.938561588862187,0.5101231822047047,0.4316660525309147]],[-126518085.34168573,-126518085.01203579,[6.092624953270178,1.0,3.141592653589793,1.2774472916656383,0.47132161562531044,0.1435428047654851,0.3629589380030547,0.5059726418362726,0.3039671918216779,0.6745785662751864,1.75174781791792,0.0,0.3300238481926024,0.5371234924525965]],[-127180452.01368293,-127180444.89495647,[3.019617055183298,0.2600166070544058,3.141592653589793,2.1766187600692133,0.5703951535000688,0.5056645709815684,0.4188103074019226,0.6966863605171845,1.7879925190642276,0.5872951102053785,1.943079648047143,8.725498740616349,0.5466726215155587,0.41192692590010205]],[-127207368.6854178,-127207368.06146145,[5.8683160091063495,0.0,1.1617962438168221,-0.8654308364619656,0.710555809251417,0.5708954931123448,0.3694188224510155,0.6029867533636643,-0.009987849014744043,0.1,4.4772110287317854,2.738643145723419,0.4258329207981103,0.30917040657006817]],[-127289546.95128694,-127289540.65546095,[3.1564582195106983,1.0,2.682713999469774,-0.9913257471073009,0.2314152224874767,0.10600661827764485,0.8425624518218102,0.40381245253451653,1.8008009209988765,0.21354595422565759,2.420994887932103,3.435248697097241,0.6265386219168825,0.6557327655335656]],[-129254044.99915431,-129254044.40641445,[4.628225614881652,1.0,2.3211968770541125,1.05414906967574,0.43288961976056894,0.8910164698885641,0.44890547370938116,0.25967901468429205,-1.5867226731782105,0.832729000464824,2.3042158375167903,2.198989215215001,0.5494623010081574,0.3094434061956788]],[-129394615.81207506,-129394615.55937779,[9.052021514195118,0.6852171681204375,3.141592653589793,0.0322119821258458,0.607101789223488,0.40545338533368264,0.7878825181863256,0.3483142886791628,0.7595974187258422,0.40443669836678614,5.858299614170413,0.0,0.4848110695110704,0.4986025004103331]],[-130839892.34284791,-130839887.7923944,[3.8648918324354904,0.0,3.141592653589793,-0.9347550686335055,0.32959258047523854,0.3601005330418975,0.6556580854977574,0.4973006419298168,1.4615109279761676,0.7327756972256565,3.855040757821062,4.485591429185894,0.6928894872419179,0.4277562020207449]],[-130862702.85745002,-130862702.8504026,[7.988069402304658,0.37296518473232476,1.9436307841722646,0.4341704474685959,0.09837038609430188,0.2792806525482502,0.6132797682805118,0.42865988459032583,-1.5799369564447638,0.5396144427413534,6.124513756040632,3.2489578073098513,0.5326628781985332,0.5364217914331357]],[-130965262.30187473,-130965262.25325614,[5.418604949765941,1.0,2.112896484431859,2.2664481998333326,0.18854047349868625,0.48646695348917207,0.29173228344063407,0.5431292442171788,-0.6888184533143167,0.5477918045636004,4.131634016291431,3.310298754368907,0.4619013257817444,0.5175071085136217]],[-131603206.10025604,-131603156.74511766,[6.323987091560047,1.0,1.1146534269952775,0.13059156152704865,0.4903740554286863,0.15230303319021588,0.9770733130543944,0.35851867331895015,1.8722911593191847,0.9,6.872491916069849,2.377153704809578,0.4691670630223713,0.5109063793593095]],[-131660276.35409468,-131660276.01934493,[5.271014359199286,0.10151094709032271,2.881345054178155,0.2853719943543612,0.4335715470216189,0.4584058643915239,0.05131126627067034,0.44159426998688656,-0.515860275559713,0.3247106012314488,4.0190278399632,5.105893630930532,0.7305806296878312,0.4774659730524904]],[-132550163.53643623,-132550163.40277529,[5.2752681900986635,1.0,3.141592653589793,-2.6032420455383254,0.7685401609901106,0.4141298471314907,0.6594200934632066,0.5076029780152151,0.835468416757325,0.3822424790608036,1.8436716068192438,3.426194978213813,0.484020989635626,0.5217323812595213]],[-132758570.47891639,-132758570.33880585,[2.0956682164716316,0.8496717726835921,2.544717299187621,-3.316380398688974,1.0,0.419581374394265,0.511258662085271,0.9269387643182657,0.6807692781683822,0.777314425761451,6.357327417118837,2.628076011749893,0.45113548405049675,0.3715418385974434]],[-134348445.76862523,-134348445.39838034,[4.61668103924604,0.580178096247038,3.141592653589793,2.284771199182047,0.09761465327695845,0.8789540451085487,0.475390010253674,0.4072706131227686,-0.5350123339122321,0.6516765077663728,0.0,3.4955068581680764,0.3931607829584769,0.4522755067623109]],[-136624827.66825655,-136624827.19825828,[8.408522026031108,0.38137654379217417,0.0,-0.9919888631574432,0.7320877209838197,0.35868866254614484,1.0,0.8925274798101515,0.8238404357579137,0.1,2.665627556135853,4.5368422637375625,0.5780727916766643,0.5862010124376608]],[-137955864.6743397,-137955847.38747573,[2.2901705101914582,0.3153530364792055,1.1818116214958896,-1.9464653800327298,0.24021436868773133,0.4553661243797522,0.603024722695408,0.09568079846493299,1.025458675273028,0.3472708826766535,4.134512941626849,2.2045533600838167,0.49364732810215084,0.4931725664669517]],[-137965106.58654973,-137965093.80136633,[7.098185195630296,0.0,1.0819678310485485,-0.5605241080017964,0.27483702842034585,0.4242904609154561,0.9692577262810235,0.4260749154316106,0.8839900154270917,0.1307247947320883,6.652523611981975,6.380317765630817,0.5345224012643082,0.5358886820231209]],[-138152083.7840019,-138152083.16205984,[6.393705654480526,1.0,0.6111021109288303,1.457319699848666,0.903248337202636,0.5491683827672875,0.6002369761321299,0.40062186744102,1.8900654788361395,0.6370414213504265,5.465505411552073,2.5250776356520985,0.6559715773318364,0.5167088791374115]],[-139096988.09918,-139096919.58836108,[7.78406022937361,0.0,0.0,1.3903974557117058,0.19762778868412967,0.22888986868388633,0.6611126252917516,0.0,-0.922031279862227,0.8516956188655938,5.685719337486601,5.787944926393594,0.48598423732080703,0.5316300041885892]],[-140472612.96293414,-140472612.96293414,[6.120085433298476,0.11836070976760937,2.5797400370622103,-3.333560770797794,0.7558401902375176,0.6166342936777404,0.6560421775613284,0.5151482232625813,-0.12261742680203874,0.35161803645629763,3.864017811808169,0.8450627668647561,0.5008755080789554,0.3391015192174592]],[-141585977.4671247,-141585976.9817649,[6.148934088138355,0.0,1.093056991940521,-0.8834676154868581,0.19472176671393643,0.5239450832373256,0.2810501389032711,0.27466192567487957,-1.534379176500094,0.4029539064856558,4.003402125984516,4.2169029989757725,0.4210136593995097,0.44762734230925677]],[-142921633.497199,-142921631.87141132,[8.503964683662405,0.0,3.141592653589793,-0.5291742857077765,0.017950301220361342,0.5236446545521966,0.39285519938340063,0.6184390864744693,-1.6741195323707054,0.1883971104647053,5.792594941534016,5.891454079435512,0.3994142503988267,0.4059879247922292]],[-144638969.88617826,-144638969.60135388,[9.536546022828865,0.37784890231856655,2.376827596217924,-0.3863368122914762,0.49994841870459417,0.3949112517937706,0.5089869518700508,1.0,-0.11612864056598363,0.45371753513461077,2.3632087765905307,7.112444012847719,0.5233354965461008,0.5390223267260918]],[-145857765.01146698,-145857724.02710074,[8.194682581066072,0.0,2.2422944888739114,-1.6828592492335903,0.46147351140806125,0.38083832756747166,0.12120862670954569,0.28890567197464756,-0.006047284626711726,0.9,6.371511183642841,2.192845321719571,0.5574568746182079,0.45754413853314857]],[-147200518.77543804,-147200518.5330776,[7.61263526748684,0.0,1.5217704428190728,2.443184784325625,0.19265000258720938,0.24333876486416978,0.5396825307731643,0.29793786929591093,0.5838304037230233,0.5965859700277387,5.282443727883822,2.342864582563674,0.3399218352273445,0.6084066892456366]],[-147775950.6180762,-147775930.73351395,[4.789725607399291,0.9629021714629238,0.7180302886946234,-0.828568047802908,0.3809342408622758,0.40295410081440586,0.34260594679838385,0.5320306130805188,-2.7328350035403024,0.5968933329321672,4.505523940077146,6.760618942359511,0.4543728994258455,0.5572092953754723]],[-151821592.07172805,-151821591.44645882,[6.673677647193225,0.0,0.2910573205884752,2.8009941250480654,0.5486650813761944,0.2825066028978799,0.11860672882246798,0.44651706718726863,-2.1958009472603592,0.9,4.740703312395481,1.78205944302311,0.6173486921133933,0.5475976642770548]],[-152007619.44701153,-152007619.13014102,[7.382891502593941,0.0,2.0563040439744102,2.015582499976295,0.48552573716525016,0.316118280854399,0.29924650078822734,0.7443011107510691,-1.559865772943307,0.35192323590803953,5.770885142839245,3.404515923947509,0.5847745053412817,0.7033625513596955]],[-152588085.26502168,-152588085.26502168,[5.445922628164261,0.8883510801403312,1.0301055996663782,-0.2919779843961899,0.6626260018544481,0.5307955607270767,0.46461919060887386,0.4887771657460851,1.3492141247019436,0.18977658354036853,4.167429918230903,3.542387388716899,0.6176622196113761,0.5261275053119655]],[-152704702.1398085,-152704702.13687468,[4.548982217409337,0.25911118176833037,0.8272571234103551,-1.736508535758103,0.48647876079591773,0.40886934388691376,0.642164327353387,0.5431085652925681,-0.8464310709533386,0.23913475086127245,5.613484214452084,5.508073201903176,0.4678367517629146,0.6433020377182679]],[-152776277.8464129,-152776277.8464129,[7.302197911045466,0.6601749000409064,2.261647597484732,0.2714094340986989,0.755876490253085,0.5275606954015969,0.41819415938727306,0.5548529592663786,-0.2696634319330771,0.1370386594821344,4.815791083227235,1.5109336433520504,0.4868866322556977,0.564214139906316]],[-153970140.58910695,-153970140.4410869,[5.052569786578679,1.0,2.2951874667382555,0.2824136957088392,0.7626734775486075,0.6706663412879881,0.41729717545101963,0.3048688740818737,0.027828676700577353,0.11976360747125703,1.0269566391858578,2.5410536962810193,0.43873604876341954,0.37127386110922145]],[-154556364.03255025,-154556357.85494983,[8.018733581770974,0.0,0.0,0.9399358467048853,0.525601304552531,0.45875004983442835,0.4916892438380475,0.4065849803216169,0.10878024762446353,0.2735148672580296,3.964334228370164,2.759013074815872,0.4844958286920685,0.5827380858709104]],[-155708627.43608063,-155708625.01123446,[6.165011712565407,1.0,2.7127714672768866,-2.0812549806581613,0.6646427978509573,0.36351996255994645,0.36692226380180215,0.807220267396846,1.3155764351968071,0.6910366630601508,3.4530606016950416,4.674639749953135,0.4929069460000999,0.5730239054302398]],[-156675534.46189678,-156675503.24356633,[5.0396269376913345,1.0,0.2775594829674528,0.984727129079981,0.9312897299644352,0.7204050564583204,0.20493973053505576,0.1325912789159332,-1.6377197744268501,0.5259241699120987,6.1829738278637745,0.7486820850710716,0.4562489099437325,0.4947158130679039]],[-157207078.43978623,-157207077.61592764,[5.585802955288483,0.0,0.0,1.0249927732499386,0.6930937671375264,0.8618556171809325,0.12729958434463445,0.6215845593720224,-1.4710271059287618,0.5686253218825544,1.504711451927835,6.072359303141678,0.37051941651699855,0.4946696321876064]],[-160234381.02930623,-160234379.5352813,[1.126075028054128,1.0,0.027733913953407185,1.776359340009798,0.0,0.4156567893230533,0.9673665288792028,0.3852167588252289,-0.47649178757387817,0.1,3.97754500639534,3.771531442657554,0.4615544484853995,0.5731026761558377]],[-161873123.55058536,-161873123.05908853,[3.949706405999646,1.0,0.21640031734618836,0.9225481082735867,0.48895253812889633,1.0,0.27072402426550857,0.39143195565772754,0.05568452384478977,0.24055390715638286,3.8564742092393534,3.865303053742351,0.3323925261245119,0.4151294533900653]],[-163210226.88920268,-163210223.50604868,[4.627393745370774,1.0,1.401550668972166,-2.0627175025361875,0.16347353107341672,0.32155627466694503,0.25885882588734105,0.23075952076095702,0.5884126627078494,0.8618305153211475,1.7256432449248829,5.709369245342796,0.6119214788828018,0.5615006034589252]],[-163559903.25764993,-163559900.31748354,[11.147795819725474,0.7439101532064258,3.141592653589793,0.9643927106044827,0.764295292314045,0.7838130218249038,0.39667538358394144,0.44071913059140305,1.6857817756926763,0.5383181116676188,2.105454309578519,5.838176834059299,0.633397805042679,0.5702419052541849]],[-167083356.81788546,-167083349.0545212,[4.31680824014813,1.0,3.1244149207635052,-1.2397988788580103,0.4631775307971633,0.7205020229905323,0.6745554173830506,0.34245484945872484,-2.521899019997143,0.35770606393069926,5.784248442982693,2.6692099381571786,0.5272555624050862,0.325003982441857]],[-168130184.0914498,-168130182.1094848,[3.315091641595763,1.0,0.018494394985511864,-4.0,0.3906338818363734,0.6300347314570156,0.8028881293779948,0.6267606481089762,0.801438800625651,0.4742173056724064,4.935297667751582,2.1969667888658875,0.4021823080217357,0.41755551348694836]],[-168914426.05350512,-168914425.93074512,[3.575137283644492,1.0,0.2623149685811117,0.8576081088551522,0.5157248834525027,0.7564674552619384,0.3188359676686995,0.6601668574191435,-1.5754960134207052,0.2821701979938722,0.47928564021868825,2.553915116675279,0.4897587650440096,0.358710871878274]],[-169257033.64510685,-169256986.86738586,[2.1967235318967844,0.9909776708178557,0.0,-2.032543514102675,0.7089774929374861,0.549960481902299,0.3670271233574117,0.23893767730158777,0.2111935998941312,0.6930559170080878,6.71171851754353,1.5966754224155109,0.5717065517360626,0.43477672587404087]],[-178192115.4705805,-178192112.45618486,[6.900934052390202,1.0,0.0,0.7738891395858164,0.7169267981942018,0.7325233660525815,0.2986597980312643,0.5933207716717228,1.2677492639854737,0.6481487397220127,6.3044205168866325,0.5322644728576722,0.5529934810261878,0.4034203444749913]],[-180017990.11478055,-180017961.6542195,[3.939123815934827,0.0,2.4146969717604936,0.711425650426299,1.0,0.5199554198704601,0.0,0.27543103658485635,0.32589795776260744,0.4358356298797493,5.323543946925201,6.159073513221827,0.42749469879173974,0.6066954057082781]],[-187182011.5251077,-187182011.500391,[0.8255406511727674,0.35367313238070514,2.7172576307904457,0.587895660927034,0.5023003844996995,0.27853948423926056,0.6903941518605125,0.8586723653268569,-0.1675942612517189,0.5022078542362696,0.0,0.7851387111328267,0.3545248645927442,0.5001904668059363]],[-187466186.18157777,-187466185.9871819,[5.663220538332293,1.0,0.0,-0.47694570047089646,0.5515371120147095,0.5296445829845517,0.6396847466977456,0.4441345392288367,0.3907146839150626,0.8173861368700952,3.6759688045696244,2.8270076783670115,0.528235723388217,0.5480131140842658]],[-188386286.12802726,-188386284.02025366,[5.54822411755565,0.0,0.0,-1.0288619270142028,0.25313544984457903,0.4799938001284186,0.32499552410886656,0.34479394017946113,-0.03521827845419698,0.9,1.2292795160634724,1.9387276674403844,0.31191886265470115,0.5839220034460473]],[-189089855.726293,-189089826.88686395,[7.544639577364315,0.0,0.5794164080488483,0.7518448793915498,0.18747211258231006,0.9420468798017263,0.3665918597410207,0.2494574955751428,1.900807127480359,0.685533926535076,5.336958045134049,2.285387664369293,0.3489768049296619,0.3979547801130894]],[-190817730.41620183,-190817730.12639153,[8.047905223597343,0.9461751522325782,3.141592653589793,0.6026269729372498,0.786210219857727,0.6894502599503562,0.0369358387409327,0.8009646042432427,0.4826771171109958,0.1514590129114271,6.329767502640683,4.637827770286864,0.6083744394202758,0.3999299924027766]],[-191549372.78948206,-191549369.6985922,[4.706327479704561,1.0,0.0,0.8687223240313713,0.2926982011568925,0.5934329142002338,0.5196885697965209,0.7019979424784835,1.2303604279452267,0.586683017163444,4.544523089058588,6.486341262598307,0.5221246158440895,0.5638869166030692]],[-192076722.59847695,-192076722.0873152,[7.109624615074376,0.0,2.047242310284055,-1.9808903900336183,0.36267526031660724,0.5682044737698599,0.3024593214965391,0.8408974608281219,1.4896899789275133,0.52979060475846,7.8027066399495,3.0860806280218034,0.4858847569423901,0.5469082199631641]],[-195619332.30935863,-195619271.2201867,[10.882804494663118,0.0,1.2674215574034957,-1.5283933669975722,0.4476092422257482,0.565897110630972,0.6450502136070692,0.1750875979003752,-1.8610268715122542,0.5903273359114906,5.075920108179583,7.722515908108756,0.5029303130090503,0.5957119265871185]],[-196144158.5899014,-196144125.59450698,[3.097522717815333,0.0,1.241685505034743,-0.5593114170671258,0.3267235124867345,0.5737873406727387,0.7263370065187471,0.22094123932313087,3.434552719064315,0.6512393896743038,5.731551287577167,4.592205558464489,0.4632651309459319,0.5146205682976049]],[-200751871.40337962,-200751871.283103,[8.708664367537395,0.8824635411860922,0.0,0.4647368021180951,0.5248230317917016,0.7221202746086934,0.3507427833128716,0.7280721612729576,-0.06307933916215099,0.6671794587462239,2.2338888550019784,6.931980767314842,0.46713077962981364,0.4116722289275213]],[-201765454.68274546,-201765454.68274546,[1.845961283632012,0.8187950773140256,1.089368151607716,0.41808034335542765,0.7351060808505748,0.6378791363672142,0.4643337440938085,0.5882232789674178,-0.3414863501291152,0.39270115596181754,5.331791149526005,6.076439628281271,0.47407370028244333,0.5602428427372854]],[-202629132.4190439,-202629130.77153933,[1.5060768297073555,0.7356053281310372,0.0,0.8005255574749894,0.3013498507187322,0.7264316157145465,0.6042580902097345,0.517578476361554,-1.3939271807603515,0.3491736248144695,4.393002343152946,5.408676431505799,0.46034695398954356,0.4550428882677118]],[-204742953.3134289,-204742951.26751375,[5.15239589723617,0.0,0.0,-1.912151480740043,0.5628199375628054,0.5195220107302548,0.848484261672031,0.5254558625251459,0.42961728247381203,0.8115186592743168,8.420536563247321,3.903328385266365,0.49178870174156253,0.6218987256444042]],[-210330489.72037485,-210330488.05397642,[2.376926413843763,0.0,0.5046079695368522,-2.812674667105713,0.603252296684766,0.7180872710209074,0.9713122719314917,0.5432832193231989,0.41762711856989476,0.2339402156136996,3.773265614714205,4.9854198993224355,0.42967408201021334,0.5109176189668773]],[-213954055.6920863,-213954048.26161027,[5.132960085824623,1.0,1.5436773191751278,0.5242047609717139,0.070644010400371,0.5373995737570453,0.6037473145720456,0.8935552768034092,-1.6121599072811366,0.7795596272351418,0.5407300451659922,4.3435477723005596,0.5784738971902613,0.5752538028084734]],[-214233828.0649293,-214233815.94473857,[8.88275315436693,1.0,0.9546298847448282,-1.52843016197307,0.8399392759400311,0.5718032849724881,0.8052736164659415,0.09993302928815129,-0.12709802138971257,0.9,3.3575473382614707,5.822649297062754,0.32854625732630066,0.37179898979748416]],[-217731558.9020653,-217731555.4822353,[1.8029675677933321,0.0,1.5688536307183778,1.483673291283344,0.89421492409378,0.6574558049497783,0.4262151635160917,0.1853629474534486,0.09160468254069754,0.4189716803816153,3.9624996162310153,5.466847098840918,0.4986804658462568,0.4892560015718397]],[-220221150.21612835,-220221150.21612835,[3.0981062239369965,0.12219481499638574,1.761590812420881,0.09110765239976497,0.41312060936127043,0.6940681936002527,0.5703072639158281,0.6414918674242108,1.8445697729343922,0.19835348395001745,2.0880543319243765,6.792196314330794,0.48700705894693336,0.4529190859256729]],[-221435357.24179363,-221435347.0091535,[1.2660946960815318,0.0,2.3475135871911776,1.151268830287353,0.897737008464361,0.5404694193791749,0.30865401039513374,0.17827655083844307,-0.3406499847539773,0.4683506998337482,3.1527958535701366,2.7740412678737405,0.5945511820323359,0.6228272473365781]],[-223669627.7991012,-223669626.8714342,[8.584449677992945,0.0,1.2134529226131963,-0.45717455191429157,0.8599382318928737,0.7367752337623865,0.5810015813549234,0.956180795046021,0.6179561911573759,0.408129067281228,5.658618082868852,2.599667339064318,0.6303824899738157,0.5728234651999012]],[-233324300.47693568,-233324299.06704414,[3.005265586403326,0.006693244388860875,0.0,-1.207537380262722,0.8044992402330164,0.7903004197612746,0.6185558470838307,1.0,0.9264881908470324,0.3205943095435635,5.603528187561698,2.864743432791383,0.5207812417619906,0.5058372309294965]],[-239692192.2216359,-239692191.79061663,[2.6365444964294733,1.0,1.5701170703882312,-0.13582926744444523,1.0,0.5701824970659303,0.5935954540069562,0.5642596091954402,0.31780480248479764,0.9,5.394876433423784,4.224551529617524,0.43773581455363275,0.678073457564592]],[-243566613.25454366,-243566603.3881247,[1.0162389038053226,0.0,1.5103890175165584,2.2035178507392956,0.6174011375439334,0.7080066823760793,0.4540351942743105,0.08944087342269896,1.6868955748709094,0.41400110959101616,3.002482386710142,5.221027771030716,0.371689374031162,0.474370314047228]],[-246588146.9620325,-246588146.43497038,[3.5238759174438163,1.0,3.141592653589793,0.4469515459322333,0.11111605362710225,0.6973657487726201,0.6023131267243287,0.48659756395212356,1.9700874342554728,0.9,3.6981300991881305,3.9796179516167083,0.5856809122344699,0.6149696475276778]],[-247949792.30356357,-247949792.06317484,[1.4825161018385238,0.0018164691214593298,3.141592653589793,-2.4018097674215966,0.3400348697046342,0.7938770625888957,0.44094052146720936,0.3112801492302104,-0.4787447215521613,0.5568706222532323,3.616568280305902,2.6377157868523637,0.7417449071687553,0.44842225347130926]],[-260904206.0790696,-260904206.0790696,[9.04699355031019,0.07827980109275479,1.2547815949744356,-0.23251839524975437,0.6696927979059213,0.954939968930995,0.42999204526527446,0.656805224085057,0.8058189299136674,0.5493834329227818,1.300088551611041,4.2415287138853675,0.43123686382150966,0.3688192521077762]],[-328068104.978561,-328068037.8402798,[3.996996617045834,0.5794627647072741,0.8596887469609806,-1.3742413254882735,0.48754938406027576,1.0,0.5141466130039913,0.010765520673917173,-0.38711615325164045,0.49234662318894273,6.114279938184017,5.442248323847902,0.4845731291033636,0.5301024378962607]],[-328094052.9270181,-328094052.5292362,[2.322844483419443,1.0,1.5961133907471718,-2.6273299421351313,0.4613918932459683,1.0,0.3518862918311109,0.7880691995539202,1.0656835567282763,0.7383838689287654,4.01903836336763,5.918360450169273,0.571064375869451,0.45122356291340693]],[-344902212.16588223,-344902211.2186321,[0.11799930764941813,0.7335968147824069,3.141592653589793,-4.0,0.09379155703573855,0.6868883755747779,0.326942517939369,0.6815713107060719,0.43594034606672283,0.1,3.590742425502752,2.8495166055784695,0.6119046564924224,0.42632991579334967]],[-366786300.1976046,-366786299.7618694,[0.0,0.5184547363724176,1.7361810496806813,0.8918240654056373,1.0,0.47495050180227294,0.42620768336943166,0.45151213496766296,-0.03421542932115597,0.6545957213139131,6.303241016263661,6.516994343629113,0.45025865511890717,0.6096746981195535]],[-371475617.496313,-371475608.4375117,[0.0,0.2942961249985976,0.5041680422342485,0.26407683170400054,0.7421512174719399,0.5900227592595875,0.22259822433710486,0.7100845993167133,-1.4991993233033887,0.13619542363365283,5.060301467416321,3.8839596374107375,0.48912518005258904,0.4928710008415894]],[-397578199.7476155,-397578199.48498833,[0.0,0.10337641474886827,0.7294540509617679,-0.4565626830630633,0.37774093248259993,0.5427194007600274,0.6884737868188995,0.7924769692389173,3.6541054510771325,0.6211293295212271,2.1972418817640875,2.7316347062531943,0.49438955888510433,0.5283387743789849]],[-433864343.6722603,-433864333.19301593,[0.0,0.8291155462815661,1.832233583169697,0.6323776541028415,0.2623236387050747,0.7882651180855136,0.17229199218917385,0.4226788209831692,1.4406413065476429,0.40276089023946576,3.211279321245903,4.992363971026517,0.4537925226741968,0.41338145390024617]]],[5.023684058145915,0.4519250111840728,1.0646597435972054,0.4571605113173979,0.4720110409308302,0.29093130749343277,0.4632893975434212,0.4974285246598128,-0.3735140425329886,0.3698341471007265,4.252918324121706,3.713736669275015,0.5073663037041192,0.4084870871122844],[23.7745046303232,3.614968099620455,9.160589559402696,9.046854761631735,0.24413564969600773,0.25928412225777286,0.2504166462153247,0.24993597748199828,8.400090535955773,0.24587929901506383,15.183792804883131,16.293624876137642,0.03834135188668191,0.04127386920388583],[[23.7745046303232,-0.11666285220378117,-0.02148151146481434,0.06498452265169845,-0.00034241071153264815,-0.027212170539655224,-0.03957360101592384,-0.030874404075024838,0.15466664260206264,0.03108990705589161,0.5555573127410026,0.05256973732073051,-0.004190003250634356,0.014138905388306469],[-0.11666285220378117,3.614968099620455,0.10041979074972389,-0.002120335273712474,0.012416776057418115,0.015128939478188073,0.005392663276290166,-0.0019814031891371565,-0.01749517611728478,-0.0027332281721935813,-0.1307685156698397,0.07796216220435896,0.003384779659564235,0.005445842046042355],[-0.02148151146481434,0.10041979074972389,9.160589559402696,-0.15212608602518027,0.027885048510828184,0.07877235168577955,0.006444204453759015,-0.0017476659065156909,0.08591820144875421,0.052703086252942045,-0.24804370649670654,0.2773714381772244,0.0038941097794333497,0.03054607381868092],[0.06498452265169845,-0.002120335273712474,-0.15212608602518027,9.046854761631735,-0.029362063625910782,0.03054455763870664,0.05479031691989141,0.07863458099391761,0.02429714228438412,-0.05594604945497872,0.27334018922070047,0.17348104075440235,-0.022382392187109697,-0.02846335466124574],[-0.00034241071153264815,0.012416776057418115,0.027885048510828184,-0.029362063625910782,0.24413564969600773,0.0010544313539659206,-0.005771487941611935,-0.01187246689130647,-0.00038913232835157996,0.001724875684053196,-0.051678911020117166,0.002835559332916029,0.00010482716793722728,0.0035519885550061984],[-0.027212170539655224,0.015128939478188073,0.07877235168577955,0.03054455763870664,0.0010544313539659206,0.25928412225777286,0.01335762969623826,0.01147158103565701,0.04770985950125651,0.0070740075691150305,-0.037864752674574294,0.03303041315404934,-0.0013813688013563105,0.007715016429351822],[-0.03957360101592384,0.005392663276290166,0.006444204453759015,0.05479031691989141,-0.005771487941611935,0.01335762969623826,0.2504166462153247,0.01670941234703888,0.00946661908683004,-0.004952721824897568,-0.03934929167006808,-0.061251116926740685,-0.0002656428661440979,0.0007357140150548972],[-0.030874404075024838,-0.0019814031891371565,-0.0017476659065156909,0.07863458099391761,-0.01187246689130647,0.01147158103565701,0.01670941234703888,0.24993597748199828,-0.015172781602799407,-0.00519317547539091,-0.039920458680272664,-0.004670846235630817,0.0008992168705753775,-0.004388886970789733],[0.15466664260206264,-0.01749517611728478,0.08591820144875421,0.02429714228438412,-0.00038913232835157996,0.04770985950125651,0.00946661908683004,-0.015172781602799407,8.400090535955773,0.048185847224252926,-0.11134454634443725,-0.33349798353543136,-0.0020933431375512418,0.030289961041919226],[0.03108990705589161,-0.0027332281721935813,0.052703086252942045,-0.05594604945497872,0.001724875684053196,0.0070740075691150305,-0.004952721824897568,-0.00519317547539091,0.048185847224252926,0.24587929901506383,-0.026336196679681376,-0.018924906546766637,4.972966859946135e-05,0.007141321550912641],[0.5555573127410026,-0.1307685156698397,-0.24804370649670654,0.27334018922070047,-0.051678911020117166,-0.037864752674574294,-0.03934929167006808,-0.039920458680272664,-0.11134454634443725,-0.026336196679681376,15.183792804883131,0.4306995327713035,-0.026049590391799285,-0.016957585398118976],[0.05256973732073051,0.07796216220435896,0.2773714381772244,0.17348104075440235,0.002835559332916029,0.03303041315404934,-0.061251116926740685,-0.004670846235630817,-0.33349798353543136,-0.018924906546766637,0.4306995327713035,16.293624876137642,0.011437324621842057,0.008558597227863528],[-0.004190003250634356,0.003384779659564235,0.0038941097794333497,-0.022382392187109697,0.00010482716793722728,-0.0013813688013563105,-0.0002656428661440979,0.0008992168705753775,-0.0020933431375512418,4.972966859946135e-05,-0.026049590391799285,0.011437324621842057,0.03834135188668191,-5.981327433258319e-05],[0.014138905388306469,0.005445842046042355,0.03054607381868092,-0.02846335466124574,0.0035519885550061984,0.007715016429351822,0.0007357140150548972,-0.004388886970789733,0.030289961041919226,0.007141321550912641,-0.016957585398118976,0.008558597227863528,-5.981327433258319e-05,0.04127386920388583]],0.589273059492848,[[0.0],[0.0],[0.0],[0.0],[0.0],[0.0],[0.0],[0.0],[0.0],[0.0],[0.0],[0.0],[0.0],[0.0]],[[0.03587900283632548],[-0.18207211887592084],[-1.2203154405722372],[1.1542548424456753],[-0.4240050145298755],[-3.1671836664205877],[-0.5561292754594673],[-0.038955305064571066],[-0.9430613135696589],[-1.9718837779374063],[0.4789327705483495],[-0.5420757494207608],[0.2789805170476153],[-3.465825029678211]],1,100,-67258095.05704257,-67258093.97863108,[4.952069869211939,0.0,0.0,-1.2280725131723886,0.5569803620720639,0.0,0.5310109675354894,0.44439699257297655,-1.135502293624513,0.25060132079960756,3.5101089814320057,2.622829297889623,0.5490383647070189,0.3694683433410709]]
