["generation","mean","variance","covariance","_sigma","_p_c","_p_sigma","iteration","num_evaluations","best_score","best_evaluation","best_solution"]
[[[-17683494.2317139,-17683492.37079811,[7.08207462231716,0.0,2.8594368365796257,0.05664648524765632,0.42241520996590326,0.4628555942892728,0.6626448206068454,0.02798927585018207,0.5648118434554587,0.19255144503998456,1.2999965960565878,1.5253511037304546,0.49967693349539827,0.3023971239935236]],[-20547315.833704267,-20547279.073373795,[2.6757050745206965,1.0,2.2734371783621294,-2.8163292263419253,0.4911260847001988,0.3286204313960652,0.3003942499321115,0.006844597275793951,-0.7946245049244697,0.2589342466360032,1.889118931649814,5.572806162993729,0.5110137134403419,0.33493683938470764]],[-21307996.719079144,-21307993.570803046,[7.573945650164583,1.0,0.0,1.0363688559875925,0.6602267724059626,0.314938942300371,0.4557877035929663,0.4863236120665635,-1.0526101578311546,0.1,3.0139399387811556,5.333040028407171,0.592069624384431,0.3439684358729611]],[-31931292.34692258,-31931290.481204152,[3.619766079370807,0.0,3.141592653589793,-2.8819791600488602,0.7613079828023053,0.283996012522542,0.4792400235924231,0.41481346440307326,-0.10602157488701211,0.1,4.257184657295104,9.0,0.7293769616982455,0.4221182669056324]],[-37044374.479683354,-37044332.22883916,[4.474770177077497,0.0,0.6110049788113505,-0.03133242718265003,0.7206187175873744,0.31188913248032046,0.7426417011935216,0.07407131630737918,-0.9070455693915853,0.6817005201674238,3.2788871958796832,5.541055200989419,0.48719468623301865,0.31163800508269635]],[-37649198.7583263,-37649145.10812092,[5.625486790690726,0.7537458495244979,3.141592653589793,-0.1101026890651677,0.6404118638720312,0.23287521132609879,0.0,0.4243392361876185,0.6236163572295929,0.1,7.111553263472458,5.545511947408455,0.5710998099415021,0.41139634055385044]],[-38267103.396038145,-38267103.36451745,[4.801949467883846,0.0,0.7261680176740473,-1.0002024329660522,0.38869948652019737,0.17511919810464383,0.7451579564496069,0.6389115750288799,-0.5719085473772166,0.10712064271662414,2.83633129941932,2.492920796683619,0.5168495382746315,0.3679972923436261]],[-40193453.74785446,-40193452.060261846,[5.787881940892474,0.9303449330116629,1.3184299031153692,1.4305861176253394,0.6893745224084739,0.42194293324020016,0.9495323752827851,0.27614018625866643,-0.3593046629698464,0.7295045714079422,4.313774627387919,3.7981868818813607,0.4670011771061491,0.30231581098431437]],[-43160101.51890667,-43160100.37721926,[5.624189769478785,0.6865438561635322,3.141592653589793,2.0285622637289418,0.721069602593062,0.3531360190004365,0.7333819756472302,0.4882756589196571,-1.765074687010361,0.3054797648002033,4.485806752917376,4.941888455669719,0.43030870174594,0.39777440598767166]],[-46142122.25121416,-46142120.201577604,[5.19455207249416,0.0,1.4266682915409414,-0.1851434283138397,0.7184755629874107,0.19264042301869866,0.51858186730997,0.6063106245503466,1.0917217101935945,0.406387878086743,3.881381231184352,2.6290010949150666,0.6505686022547659,0.3808464915114823]],[-46849987.64374159,-46849987.45451331,[3.6131124956179104,1.0,3.141592653589793,-1.6564284986838391,0.375012357339103,0.5282280796160911,0.5009185901631265,0.48222841156718677,-1.6442148711017894,0.6056746809998654,4.75616531594951,2.987585586522514,0.4552390323316369,0.40054013372624436]],[-47912473.03148947,-47912448.69956672,[4.095941382559047,0.3306520307351385,1.140905905426296,-0.9416953475901522,0.679925067675363,0.3192739594833024,0.619878912598042,0.1263595186199547,3.0065997385885037,0.1,4.884818544214135,5.27193694347838,0.4777765587469857,0.48772676712743335]],[-50566883.21246367,-50566877.53451538,[2.3593137208581068,1.0,3.141592653589793,1.7935768692277656,0.6468232269417086,0.5721854413583105,0.2548975851733004,0.5664089427528695,-2.2816063706165317,0.4053187766099875,4.282247920392313,3.7356201391744888,0.3625080263559138,0.39993434858136073]],[-51589898.22713384,-51589889.95806342,[3.2083258263369956,1.0,3.141592653589793,-1.021887161265664,0.3048499570147553,0.27569502022416253,0.6845983332100016,0.32179844650634126,0.4105893777950248,0.6272634688700385,1.926023801876351,4.138614416628234,0.5619450169373237,0.40902450510187605]],[-54376646.17905166,-54376644.60851705,[3.024928519640296,0.18010038628156427,0.10357166118570205,1.6140107411637352,0.7294959454842955,0.449237272456647,0.10608698557313412,0.0926484404342906,1.558260249550094,0.48549079034270665,0.0,3.6976954436397786,0.5554982864800349,0.37320111843207593]],[-54805994.70528804,-54805961.58019507,[7.934456647543149,0.10633102719922449,3.141592653589793,-2.5487265240698815,0.8489304071972253,0.3534551813961536,0.36529573090140216,0.3202119717966187,2.472760602958581,0.392169727698067,5.685982154126583,3.236008995289468,0.5037742888276225,0.5149003318632099]],[-55984687.3500511,-55984658.22173768,[9.817932719837035,1.0,3.141592653589793,-3.3601484867359153,0.6158770327735199,0.2989881625015212,0.009858789595890816,0.4538516145517746,0.9508970484529431,0.37530288442086945,5.30486162410174,2.4389774433250717,0.4355459847856785,0.5081734616686868]],[-56181038.036050625,-56181038.01630217,[6.481220635092361,0.8213235791521415,1.226936022925267,1.1977599317172751,0.6705708297824405,0.48431317972272864,0.7304762665762924,0.8147746665718633,1.3533083992444943,0.9,4.956113446223936,4.11788785364031,0.5691702606673475,0.30200718875309507]],[-57300130.6378533,-57300105.10100013,[9.683483376240027,1.0,3.022475807483857,2.806240782823246,0.31858450425885554,0.4824720313927883,0.0988641393583014,0.27999618243611235,0.7505257040525914,0.1,4.877364196425438,2.161123485836108,0.4772781334377141,0.3947517432421729]],[-58266506.71856605,-58266505.706861794,[6.179232349670179,0.0,1.8105226207722445,1.9556153504714717,0.35411246195769,0.1572916381896336,0.3025314579523507,0.8459109372158541,-0.1533605063257903,0.5018116809972741,4.277706702898453,7.907507877626463,0.37770361406034014,0.4144948390900849]],[-58570730.5616891,-58570718.17168057,[5.052933123873779,1.0,0.0,1.036243253324961,0.24151755269697933,0.6724842677399245,0.5340994726228601,0.6190101107473053,0.6059644806754538,0.5962291937749387,4.3593488219699275,4.547867352264766,0.5692205241483078,0.4413312317325565]],[-58692329.73052302,-58692329.00689328,[5.273809678061131,0.0,3.141592653589793,0.9173811887253189,0.3947030578325808,0.5088206679641252,0.49969905310056795,0.49926831823992174,-0.4793812055856988,0.25230764408127115,5.828340159189914,3.1136661796210907,0.5407898702135491,0.5191944237412713]],[-59187102.47919133,-59187101.883861065,[3.391861041285339,0.800340484680435,1.0450439142156114,-1.304328191683028,0.5235888449171566,0.26760599313582467,1.0,0.8264927947339433,-0.5591895042194566,0.22555974532332945,5.92103973409863,4.950430627966559,0.6498837131235721,0.544273943850162]],[-59637799.30833141,-59637791.65783638,[3.2885779083691653,0.6581986524073781,2.610538944296813,0.0967452671014278,0.814467332215897,0.20242108680272902,0.4610115705882792,0.39742693625272024,-1.4657332938241896,0.1,6.205508791557321,4.778552389111215,0.38918761633414334,0.4989847088818319]],[-62025983.68447186,-62025975.95178473,[9.487746312182104,1.0,1.0687089640847458,-2.1416649122077875,0.4160564601050005,0.2968403872763775,0.7962168770588851,0.16137174685395428,-1.017095534197443,0.5396480505270543,6.2023720753305565,0.6506348757023974,0.6817994203922729,0.48543186068805744]],[-62153779.940785155,-62153779.1769253,[5.182194112219058,0.927962259578026,0.0,2.0294786528950866,0.5201404152804183,0.6015144423042622,0.2839923023799317,0.5032871612765103,-0.0832813066609998,0.31586396101042635,4.220608124141934,5.0101521261960755,0.42206178950649853,0.460099411237637]],[-62567885.03734026,-62567884.25903952,[2.8630450918974653,1.0,1.9999602766491325,1.412930110119634,0.3379855857365246,0.2695450915516071,0.5098721185319611,0.20206355162468104,-0.556451512815694,0.571230455696797,4.73272939467468,5.276948089895368,0.32915460933100293,0.48018772791595654]],[-63249262.641080126,-63249245.80196434,[4.815090347376401,0.7467364830808041,2.80055726079899,-2.85402037388938,0.7384499173902778,0.16725778383023698,0.3542414776755183,0.5604591883762847,3.427531290823528,0.37253971390196067,3.918603320768629,2.7729872011243053,0.678876491946146,0.4544529861228884]],[-64493027.872683376,-64493027.542432725,[6.976875726284366,1.0,0.5960775733224742,-1.41924346766273,0.8343880964454289,0.41823310943547615,0.5661613816396113,0.3455421709958758,-1.2836898955425555,0.5530412014762842,3.1073503597984318,4.0454611276107615,0.3091898993013438,0.4457451140817959]],[-64761349.67680963,-64761349.24380374,[4.3132237015692425,0.9871761567834394,1.17064180744308,0.6316537563907156,0.754225028132838,0.47707050112331867,0.8377933183570315,0.34296917843420205,-0.055375187543190124,0.5157577101366992,5.698128598001823,2.2952714285538223,0.33239378807389,0.5445024836901184]],[-68388615.78569058,-68388613.38453555,[6.328769789982883,0.7149057216380477,0.0,-0.29284469452271045,0.7501530976256044,0.447846274699513,0.361126861078386,0.5216685275463582,-1.0460038725380172,0.36826553805965434,0.32522813524698035,4.724231974248998,0.49860664235352536,0.580169874072434]],[-69461079.87925899,-69461079.51093829,[5.179236697889219,0.0,1.2703481117333575,-0.3107977375646881,0.5524463479498333,0.5012095244431736,0.8037501379682246,0.7056783366782754,-1.238899118361021,0.26257063348838405,2.5943882639054956,2.9051775470200614,0.33546946151662893,0.5725646339224117]],[-70130155.36424753,-70130154.4382211,[6.503776765606903,0.0,1.3597294422380466,0.5287355984585257,0.6587681449722105,0.28600065746926245,0.8957919760611759,0.5962194461078745,-0.6546989126176723,0.7410021826147212,3.2150404147989176,5.081502608793737,0.5894005273424119,0.46594942920538696]],[-70282188.61768085,-70282188.57382286,[6.36002868061329,0.13019639728275434,1.2637419131890726,0.7228862094870021,0.769386178033697,0.46488746031807854,0.2929757492368198,0.45003186511971444,-2.1808588815342946,0.4915896470277292,3.995497895988514,3.00472255634379,0.5566523093960909,0.5224049300228647]],[-72497570.60311392,-72497557.5785104,[3.488846193059728,0.9669794300476655,3.141592653589793,-2.3677629708474646,0.30686373055925875,0.4128221450761692,0.9140716082642545,0.11255047754047537,1.5745388836153644,0.7655204305194199,3.5405790845693845,1.1838605912076394,0.5837495611415473,0.4729775927698646]],[-72845474.75690988,-72845474.6001128,[8.115242258547791,0.0,0.0,0.0883798983483518,0.6260214969783804,0.658643989917137,0.5818581347412171,0.35405533249932275,-1.2631388857179853,0.44573495958654097,2.802688358567992,3.690018408984528,0.4413320159026926,0.4692138623104145]],[-72946287.4586388,-72946286.96496928,[3.060586662672571,0.8192072293968481,3.141592653589793,-2.7076387841223974,0.575044188809299,0.5382201834343793,0.7345888044980209,0.5146548924451082,0.05649474236193458,0.7674853238244969,5.725742408137839,3.682002033099664,0.3894948661389371,0.5144804314920854]],[-73461501.64149259,-73461480.14396751,[2.6062733377758702,1.0,2.371745512334817,-0.4431872572562245,1.0,0.118076163330469,0.5770442529169346,0.04935612956404145,0.673749816819459,0.7200881983639412,4.202312798813081,1.4740641933730503,0.45566944799490705,0.3588164076751168]],[-73797111.54958378,-73797111.17073286,[7.1104057934736105,0.7915030618356057,0.408731007611411,-1.0966773086957127,0.1211955247789136,0.45805316514457456,0.2781277830388815,0.7441591455233381,2.420750018082986,0.9,5.52974193263191,4.892273536611327,0.38127050479512753,0.4792309304357389]],[-73971473.65437235,-73971473.1883024,[0.5547440498551195,1.0,3.141592653589793,0.22464927626635714,0.7493052894329786,0.4109059054812478,0.7971518784457164,0.4454279983691013,-1.0038848287588107,0.1,2.101182140414444,7.001418658999182,0.5317036690290253,0.3924683476721443]],[-74117438.37439603,-74117437.55186689,[7.901779805771395,1.0,1.6905347809232687,-1.2585906463376628,0.7014149039602977,0.6962553104243518,0.8526311707579475,0.30655912535091734,0.6241758230768775,0.2237711915209128,3.887252751570498,0.007208896169128565,0.5531855228798856,0.456220228957523]],[-74325233.51910152,-74325233.50812924,[6.883739810922325,0.6648344559269564,1.5678365552990292,0.15677771487077985,1.0,0.0,0.5726411025878875,0.6920649429016453,-0.04087289304155989,0.1,5.669980023170913,4.614996718073537,0.5387717268458363,0.4147864492397598]],[-74951782.29071553,-74951745.85727197,[5.84151009848251,1.0,0.2447561823265303,4.0,0.6061119037693452,0.11716868941160302,0.28031803468502925,0.0,-0.3727144088110906,0.30395923305800054,5.006826355507597,3.326307833503818,0.419823897495158,0.5047220917251285]],[-75060575.50364336,-75060575.3781308,[5.11403463349476,1.0,1.1345246933345465,-2.7836340891632965,0.7579416647359909,0.5254994376148974,0.46909386219352184,0.38116108703365087,0.26060242893899566,0.5251410272193615,2.1770518229364075,6.240468209494852,0.5596097931972915,0.5456660963803852]],[-76032214.26009059,-76032214.09288013,[5.111481324312377,1.0,1.155379398825311,0.7564325788418096,0.6056494599414213,0.6365144273560296,0.5700009204926996,0.45546959325806324,-0.06669431050137967,0.770694135582598,5.7904838029448875,8.013077797939808,0.41683096406876496,0.42950564182774537]],[-77077020.68137382,-77077020.63353288,[5.866842444040973,1.0,0.26784825282430846,-0.25131792480445425,0.8776939298761532,0.4802672703460485,0.794228708501222,0.34388336281943654,0.8282801186909468,0.8489699997627438,4.327915084138165,5.9096818346290805,0.6749982780855287,0.3993654433779885]],[-77211138.09273128,-77211115.70717531,[3.1935836233448356,0.0,3.141592653589793,-1.0863197982945627,0.8005189712667495,0.010763070791629692,0.5920744844209108,0.17210074662203917,1.2473256869955451,0.1,4.575664111288933,7.943091948126405,0.40653797037087436,0.41379599862694294]],[-78266852.75008395,-78266852.74154651,[8.677287245179752,0.0,0.01276533784200562,-0.37239893610720626,0.6406556585493652,0.4617030352988818,0.7611508047814879,0.5411713829648134,0.7443138844178045,0.6751204949447882,3.8544294771639107,1.979474130478796,0.5186525077588836,0.5593163272326205]],[-79481786.72238682,-79481783.79988003,[3.3314031502458574,0.0,1.4858136539579987,-2.6106200103558743,0.5486938583022216,0.09175480532288449,0.6175835931226935,0.7827217754749567,-2.473659761034231,0.5142916547123169,5.634824521903555,3.7225735852703576,0.33668780847274454,0.4619215960509052]],[-80326493.23733078,-80326492.89072394,[12.278902048189849,0.8939512100226821,3.0564286986333755,0.5497788403683774,0.8806688596166989,0.43666088395513686,0.45798871088272786,0.9893938725994686,0.6257888962410714,0.7552684074774882,4.9065487979120075,6.620398558864441,0.4149042456765417,0.5275144899682072]],[-81983818.01795033,-81983815.64344013,[5.011445458999792,1.0,3.141592653589793,0.49622357883686513,0.2018728385593358,0.3782712664545639,0.5923346247330933,0.3623402672994683,1.6509172289180984,0.6515452280516174,3.5487848738216043,4.622915958436058,0.657816549916914,0.587127062211265]],[-83055280.16099131,-83055280.16099131,[8.307080378904512,0.6388171071408868,2.917510474729818,0.43736952545178265,0.554016745666193,0.591519783582125,0.2738689192937078,0.6491047449979881,1.0439197831688052,0.7324768798461555,5.595287809355209,1.1551175872300186,0.4894598855874935,0.4425651907183772]],[-83175013.48975809,-83175011.82555807,[7.790264644896549,0.0,1.1704805297367824,-1.9340373422734132,0.6718270908348699,0.3296522823953894,0.7809154149126871,0.5631242277065734,-0.4801479666344165,0.22225817306113477,3.175832302150279,4.825427948018089,0.48541538671802503,0.6751178429058657]],[-86058327.80255103,-86058327.7434665,[7.291049254333992,0.0,1.0445727988831477,0.2884077172831759,0.09433977342742472,0.3839784376924564,0.3818752165754178,0.571090168417702,0.8370334869682311,0.8823790515489742,2.6712265589318243,1.7388514225258707,0.22986666194384647,0.584804827820927]],[-86427171.43528798,-86427171.25678158,[8.711010509842229,1.0,1.9907256258292825,-0.02464779919305362,0.39638270445827134,0.21556954470663758,0.5715824594543844,0.5956279411480108,-0.3670566786534102,0.7798113977420751,3.5953110431066064,3.9915392474957554,0.7168867641014052,0.49038529632178685]],[-87916039.40867472,-87916039.40867472,[2.7281948013477284,0.5444522097270302,0.8636918322158837,-0.178374883847719,0.8606020473414548,0.5226016111331283,0.48090347397852984,0.3555586478494407,-0.14162567142971916,0.534117873262574,2.2230885899434414,2.600299087572926,0.4941587787942493,0.5935741438093165]],[-89982323.22108892,-89982309.49046588,[5.04497076633675,1.0,0.0,-0.8447057265900371,0.8941296893838557,0.11124740607821237,0.5433300074126258,0.28914515914057615,-2.747109701387293,0.21447270895171267,3.9113840654863163,3.178961868844908,0.5420616840718931,0.5862113577649477]],[-90322248.98973894,-90322248.98973894,[5.653146653735904,0.23642817338497496,2.9190908601020316,-2.9987136375536547,0.41741629180355305,0.7615088170223121,0.5327609271523469,0.5089379351008925,0.9014988542480611,0.10908560650068444,3.458048091980403,5.665569905723189,0.5455910429122258,0.45841366690344976]],[-90512246.02162823,-90512244.98477352,[4.83163811552336,0.0,0.0,-1.0128172381716274,0.2241392424483482,0.6773974218748371,0.6925549785013585,0.35625936815543213,2.143067884950279,0.43120310109751986,2.9916418223627437,7.331941098912109,0.5591071809654137,0.340953465556311]],[-92072363.05287947,-92072363.0523386,[4.066370661438494,0.0,1.935409547511507,-0.09900979062922664,0.464701598369919,0.4612777413913947,0.7574670700013141,0.4436593129892035,0.7509272792001036,0.8339637949703126,4.386680344763671,1.1619406246377295,0.45890391937915354,0.568590673624381]],[-93141881.2190606,-93141880.92433238,[8.508276217094714,0.0,1.1081046848262353,0.4940490978494937,0.9829246383847534,0.06886778593748688,0.7629212633524516,0.6171438696827152,-1.3743285765509325,0.10749627218962998,2.4632515390625844,3.817264944718893,0.4746533970684612,0.5732445950351166]],[-93606421.94111973,-93606418.48743784,[4.618568692880859,0.8316552363020845,0.0,0.025919545141925182,0.10927353518530969,0.4691327001310518,0.10905493414467338,0.6264495341836533,-2.7732891641208606,0.2343428106659829,1.5444655508995728,4.551887862491492,0.3671519313039168,0.6943129234565997]],[-95050545.79962036,-95050534.16501975,[6.102932285607198,1.0,2.52586709120225,-1.011776249275336,0.3905427341959186,0.3144033392699358,0.07957181053088075,0.2207946000630921,0.3304253959671504,0.8600205314151391,3.3731644162531076,4.167435239336864,0.609263333336726,0.5257596876048205]],[-95065777.53771964,-95065773.04446721,[7.307370967649959,0.0,1.8077664018379476,1.6481866121535398,0.5230871407969072,0.5003053171952073,0.10365069463612009,0.6924920077863281,-2.923184162442774,0.4246948232898609,3.0707208390568246,2.0162877548893716,0.4169286039051929,0.609800381295767]],[-95602121.60300548,-95602121.29942954,[6.449674389122258,0.0,0.03138642172091721,1.0304360158886519,0.5386656631651892,0.4915643347897033,0.7879223179646686,0.28653649070772685,1.6937121454137667,0.7346818062948695,3.8780744022211127,2.2945214932748774,0.43800161234160195,0.6270529201990298]],[-95962098.64881551,-95962098.60029078,[4.707880519534153,1.0,2.1497004388662138,0.5706433020712472,0.16979267273818194,0.6304262579137099,0.3718234149531221,0.5748967893443617,-0.35482308063916207,0.1,4.0677855209660505,3.5707152278554912,0.47824244954877865,0.5521548364522229]],[-96004227.92978334,-96004227.92978334,[6.547830499962634,0.7777753637055773,2.2989752041768305,2.354505410838978,0.6982229278200138,0.2947399662221323,0.3353833771856549,0.5509202384578418,0.8209623696694472,0.761263624201668,5.814356813514477,6.362054822811176,0.5143395812532182,0.5740305030863282]],[-96380649.79846478,-96380648.76906031,[6.503782424439687,0.0,2.096383389112246,2.7844870643351176,0.1475107913628923,0.8322889363059802,0.6391933678296822,0.7855487400040022,-0.9385784392658356,0.5693967859180713,2.3985792383674776,5.874992991418426,0.42283844434975887,0.5289207951350292]],[-97762285.59598601,-97762285.59598601,[4.116447042853999,0.7376332202263209,1.3991834347727898,2.3587613416894726,0.5629785313839867,0.5998068971869188,0.4597080977650565,0.5197370061713329,0.3761889041356624,0.6220486287023763,4.366915469410017,3.4576666526302366,0.5059547985937038,0.5757228106975865]],[-98280814.67676927,-98280765.33369881,[6.13727888092597,1.0,1.5764445494775443,1.3526369864193626,0.30925358046015106,0.0,0.2849057850006359,0.048281234042425625,0.5648364845808095,0.4553688662480137,6.9840495942643965,2.7412772222278914,0.47033171917990424,0.4792327037265449]],[-98954178.53136988,-98954178.16537964,[4.218058392139512,0.0,2.0858803616266637,0.6620320399859067,0.4186359370979125,0.6497753555447549,0.5865680576981795,0.9032955154974056,0.08218667488301126,0.7511046629218316,4.239647073195046,5.333583257972897,0.43095242233253755,0.45186329888759125]],[-99377549.03282648,-99377549.00848186,[10.125016232042013,0.0,1.9123647707871274,0.22666605849198695,0.44141622536438785,0.6684527214425569,0.40794003593145967,0.525749276161653,0.42952795126108057,0.8566618002472106,5.780310577389825,1.9734194405705625,0.44686820855620774,0.402689952663736]],[-100867903.11751355,-100867902.0756067,[6.5503710556860675,0.0,0.0,0.30773859673536774,0.16162785575429156,0.6995499334586394,0.09201776475305945,0.4701429810116199,-0.9066404247335114,0.8033836009414462,4.286568646221566,6.881658104237628,0.5042228102694186,0.3790317637207517]],[-103952808.4066114,-103952808.347238,[9.816277408695623,0.13985147529844494,0.0,0.7212574827767446,0.5762108492843203,0.03438337173752576,0.6774156698751452,0.27737099816322996,1.4562086846875473,0.2559844664286638,3.544812341554217,4.951703334128057,0.5154370113124376,0.5799919623394866]],[-104065380.46372217,-104065380.27885413,[5.671364797761871,0.9166342814702335,1.3268463882465429,0.1608406532053144,0.2511889834451483,0.19847189488221023,0.8100683532146723,0.27518826907445704,0.7864168334991103,0.7779441335419877,1.8886858227012207,4.756993785660168,0.6631312063785677,0.5873371329703142]],[-104497293.63530064,-104497293.6342175,[9.96794800658597,1.0,1.5400899900741296,-1.5813784141390048,0.5112887561251407,0.6357298465712256,0.6951423609073529,0.4598166787216554,0.3173754351208663,0.5444109073825344,4.413963752406565,1.6445494968745415,0.5589337321128232,0.5985239628416943]],[-105408944.08361033,-105408943.56346196,[6.597539912463693,0.0,1.5972539788410178,-0.26553593552740845,0.8809099371828177,0.10028016842811865,0.2547104794077072,0.4334756699755074,-1.2567464179066214,0.5667702057514687,5.513042335121987,2.082002944546647,0.5410417684442856,0.5873904183107096]],[-106414314.50804791,-106414259.48793125,[0.7295896974651512,0.0,2.1462315875280513,1.9175370651285846,0.8731153104740312,0.48484504195593736,0.0,0.0,-0.6812548291993925,0.7584368396519874,6.681793903069204,3.0170020146462235,0.4425980430732228,0.37421806016015313]],[-106444487.74372254,-106444472.38395572,[4.68915159508673,0.36280088673559124,1.7028635655184639,-3.107438188441847,0.8682167257827137,0.4207504350534913,0.4318075796731882,0.13219304612101768,0.604723620701515,0.6581301204217572,3.8663764122226247,3.6753822963665654,0.4393120304328893,0.6605670512317531]],[-109006726.46166597,-109006701.90179563,[9.837730194948088,0.6170168355939715,2.650841585509642,-0.24047489064494598,0.0,0.5472844173632934,0.25711579835483866,0.2267539797597044,-1.8380468856380061,0.9,3.89620784378994,6.727461393778877,0.5166945850129737,0.5451732485207363]],[-109411374.35204996,-109411274.08690846,[5.349932334005835,1.0,0.1001049146159263,0.5853573261719424,0.518511207946542,0.8294841398642938,0.7086963155247528,0.05311110000347635,-0.976959250515423,0.8068669872741476,7.885944317625019,6.076567604171167,0.4829423249190192,0.33749216762256284]],[-110989272.39576685,-110989272.39576685,[6.578129197443612,0.5288945762986246,1.7288331829016055,0.3592480601915803,0.6312008439719736,0.5613013695456379,0.6881390040394013,0.8251526291778879,-0.03765731249459101,0.5011690962887883,2.6735994622874832,2.910524310414189,0.5026698918791639,0.6299125856130418]],[-111530640.847124,-111530639.47241032,[5.154127323810903,0.0,1.9830637921719223,-1.0942101752297972,0.3634551119674357,0.6825271099517538,0.16487013799064482,0.6747110984666101,-0.1571913252614774,0.22369922715270618,5.657682508860661,3.4372317519155815,0.6968381072176169,0.5121038201742166]],[-113818937.61480336,-113818937.24734533,[7.46938880745934,0.29949718088394484,0.0,-0.758794836672295,0.4089506313460438,0.4595601453163664,0.25044111133688446,0.6466649072881063,-2.8811346196457177,0.9,2.333702076462813,4.048062613617847,0.4559843234650505,0.6310189551087607]],[-114751421.70570256,-114751421.61096013,[3.9097909729034352,1.0,2.0155681008213193,2.364063020715115,0.6775243213851403,0.4375291652534462,0.5690909724700579,0.4217100730099088,-0.5543142221498606,0.9,6.005948341543869,3.717038743311469,0.6799839812941384,0.6218847772633824]],[-118695437.62743671,-118695437.62691092,[11.42702635843795,0.5506506669534861,3.007364363598348,-0.702592133831401,0.0,0.6610162237034511,0.36965079114059785,0.5439097136768388,1.8763298562354285,0.22521855905598065,4.70542318308636,2.987324021318628,0.28858837195305687,0.4382907706612633]],[-126548407.07228342,-126548404.64553243,[0.33702205748372727,0.0,0.3515364917966568,-1.3071842339770499,0.3437276491251291,0.3840536165552194,0.6444194019204754,0.3849259634697314,-2.0972725786207005,0.3334000402989553,2.472951350215535,0.2932285933131036,0.5414253247103655,0.4329716138720187]],[-135529243.63924292,-135529241.69128692,[4.412794057491488,0.5567129252382971,0.0,-1.8160923989395827,0.2321500707940375,0.06317271002874408,0.7511268517348171,0.5157230811665221,0.12128728188795082,0.7343842815612069,1.985427727641147,5.997279494557688,0.5301893321179948,0.6314258502738951]],[-143762696.11581022,-143762695.45791757,[6.804873928682246,1.0,1.5259711878322681,-0.35248691394327486,0.4890937093110796,0.8306157625091588,0.8688314815610574,0.5973903574834262,-3.356589915237288,0.8484041396947519,3.7060453121511445,4.49223683252178,0.3923404332112287,0.5162604194842534]],[-148911505.53550872,-148911472.8769095,[0.21925031488774316,0.6924127701455345,3.141592653589793,0.46587558280055213,0.26751360231918464,0.4716448103485972,0.5500221473258448,0.12660601177214575,0.908110097227144,0.16070152074317745,5.1065766257961664,8.043698118085542,0.3331083948800734,0.3992259562820697]],[-154210865.2772564,-154210864.7792406,[6.127554846538841,0.5179386928901601,1.3334538677525425,2.078188336048702,0.8823128121207648,0.625453007472414,0.31956446243298897,0.997200494477456,0.9703780358101018,0.8684502353310084,2.423152997435905,8.149798494206063,0.5447508670857429,0.7427801287210678]],[-156899845.20076066,-156899844.22346056,[7.393346081844702,0.0,3.141592653589793,-1.433246459634867,0.9128851748779023,0.7126865181550539,0.5241633265598078,0.6069275203936464,0.1095550920436659,0.1,4.324574022439853,4.334089115349118,0.673940310081776,0.5712372917579643]],[-165121576.21114555,-165121567.356134,[4.353858203371625,0.2785640591960886,0.9577173468317868,1.1063789958880559,0.5334536692845302,0.010240809672613926,0.5757986016401673,0.24256667114198205,-1.0084133632892183,0.9,5.554945981483053,5.174575780237164,0.5864497560666099,0.6531685010674545]],[-169807606.067196,-169807566.8649441,[2.3074135979860637,0.0,0.17256712777336713,-3.0335140255087607,0.4285627311358803,0.8662648619806169,0.8070022517008931,0.38079480561876583,1.8124862804864783,0.1,6.580702788492342,2.586637924591755,0.5136500208785196,0.6804271414453894]],[-173897969.77739254,-173897968.89488506,[0.7702874107126432,1.0,1.8154343326020344,0.5248940036833436,0.23602023811168643,0.6687229946946731,0.25034227762734285,0.4367712637102714,0.6853622480254571,0.26752596836564113,5.902502488531603,2.1612324862671874,0.4189988999484814,0.4921878187605866]],[-176195675.3551334,-176195669.9980539,[11.790582628208899,0.6971140636369111,0.0,0.20635495049333974,0.43944064058144644,0.9118756109267414,0.904467014540421,0.34214752343433175,1.53211086773941,0.6606625874066967,1.7874266455902874,5.422399964645992,0.47870764022805673,0.4590312478677172]],[-191377237.6828595,-191377237.2831943,[9.540570565152695,0.6726526744627317,0.0,-1.3317471792512285,0.1535410860162913,0.9004767701741736,0.24424992398279632,0.9605283948446204,0.6734766288511522,0.1466026332402276,1.745226380092816,5.307285042575783,0.42984953685169436,0.4076648173814676]],[-218577099.79813394,-218577098.74787033,[6.612156258277899,0.4690354220376968,0.0,-0.24532862095030067,0.17424101190810914,1.0,0.7723509622057265,0.2966027734497884,-1.063049607810303,0.1692562118084126,3.995755212789803,9.0,0.5048739654733249,0.5554272670761776]],[-253706314.23496774,-253706312.52013534,[0.0,1.0,1.4636554991619088,-0.014935473451571406,0.37714753256061445,0.4852379704699727,0.8973751908385841,0.32450167087455345,-0.42472477478226356,0.5528281105824535,8.406516043384109,3.8070651565747893,0.564783110865817,0.5915256126558062]],[-256993987.42653784,-256993971.04536498,[6.651448733896711,0.0,1.6434759072024183,0.2793889645185645,0.21039067099714437,0.9677483058072155,0.47451463849870035,0.0241693574877348,-0.32022116301957204,0.48503852060708946,2.6588008707758815,2.7784100681937054,0.61536606647902,0.6588220904252554]]],[5.248488713357852,0.5251002129470438,1.9796132812143894,-0.3336610588695666,0.5797284242247858,0.35234529219966276,0.5061414959680324,0.3389406810323413,-0.08107994211732905,0.32666693772282024,3.647536002133415,4.357080635240385,0.5251136601567112,0.382787600691288],[23.69962971475984,3.606413443706645,9.378602931705917,9.254280010678086,0.2340318637957986,0.2358797156300869,0.24869240530618678,0.2584832480130803,8.571151802022824,0.2573311126569975,15.433086258516335,15.910404109736351,0.03917868711080926,0.04369905804222629],[[23.69962971475984,-0.010983782249528685,-0.01595975196100489,0.3917882493186208,0.00465802891004764,-0.010342568889411404,0.0029038475116815628,0.000693777607957215,0.25549963413317206,-0.04709526489893625,0.15536958757208508,-0.7298808804298916,0.0010786386495126238,-0.016068489895668954],[-0.010983782249528685,3.606413443706645,-0.0015722958162729464,0.025020963212853024,-0.0030229011464120007,0.0035469853814832685,-0.014211239670455914,0.004346945155062851,-0.08676964593133159,0.0056333934510244665,0.07581954362842751,0.026097699750983566,-0.004076286704723938,-5.790312621570388e-05],[-0.01595975196100489,-0.0015722958162729464,9.378602931705917,-0.3387434773640448,0.003884853395550578,-0.021617231917266437,-0.035005157964488956,-0.046664778870112396,0.006000185576183374,-0.05476860422407061,0.137728623844003,0.03689891701145192,0.0011987401624553185,-0.015382724528731156],[0.3917882493186208,0.025020963212853024,-0.3387434773640448,9.254280010678086,-0.013280024531429367,0.05389817518316845,0.029550157972990782,0.06800708726942728,-0.12248596859718022,0.06198629808988806,0.09125746168096179,-0.4158188533142661,-0.030122293444918062,0.00628948220962554],[0.00465802891004764,-0.0030229011464120007,0.003884853395550578,-0.013280024531429367,0.2340318637957986,-0.007610814753548341,-0.0007795981111865115,-0.004640392228002621,0.004816914175013736,-0.006020706715720187,0.024639720269635436,0.07569090721326553,0.002359834229748699,-0.00370474585274937],[-0.010342568889411404,0.0035469853814832685,-0.021617231917266437,0.05389817518316845,-0.007610814753548341,0.2358797156300869,0.00038520854996431514,0.008622398560764445,-0.0003517352432807791,0.015730236686343314,0.008674595776486648,-0.06192347807599679,-0.003490949509579362,0.007642305359707459],[0.0029038475116815628,-0.014211239670455914,-0.035005157964488956,0.029550157972990782,-0.0007795981111865115,0.00038520854996431514,0.24869240530618678,-0.0007633334098671704,-0.02091625341566435,0.008500849594744331,-0.03823252093225175,-0.045621439511920096,-0.0003087227403700126,-0.0025283928764132193],[0.000693777607957215,0.004346945155062851,-0.046664778870112396,0.06800708726942728,-0.004640392228002621,0.008622398560764445,-0.0007633334098671704,0.2584832480130803,-0.012487726461054272,0.014044827305615817,0.12634232235842544,0.0020729502317242757,-0.0004281716002952378,0.011958246035828232],[0.25549963413317206,-0.08676964593133159,0.006000185576183374,-0.12248596859718022,0.004816914175013736,-0.0003517352432807791,-0.02091625341566435,-0.012487726461054272,8.571151802022824,-0.0031484734228343614,0.06216474979536135,-0.21534175589223303,0.011228099485468362,0.013312779124271921],[-0.04709526489893625,0.0056333934510244665,-0.05476860422407061,0.06198629808988806,-0.006020706715720187,0.015730236686343314,0.008500849594744331,0.014044827305615817,-0.0031484734228343614,0.2573311126569975,0.032496839072261016,-0.05770393390812526,-0.0048669980755850955,0.008459738776392872],[0.15536958757208508,0.07581954362842751,0.137728623844003,0.09125746168096179,0.024639720269635436,0.008674595776486648,-0.03823252093225175,0.12634232235842544,0.06216474979536135,0.032496839072261016,15.433086258516335,0.3055238829977677,-0.002129070112689088,0.051774109537389944],[-0.7298808804298916,0.026097699750983566,0.03689891701145192,-0.4158188533142661,0.07569090721326553,-0.06192347807599679,-0.045621439511920096,0.0020729502317242757,-0.21534175589223303,-0.05770393390812526,0.3055238829977677,15.910404109736351,0.034525410864005256,-0.009993771217269593],[0.0010786386495126238,-0.004076286704723938,0.0011987401624553185,-0.030122293444918062,0.002359834229748699,-0.003490949509579362,-0.0003087227403700126,-0.0004281716002952378,0.011228099485468362,-0.0048669980755850955,-0.002129070112689088,0.034525410864005256,0.03917868711080926,-0.0012928362686598003],[-0.016068489895668954,-5.790312621570388e-05,-0.015382724528731156,0.00628948220962554,-0.00370474585274937,0.007642305359707459,-0.0025283928764132193,0.011958246035828232,0.013312779124271921,0.008459738776392872,0.051774109537389944,-0.009993771217269593,-0.0012928362686598003,0.04369905804222629]],0.6426745805902676,[[0.0],[0.0],[0.0],[0.0],[0.0],[0.0],[0.0],[0.0],[0.0],[0.0],[0.0],[0.0],[0.0],[0.0]],[[0.37643579476259426],[0.09506084282210112],[0.9856739433730384],[-0.8424391070565596],[1.2078066779236307],[-2.2368226117865206],[0.09303758245261612],[-2.439889197389842],[-0.2047134726148],[-2.62582425476116],[-0.6674350686254006],[0.6761772542132951],[0.9511177079977524],[-4.439129457186169]],1,100,-17683494.2317139,-17683492.37079811,[7.08207462231716,0.0,2.8594368365796257,0.05664648524765632,0.42241520996590326,0.4628555942892728,0.6626448206068454,0.02798927585018207,0.5648118434554587,0.19255144503998456,1.2999965960565878,1.5253511037304546,0.49967693349539827,0.3023971239935236]]
