["generation","mean","variance","covariance","_sigma","_p_c","_p_sigma","iteration","num_evaluations","best_score","best_evaluation","best_solution"]
[[[-48683532.97453544,-48683508.85315877,[7.5997718698615415,0.5190313027372798,1.4889397757685476,1.961399868720681,0.47036812232673775,0.026761935355198774,0.7309089625668973,0.0,1.3649100316961336,0.515210019924277,4.88214935719653,6.486250996376722,0.45348811577975756,0.3506455187896808]],[-53211591.31079887,-53211572.27656424,[1.8961397985453172,0.0,0.8203306922765429,1.8187974800061757,0.4550545100458609,0.0,0.0,0.35961699776932443,-2.5482845897916815,0.3163448110046527,3.437670339395601,4.058579133791932,0.5603948793217808,0.4515526009525733]],[-56178314.874404676,-56178314.41459435,[6.387976571537242,1.0,2.3660278569919737,-0.41900873650074616,0.4876405642523452,0.0,0.13163050954871075,0.3433260438524117,-0.43859829385289695,0.3437617760527568,5.426238957710421,4.920071346482083,0.6840239341760215,0.4740069751174027]],[-59067421.2796367,-59067418.960855365,[4.9621258082701,1.0,2.4396638650758007,0.17466394818835354,0.9841988898958043,0.30752200671341334,0.5080663785551948,0.37180921985940324,-1.6740620872690508,0.2314513649533153,2.1121809000376643,1.6670570758270689,0.3492643861148401,0.3750434894933427]],[-59512562.615142025,-59512494.59266174,[5.020984824277729,0.2592774512169599,3.141592653589793,-0.10753534451686925,0.7269724823751231,0.25807876169778404,0.44013885918579176,0.10456660249012817,-2.079185839474489,0.47189608843950687,2.644651983017118,7.315930319211466,0.40904508354518954,0.368681398891449]],[-61860126.8544609,-61860126.27598834,[3.2879679175176477,1.0,3.141592653589793,-0.055308046035211986,0.6812295772397233,0.11891918408773777,0.6342306413202566,0.8220985137506726,2.6474637913073478,0.26309608371024623,1.1941071790592659,8.38244558156012,0.5899013510999522,0.47635659729990953]],[-63681881.48246679,-63681881.47988254,[5.096857482104914,0.49079636186463377,2.056359165415264,-1.866666504102914,0.25998878478873744,0.12937641272601058,0.3297748447518432,0.7656813789571763,0.09158540076428394,0.2209547082306031,0.7479256891565416,1.9396108503403129,0.4170621268384943,0.4849926322024177]],[-63983314.64196417,-63983314.38496959,[6.80814179094179,0.0,0.0,-0.5390356604416092,0.4113888194467089,0.34038317278050045,0.410749055009787,0.3402556854827199,0.8401549055697188,0.30541379091182796,0.0,2.4609686631706045,0.6350917879754796,0.389656773903745]],[-65919482.95607316,-65919482.61214745,[4.1225657138906975,0.0,0.7415023255993753,0.9547798706264554,0.5759419345154024,0.0,0.7487923492098718,0.38895133099634466,-1.0898817992446064,0.5638401197565933,5.76890590109347,5.316316158013074,0.5408136911479667,0.4594012839778146]],[-66917150.00664503,-66917149.72319102,[0.626972586973439,0.0,3.141592653589793,2.6013649521404383,0.49575428084985745,0.0,0.34743069838367757,0.35973716133728084,-1.4422470047476317,0.1,5.707766148311733,3.595793651614354,0.387201860651402,0.5385145099446771]],[-67549900.38374253,-67549883.09216511,[4.766370988370153,0.33165269796524377,3.141592653589793,0.29436037103987966,0.5559629934863698,0.10341521789500296,0.7256726955267772,0.3702337764763941,0.021429175135273173,0.23786935543734966,6.740468015941357,7.53688388861241,0.5229544789279424,0.5537802142744881]],[-68530127.92592609,-68530127.92592609,[8.043004153572383,0.08203751269088544,2.575674377423841,1.060605067534236,0.4232551719834779,0.15989470420057555,0.3797941402387937,0.7416412038290936,0.8265505684121426,0.8680227800467233,3.2444047433384644,2.593346924273464,0.4210890683973565,0.356306469125627]],[-69754461.9514197,-69754460.67393386,[8.741784241843128,1.0,0.17953506773348704,-0.2450602548783523,0.9066141253588295,0.39797549805616717,0.8674506987161754,0.46128867827484343,-1.4279203678606742,0.42483963923295825,7.414133904697698,6.589856720409814,0.5653789622823799,0.2942843143714075]],[-74400965.22119729,-74400963.32913142,[6.73699898456854,0.0,2.9927002147232993,-1.2557046705552153,0.7142893392864633,0.18518118122738053,0.47745153759792,0.7068562702465565,-0.6914238097048305,0.3326749318346588,6.530907307243538,6.810439883185335,0.5623638780724529,0.5600516352919429]],[-75764230.73563653,-75764217.93200105,[5.900199997538639,0.8792634515373315,3.0236196490870624,0.5157541249000247,0.5136920722981891,0.18312432725956757,0.5864100591631533,0.1730765813471239,-1.6598702766878892,0.5568093068803227,4.895713111293742,3.4782295950714257,0.45566588933501123,0.5045068185883892]],[-75840856.50461511,-75840856.5028429,[8.017125612947883,1.0,2.5354885050135207,0.31974038863688903,0.25223988641893774,0.32526014367427114,0.468371411455981,0.6610874107160037,1.4141367186072777,0.40083407379206004,2.9620191292194353,4.275483977475353,0.5745706442474111,0.45284008594973935]],[-76338635.1598028,-76338635.1598028,[4.573848389343168,0.43561335888995756,3.0431994142238867,0.48134303509187204,0.6155606653949686,0.13390356461579417,0.6830504365565023,0.7373524355231078,0.33741943965494436,0.45125098223821475,3.5728944195126493,4.24462043377567,0.5304357647813909,0.5386386501726264]],[-76447523.49961734,-76447523.13399589,[3.951404107842606,1.0,0.11495299121017477,-1.1458878705294935,0.7900503269615944,0.37677095640374153,0.6239524313899498,0.36843398430511204,-2.0680221122901674,0.5003342142222187,5.5368975534891,4.711270238436539,0.39935185228329284,0.3815789011917693]],[-77641642.49307027,-77641634.76064825,[7.089783769103007,0.9921855686629225,1.001715406281026,-1.5212343871188354,0.8751474925366542,0.16951115473649503,0.2902377299642479,0.7363566228583839,-2.75050352762785,0.5424958110713722,2.709518278115293,2.5211832711856186,0.551973921868306,0.5306874118686462]],[-78266205.47952972,-78266166.8989098,[4.948021724041342,0.7444328890528099,2.435609794361553,0.8648231767113519,0.38351592284448,0.3273239087868751,0.6249915449487398,0.0,-0.10408840887578766,0.28943291657539516,5.642450429593668,2.5905860963344836,0.5053579641338444,0.48426488264473655]],[-78537506.21607168,-78537506.21352917,[6.737867218164796,0.3659843520991205,0.22127727190343216,2.5939427574242897,0.5083343881417582,0.0,0.5918132508223058,0.24648333094888808,0.37895412198799766,0.737277781291434,6.492307813060711,3.540324623465396,0.6052185730726105,0.4621796475754501]],[-79075356.77590513,-79075356.77007896,[3.771895771401198,0.4594018236654458,1.4760709699801102,0.06537442325652436,0.6098016936463654,0.3494150773896833,0.5910667801926456,0.4038188533250526,-1.7346895139581613,0.5460076750713917,5.116896949021919,4.9150414429895175,0.4591930130775705,0.4389243511692299]],[-80013225.23688744,-80013223.16938674,[2.9231294319321104,0.0,1.0689806761141238,-1.5809919549805773,0.7044400897307803,0.31709156783768333,0.40907031655177695,0.8906115414986017,-1.2241742083656426,0.38404860530485635,6.157831393921796,3.677714277702402,0.5728395450646887,0.4712639078229534]],[-81362751.29864311,-81362751.29864311,[7.0156532637227365,0.8340514671719643,0.24696562716654524,-1.4786879103689607,0.465464999250979,0.18870096036671363,0.5824977420376755,0.42465262495857115,0.04261360216037309,0.3997739144934984,5.70792332630475,0.9933831693334572,0.46822333164535135,0.5856230970597032]],[-81414477.00521138,-81414476.85050213,[2.093190506411324,1.0,0.0,1.329406022840759,0.2542310246969288,0.13660359788225052,0.14026435585139357,0.40991874729468847,-1.0008852311501124,0.5539140827920073,3.480593535884507,5.7706826972874286,0.43692149982187856,0.46400120018708163]],[-81487515.9467901,-81487508.4006455,[5.098481341880114,1.0,1.161721795431408,-0.727002601793971,0.4933057698202318,0.2797072669867454,0.6183234584105578,0.018404385169453974,1.0871711989263253,0.27119668644714434,2.652110089083785,1.5330085903021446,0.5599024670634166,0.5818877764854189]],[-81844909.1379303,-81844908.7032392,[2.0904788046301768,0.15257724164699193,2.3054692911504677,0.44145150248347415,0.4625822542989209,0.4263165112918276,0.1856160213846672,0.7401919140209692,-0.730525912971651,0.32461947040189476,5.514220125208295,4.150739489156752,0.5299248567363477,0.30724627644337565]],[-82764589.94152263,-82764589.94110316,[6.54298470063895,0.022237320564033325,2.7228520251970245,1.526170258215163,0.7332909661170788,0.5294862208118122,0.7336038080775193,0.3695291228673533,0.9693965010802548,0.3584874820157111,1.5883246564095344,2.852209113485385,0.575539873024353,0.5106632292686736]],[-82946990.26649667,-82946988.99737132,[6.903029911891687,0.0,2.946204563163422,1.5119764183326256,0.34121939318681194,0.43536673975495443,0.27498132612192006,0.9062840649523072,0.32019860551942914,0.528249789029026,4.02902687475015,6.4237521946669425,0.4440694783640661,0.4781965959892749]],[-84669583.67097782,-84669583.50674117,[3.2058489479639145,0.0,0.3804424354232494,1.2004527216775098,0.25933803116881,0.18110375621332264,0.40371076997617145,0.5798933300355296,1.6530032365639844,0.6035559472247812,6.494547693198626,3.3301168758633453,0.47084924304415926,0.47772746989098225]],[-85047461.0874124,-85047429.29514635,[7.016834456119655,0.6489762900764879,0.6581609586019335,0.42053838553484013,0.8677147952309582,0.36738567690008483,0.6967244162147632,0.5745468632042771,3.5656643101680205,0.1567986444298637,5.590279351886654,5.280010416610558,0.5877965205022514,0.4853018834196031]],[-86821500.94462682,-86821500.72397947,[6.513302825650439,0.7720336405337916,3.141592653589793,0.49454078965313464,0.3598941179882591,0.3403023789357742,0.6014265179631297,0.8772137586228743,2.2721001844641764,0.18551660154533733,4.67893644479068,0.7949822074830015,0.3608209213552992,0.5050355962028454]],[-87164031.22550759,-87164016.89965814,[5.52776508909808,0.6941356746307978,1.4615406191676452,-0.9568892392737528,0.28706496960639216,0.3584260048002341,0.2545709388427633,0.4297521271889847,2.031792998019241,0.6516759575657032,4.0993953131108825,4.113477685690032,0.3363360205242142,0.439170427570856]],[-87284704.75591609,-87284703.98164165,[4.1377131924640915,0.4715653447503579,1.5154870518743773,1.483478786682165,0.15786508044077685,0.7619433486807894,0.9039033406160601,0.3802722835783364,0.47323287247471135,0.6705846799804713,4.294184818375979,4.566913551860802,0.5001537865081881,0.32910090565949557]],[-90668780.32703741,-90668773.61742043,[7.138881351673341,1.0,3.141592653589793,-0.11964821079247855,0.45017679200288313,0.2959036171157545,0.18128853324039362,0.43814699709480964,-0.9625660038581285,0.9,4.963492203795982,0.0,0.37939321125570036,0.4270755873382522]],[-90718595.98190686,-90718577.47900891,[6.693225700714405,1.0,2.7570985690887886,-0.7104327698060178,0.49012058887517196,0.41463213723185893,0.5935448623069128,0.8972791886585423,-1.9154376963510962,0.4316703101774394,5.2457384652529,4.257921723070001,0.5612333432441485,0.438718160007429]],[-90922856.42058504,-90922855.06824142,[7.7666986374715625,0.398343546782451,3.141592653589793,1.4902261027975232,0.3769171099899675,0.5845672281234038,0.7933714533973711,0.36172701024883913,2.0936789355092302,0.6548929619213947,8.085990188528175,2.715078816461766,0.5057872316022091,0.4546486614145753]],[-91859630.8300994,-91859630.64619565,[9.055302634325118,0.0,0.0,1.1075409972877244,0.38399969506991805,0.3428464559975443,0.2653218324347315,0.46191238562782966,-0.14697251351502344,0.6654240868497816,5.940197428091013,4.086142698771354,0.3742635625404065,0.45522103613022596]],[-91930821.36381616,-91930820.53907657,[2.655702450424266,1.0,3.141592653589793,0.9032584065053146,0.48974209305565797,0.5104279670674302,0.6613800694032775,0.310505412851087,0.10296863706118489,0.36671887652642965,1.129662109530508,3.16769738875988,0.667633760369939,0.41743974965211217]],[-94408444.52385515,-94408444.52385515,[2.465177274259871,0.6288013878121457,1.3013936044981063,-1.946740382256575,0.7995990144397851,0.19398775501569687,0.4543416084852873,0.5691022337381378,0.41700901139327545,0.32207927481518894,2.3097329597163068,7.43199586174341,0.36215513738043115,0.5441240127521367]],[-95021024.62656133,-95021020.99462551,[4.2765175966714475,1.0,3.141592653589793,1.380948356528063,0.5991676141551884,0.8163430407838816,0.3199364990618011,0.4738010369167233,-0.7617146212688047,0.34200689145476726,2.148561305067836,4.1010947094173025,0.4849713728174117,0.4895564964036118]],[-96131565.9408859,-96131544.18354398,[5.381157271950137,0.0,0.2710525474855663,0.4279361946769601,0.68096856822223,0.0,0.0,0.2830200174790889,-0.4362012976542977,0.7509645565330021,4.617485802074357,3.171557589727142,0.4088955810856275,0.5869102696656779]],[-96242078.91042027,-96242078.02292418,[4.111826012013583,0.0,3.1229940287488906,2.2363667717247724,0.45175751401087866,0.8191062311683511,0.48827580036839807,0.3685302170226481,0.12154754327434225,0.1,4.717811022417755,1.5807147732852176,0.4370775269314223,0.5148665406259301]],[-96286333.24303585,-96286333.24303585,[7.683890044479821,0.2501153897320417,0.4026630345393898,-0.2764998498103996,0.5595444042212968,0.4695494582390101,0.3808796066571991,0.6627079427160263,0.7580359891479473,0.3551445593796564,5.7440695048303425,2.981942287387314,0.39985994792859364,0.3709777780459878]],[-96344614.50018582,-96344614.49949586,[1.6890803639860428,0.22798219722310387,1.6790911141641822,1.5516235561075788,0.5337921882408676,0.3582044482405823,0.5611955249657916,0.47487473115554396,-0.8362132542861151,0.523393958731446,3.128367590626757,6.596094053767575,0.5612387431103815,0.46636897019741025]],[-96770205.32525726,-96770205.30016375,[0.9754035280184779,0.7430944232692857,0.8337426084067144,1.0487577446763998,0.4741640045034723,0.20001654663271357,0.5561072715347292,0.8848619977150093,-0.9128734218156214,0.1856537774094365,5.404070239558241,3.3150709763418797,0.39625694698134517,0.43797574290335406]],[-103329825.56932464,-103329823.12980723,[4.442399488622716,1.0,0.0,0.6525821772361117,0.2831913354268256,0.537910552299599,0.37341162932281907,0.8123687243666686,-0.19115668785219475,0.30483834208442695,1.2862099869811723,6.954351679373824,0.4369068588633275,0.44829570231675075]],[-104657547.15309465,-104657546.54661,[2.013289419167623,0.0,2.874374974979008,-0.42631074230724064,0.32120824574072904,0.49292773256817896,0.901329413619115,0.38043486173114555,0.369388456101959,0.18299084713886382,6.207375403453645,1.8042790303596967,0.49808367304854495,0.4887798295635166]],[-104671792.14034472,-104671790.45869076,[10.127367361343278,0.0,2.8305472553943565,-3.1622897219785653,0.60683634353445,0.49201399574945753,1.0,0.4284348510192188,0.019399049354380103,0.44279045192474026,3.3589666393000024,1.6656100342248128,0.41444755755660695,0.440033400740714]],[-106026762.34830336,-106026721.77067053,[5.4332078889448905,0.9779038110481699,0.746058009171498,-0.3870493391655838,0.5262430629213092,0.5148069413462436,0.4058120810929691,0.25201416349500017,2.4411947170310277,0.1,6.33681011989391,3.2161609181173714,0.614601258243652,0.4150108432619868]],[-106348610.41520874,-106348609.27358627,[8.034418930996813,0.0,3.141592653589793,-1.2620694571379956,0.4710798094147658,0.3348677700644227,0.7577191596294459,0.5408212310888217,-2.5692563706447427,0.29112100970710975,1.8604292582357171,5.3387393058129105,0.4509288012026935,0.6764491226283696]],[-108209472.04246472,-108209436.2081188,[3.9723169375667573,1.0,3.141592653589793,1.1448499558872998,0.5038231361066366,0.4974318412311407,0.7551339523857543,0.2152197570333677,-1.9011585439668743,0.5608769517533194,9.0,5.861303356135613,0.5980858941266236,0.5701894077620222]],[-115055879.18181486,-115055876.01909506,[10.294082849650724,1.0,0.0,0.7248370250406815,0.598172985688204,0.5366260202242406,0.2457994800765257,0.8844976086288855,0.3585981042916133,0.718986694018389,0.7785659613915743,5.815917911904312,0.4202107110944204,0.3549086003241033]],[-116192952.6218645,-116192952.6218645,[1.8263874471528876,0.5224632401704344,1.9206472709304203,3.0069329110665723,0.45827743979917024,0.25268720197752526,0.38057880198871563,0.41324121976775885,0.5414470323954405,0.7669123639808166,2.5845954388337216,4.6812759555365915,0.6211333107878306,0.4412915387586486]],[-117781593.27013391,-117781590.80047429,[5.447094649558922,1.0,0.0,-1.0116871235450133,0.17605342653940015,0.483902727207046,0.57583395626735,0.885643639621655,-0.2514476189126722,0.3084747835946799,6.54625685120998,3.92025900418174,0.3279640783027377,0.495691963811325]],[-118704503.31517048,-118704469.33717895,[4.616510663293559,0.0,3.141592653589793,0.3416186528983174,1.0,0.5534119989243769,0.7565685068929844,0.8948686891507245,-4.0,0.6112008150523591,4.305882622591005,5.265480497305944,0.5685822127244121,0.4076996188186347]],[-118762434.87573048,-118762434.76740962,[6.164341055606148,0.13148848756220943,2.5774555245763353,0.7227688375584402,0.14710150423370333,0.3993559913623258,0.4924626729605088,0.9090704618162596,-0.7135898290763731,0.9,7.1168202252253705,3.132486860703212,0.4323713094150138,0.5022940351637104]],[-124434203.61730368,-124434196.00002646,[2.310563074951016,0.0,0.0,-0.17349998799843008,0.7870011581272895,0.35590489499786365,0.2665356552520665,0.720571000197461,-2.033825959659387,0.51159818743695,3.048496700541728,6.497707027160468,0.25292447191659995,0.5646580375214387]],[-131337792.4461683,-131337792.31772172,[6.069788265915655,0.0,3.141592653589793,1.1305106988982474,0.6309272638554495,0.8276079722491845,0.7596245723112309,0.63711038827312,1.121976194975283,0.6710366632755751,1.7557789197035238,5.386486594708867,0.5892984174874207,0.5505419607697121]],[-131626441.9154893,-131626440.98958135,[2.3452807532441944,1.0,1.0991565363282416,0.9539013678428094,0.4343461288715196,0.4631087411959177,0.21338463588993833,0.7040228188374725,-1.624628563071872,0.6930361203985791,3.0244502021747772,5.749390319250837,0.5309384980341598,0.5675721924949365]],[-132735215.61747248,-132735205.44106746,[6.336944212644063,1.0,0.3515254906271885,-1.1494383204562486,0.8141931264712887,0.49997672368940377,0.3613330437890001,0.18678584546237081,1.1539838740431017,0.1884959838733758,3.1165389774281924,2.3404674039804636,0.4525534156395206,0.5999240722033377]],[-132753789.99093877,-132753789.88878012,[4.57743762203234,1.0,0.29445051063700634,1.1262946590606797,0.0,0.7945909796013968,0.5178952691631841,0.7047062669734887,-0.6004289595996373,0.39662765311610343,4.931460876430614,4.2985736979812685,0.48676097988669137,0.6388139349168328]],[-133961904.44568633,-133961838.35175693,[1.924932533519217,0.6208667927221473,1.8458006800264348,0.3499853233752119,0.78133014472782,0.2599774569713116,0.5022497363934153,0.06373600131148421,-0.2863105232182778,0.9,7.703274288243205,2.663250544149059,0.4769827752096781,0.6131363190154635]],[-135331949.36355767,-135331948.91875136,[4.136223546628873,1.0,3.141592653589793,1.3356856527455128,0.5984958853837855,0.5939837271058861,0.1266424093440175,0.43908609199564286,-1.884523984503725,0.5944577445180355,6.560305377466214,4.288780529383982,0.2938312296692002,0.6446217927348291]],[-136880873.32698298,-136880819.69308352,[3.0724637979946774,0.6130012162087294,2.4909605246167574,0.9027997594285913,0.4168353914915977,0.6473527049929775,0.7866936786492215,0.0,-0.1723936048415711,0.5898953335320684,5.28312151834606,5.064479825071937,0.5697028748635513,0.4357053080055168]],[-138246257.09086367,-138246256.91527605,[6.100783350631042,1.0,0.4695651315290892,0.6188221884365599,0.49926933555375,0.6687486543097918,0.8231106440285256,0.755168457558287,2.367618762514307,0.2613348126047541,1.6335678313322415,3.912012519997325,0.6282645674010696,0.30770852771221985]],[-139981280.3545879,-139981280.29315293,[3.970174716654861,0.057507475227697336,1.6415808514343049,-3.6259423936457367,0.48632956876812106,0.5388579740835733,0.479898941059118,0.5213806065042428,2.902128436688665,0.9,5.581794400973397,4.1531611196756,0.5054817841586811,0.45590110931667766]],[-141448358.71526444,-141448357.90794587,[2.7420156173329007,0.7171990179951502,3.027697955896625,0.739149879702987,0.831218344708478,0.621375524584973,0.3030270464524901,0.9109984968991902,2.5207024162700833,0.1,1.3775897155772814,2.8226333370855388,0.3922390455540484,0.4620561091839706]],[-142181086.52197906,-142181072.4755584,[5.435513634869383,0.0,2.080735979821626,-0.8281750349964472,0.3453280462070085,0.6962980314548147,0.4687570673047957,0.0,0.5770309847111169,0.30446356993748647,1.8233094768530154,6.2798425691079895,0.466041417927833,0.3042128674036896]],[-144715231.8074849,-144715226.37783265,[3.6376447278083823,1.0,0.06740391091627296,-0.9227440773287512,0.37693690604475705,0.5337915452356534,0.04729334917948613,0.5732512629691342,0.6636135571700172,0.32335697950269415,4.070284086872123,3.9342609019470793,0.6509594582025028,0.6609122078207393]],[-146403712.54319286,-146403710.19470102,[5.050298549345237,0.041184842071086525,0.0,1.3889789939717423,0.2620377257308136,0.676632639073276,0.5696474046384059,0.5785781829008401,0.5345726146403964,0.9,3.2658980989698385,3.227783804351395,0.5258201236490431,0.6495663029800341]],[-146414624.80317366,-146414624.80317366,[6.638821083168978,0.6891058577686491,1.0221360677664926,-1.7871247396010097,0.45910569670475393,0.591198072030521,0.300358792261272,0.561087878348285,0.8099254698903089,0.6126806536747919,5.408480925558665,6.052068065447259,0.4605307928675795,0.497148730407342]],[-151636986.87500212,-151636986.87318563,[5.307879279507215,0.0,0.7253275078325429,-0.06429730138086764,0.5103910722337714,0.5542536377993099,0.7455999818038871,0.7631397391747172,-0.8867674259593864,0.7223892014834519,7.249322681214357,3.734870029917858,0.41248307324664063,0.5704716762475923]],[-152498280.24438703,-152498279.8146497,[8.503537534791107,1.0,0.9164636122605699,-2.7455516511300395,0.30857471454184987,0.6550518014581623,0.47585005791010543,0.47538261934299547,2.557586043853249,0.7941887545281658,0.0,5.608078364407197,0.6541912851338512,0.2700611040530202]],[-155791184.8541623,-155791184.85398257,[5.8731476070644035,0.6505760178491179,2.4959016149272415,-3.5980787389000075,0.8918813411503836,0.6462102758028548,0.2415443868305744,0.5112329580479626,0.26744204001069494,0.6674205377933728,5.4336751498445635,6.567215999943954,0.4655208697903796,0.4674149634066583]],[-157330751.79548955,-157330751.3049822,[2.47431682718306,1.0,1.0581232488613028,1.9115664186702954,0.3856279295193165,0.41348390470675445,0.7667750713298642,0.8247179163170172,2.2681268502128926,0.9,6.040251398167525,5.25703960728486,0.45767419569854156,0.7027616528607971]],[-158602551.57649606,-158602550.0782299,[1.0858976691955782,0.5139545805347564,3.141592653589793,1.2664096770344901,0.5600973159020673,0.5384543567033329,0.594939013328288,0.46288775490624656,0.09106998469026042,0.4297039363415631,3.126498673992576,1.7201792364961817,0.49452150977834486,0.4569339904086062]],[-158801725.44044042,-158801719.48182285,[4.510296471796216,1.0,0.4592004271680845,-1.1548509195037835,0.6601312582577459,0.639240591851175,0.5757317489677919,0.7706899404021492,0.18077584760560542,0.4146314717196393,2.855029059911454,3.4856617560752463,0.4092171936807446,0.5376552490903324]],[-165687779.8687272,-165687769.9162382,[3.489721604995153,0.0,0.0381248150059732,0.8790668041398881,0.46619117878407434,0.6449472259585365,0.4034048519413355,0.22141037560322485,-0.9745678828527407,0.9,3.1630124344775012,8.03054117295199,0.5913416860325146,0.4981833666483445]],[-168485608.48127732,-168485608.34587824,[9.696081133889603,0.0,2.5019695380524833,-1.0039913882502565,0.3669057696964063,0.5487490986592319,0.41306162358577464,0.9416403228359047,0.09547185048735125,0.8203412387549396,4.495707173385951,4.05091459941187,0.5655770830252833,0.45297893130618627]],[-168682133.11153933,-168682132.89341247,[4.275163142448602,0.0,0.23751931064324894,-2.3304616992200327,0.2514176043592053,0.6734238458266766,0.9524525444641956,0.40768463445961145,1.5301450172710902,0.663869294810054,2.1411774375683805,3.9552251461693513,0.33350802032794935,0.4524274168403456]],[-171485677.03313857,-171485675.1751123,[1.356513223750869,0.0,0.0,-0.6040501071390068,0.39867167948917387,0.349915783402329,0.5559466120414579,0.9623678692147435,-0.42364811773962263,0.9,4.868822219864947,1.5652020718823003,0.5451648005441732,0.5886672590541241]],[-171923547.10148895,-171923541.15487087,[2.5590196787359467,0.4018079967750397,3.141592653589793,-1.5871230334561388,0.47418247114348333,0.6760433007654361,0.14603510263098168,0.10687603156846259,0.34605043289080584,0.13868978666452952,2.3904531699408995,8.20971341813982,0.6204666190912682,0.483465955105224]],[-172376532.87317166,-172376532.69375026,[5.570798443347638,0.0,1.3262111511813193,0.6827109875903766,0.5950345969568803,0.7231386981831958,0.4805800977958064,0.5219669610409232,0.6217839606613373,0.28330288549089433,0.18071453960797035,3.1661566932450533,0.5749373393274058,0.42478687396292064]],[-178464314.01660523,-178464313.098992,[7.981160822522428,0.6793920614896205,0.03309133444541201,-1.3573275430290146,0.21983673556797456,0.7986448791852477,1.0,0.5487162326950982,0.7232699736597739,0.28147662021092257,2.6501066892601264,3.53252552373063,0.47944349418003274,0.3858454777797928]],[-180651817.31127504,-180651798.352135,[0.3982875513537758,1.0,3.141592653589793,-0.005423091350375786,0.13070300065479107,0.49554640357363217,0.0,0.17303522940173444,-2.5937862848922606,0.6480534615893597,4.480713029682498,2.5822423910113423,0.31976074451718606,0.4399151477738592]],[-185885304.68359795,-185885303.53157115,[5.421543823249865,0.0,2.668650663960762,0.24692964539662943,0.7749314580427933,0.7668114439567675,0.45868703447953074,0.5390048188866188,-1.20232576864914,0.1,4.1199824652156956,0.7218793485338986,0.48992399971721173,0.5165810865096973]],[-195709793.07425132,-195709792.17614412,[2.336681399098234,1.0,2.2691530491256557,-0.6505243120005536,0.5615884955392351,0.7111753885297093,0.82822780885822,0.17286872683575627,-0.22887964870101268,0.7746146624650563,0.9890191505008539,6.0534095494619145,0.49468179882382823,0.5152330406252051]],[-199611159.6973991,-199611159.33440113,[3.5711819063610024,1.0,1.2855162438537104,-2.343055614482796,0.8327309937413132,0.7231325048016988,0.3266775618533224,0.5154811680587637,-0.8227677982156753,0.16315446401895867,5.825578031224209,3.4501960228069937,0.601928481960708,0.512357196040499]],[-199611665.4354338,-199611665.21905756,[6.180708591223613,0.0,0.532551056893172,-0.02890243215086759,0.5411919241347429,0.8377108681257548,0.30847664201672464,0.38265981880247946,-1.6551252318482037,0.22297929991713344,2.4345268002424607,2.0675534072142163,0.6943073706291314,0.47713662580500565]],[-200477194.51957592,-200477191.1066333,[6.779857908803275,0.0,0.0,0.3429884930132616,0.6088990937395338,0.816838416758628,0.4003363277039194,0.44556507612586616,-2.1570355309396936,0.7725055407658452,5.121700322071524,6.167798594940372,0.573232816771234,0.4083344060995112]],[-209051785.12399358,-209051765.51659906,[8.122637421637162,0.8530490854714714,0.0,-0.8158888867154979,1.0,0.6083549053881776,0.29677995955528147,0.2899616523559767,1.5342351170037847,0.7980530654074885,4.309651016997067,2.9270547181925277,0.7131565635092267,0.4334424442196445]],[-215537269.62308845,-215537268.3213755,[6.053423555309228,1.0,2.5642369698808842,0.3279574303303697,0.2797110007385065,0.8828007929041701,0.6415595635789784,0.6711994774921319,0.6459632764140972,0.6798563244684109,1.425721214026927,4.8291268976332535,0.3604549434666745,0.38492448587420225]],[-217660776.3509605,-217660776.3509605,[2.8672856197704006,0.21906930753379283,1.4230632767838258,0.5123268346046842,0.8329058546356136,0.7432615629547807,0.7317189052989183,0.49839009982690546,0.9859000313040325,0.4860116377429096,6.854237629728452,1.949801309581876,0.46650491211221623,0.5831798978414303]],[-257595252.07513526,-257595236.7593565,[1.4107627550150195,0.6299373599643131,0.35763128116986653,0.110833252383391,0.6172955130945118,0.7598112711663925,0.284174020807155,0.7155236384153193,3.6177766828879525,0.5089166298227902,3.532124410405846,4.3208947680379115,0.7035053161873935,0.6973873654965866]],[-265460080.40915608,-265460080.2672732,[6.613310570943089,0.0,0.5874594969930841,0.15354693251066232,0.7741134543518993,0.8299799781045668,0.3105276860000955,0.5611623502349566,0.9134288646760695,0.793026719885219,5.349506858880918,4.611891277139176,0.5224221310633612,0.622707220677801]],[-278272541.43734294,-278272518.3137926,[4.186000524066626,1.0,0.0,-2.047580279416146,0.2802413685402579,1.0,0.20838155118539003,0.003849615276216911,-0.05081328695257902,0.28440792909477886,4.366360341654291,2.5129162128391895,0.4952937361594141,0.5119961253316231]],[-292756556.55653113,-292756531.4329692,[5.586595883165826,1.0,1.37984598780843,0.5179544340529711,0.7979764851290094,0.8768984071054513,0.029535075741290773,0.3270145111955325,1.1884126726880473,0.25032240308319487,4.906322659940219,4.6634266400433955,0.44529238043889063,0.45955933949132566]],[-304175375.09878397,-304175367.23972344,[4.265414495218176,1.0,1.3460755906574668,-0.9810636971597149,0.42846432229218967,1.0,0.8099697560338472,0.03453224237323904,1.666386709786783,0.24364042447157036,2.770848551107737,5.667587503934783,0.517674370737229,0.573697254730393]],[-420417936.9185273,-420417918.4536965,[0.0,0.969806762579001,0.0,-0.21271279066420018,0.6757531028624033,0.9139328290904877,0.28477222475767094,0.23522481998644168,-2.7776164395204974,0.8685477024374938,5.282578368856246,3.857000731586232,0.6038630178179054,0.45282529083128054]]],[5.241952395355258,0.49867740433751784,1.8868365920215446,0.41632489449302035,0.5630447839606104,0.15204642401429874,0.4672473781868091,0.3982383284638849,-0.40993531753921486,0.3916580678212068,3.948352526516512,4.682328860898175,0.5070053186391906,0.4406426922477616],[24.03048451568839,3.5876078035801395,9.240432106235582,8.674406470741928,0.23840302459436186,0.2856948295027068,0.24686171695696366,0.25499872768483234,9.043822268064627,0.23679630210259386,15.88422550120831,16.21024819357046,0.03930709368336077,0.03924195452890852],[[24.03048451568839,0.1263551445383749,-0.06579756596658524,-0.2129237575250719,0.0075851533469212164,-0.005888402096847915,0.09615308982770647,-0.05246914806238076,0.5721875236761012,0.06360000816371451,0.19070863231071877,0.17315908054303303,0.010709427343743277,-0.03470745682231796],[0.1263551445383749,3.5876078035801395,0.03190534099277534,-0.0811564622911164,0.011799734778262523,0.005895510224334702,0.009610670064868857,0.001770858654560459,0.05518545871561341,-0.0027733290629841844,-0.009385308484152427,0.009019593069418694,0.0006026451123486417,-0.000978986619878965],[-0.06579756596658524,0.03190534099277534,9.240432106235582,0.01902467068765846,0.021830553313527446,-0.05391747257130522,0.0008804226446204441,0.006831246270509514,0.04437112501419889,-0.034312570361056755,-0.06667009464895823,0.3530802886589499,-0.010430313534907002,0.0019648559517183575],[-0.2129237575250719,-0.0811564622911164,0.01902467068765846,8.674406470741928,-0.009595918594448454,-0.10632955539247428,-0.001994588842999254,-0.09107338205616212,-0.05802456733469103,-0.0027478186818917756,0.30492206098729197,0.31488901404281827,-0.007038583454391342,-0.019872747652202705],[0.0075851533469212164,0.011799734778262523,0.021830553313527446,-0.009595918594448454,0.23840302459436186,-0.0052656081170147865,0.005759677850647886,-0.002530658612825687,-0.058515194466876315,-0.004465401531958379,0.009622528886383028,0.04321091296319363,-0.001730423383462164,-0.0032372749369059804],[-0.005888402096847915,0.005895510224334702,-0.05391747257130522,-0.10632955539247428,-0.0052656081170147865,0.2856948295027068,0.00965197918578382,0.019675288762374718,0.06157186357310854,0.01746244532282032,-0.02343989477182373,-0.14129102303017244,-0.002445436642408201,0.008456240616081582],[0.09615308982770647,0.009610670064868857,0.0008804226446204441,-0.001994588842999254,0.005759677850647886,0.00965197918578382,0.24686171695696366,-0.003481098599074453,0.08296578698503158,0.006019904299104356,0.055503862972746634,0.06982914161490116,-0.0028201553813476444,-0.000821907065343707],[-0.05246914806238076,0.001770858654560459,0.006831246270509514,-0.09107338205616212,-0.002530658612825687,0.019675288762374718,-0.003481098599074453,0.25499872768483234,0.04443335926898708,0.0023529138266002707,-0.061058318832149135,-0.06907273892679987,0.0016869600520119786,0.0061562037669299075],[0.5721875236761012,0.05518545871561341,0.04437112501419889,-0.05802456733469103,-0.058515194466876315,0.06157186357310854,0.08296578698503158,0.04443335926898708,9.043822268064627,0.030998533207272676,-0.231951732931283,0.25280275914626726,0.012221608346989307,0.010105089746924078],[0.06360000816371451,-0.0027733290629841844,-0.034312570361056755,-0.0027478186818917756,-0.004465401531958379,0.01746244532282032,0.006019904299104356,0.0023529138266002707,0.030998533207272676,0.23679630210259386,0.036387316143229285,-0.01600067609015827,-0.0007735018104256112,0.001002714718588195],[0.19070863231071877,-0.009385308484152427,-0.06667009464895823,0.30492206098729197,0.009622528886383028,-0.02343989477182373,0.055503862972746634,-0.061058318832149135,-0.231951732931283,0.036387316143229285,15.88422550120831,0.5714715537675529,0.010284316526131472,0.009963384274211425],[0.17315908054303303,0.009019593069418694,0.3530802886589499,0.31488901404281827,0.04321091296319363,-0.14129102303017244,0.06982914161490116,-0.06907273892679987,0.25280275914626726,-0.01600067609015827,0.5714715537675529,16.21024819357046,0.0204742487505693,-0.026801772569438564],[0.010709427343743277,0.0006026451123486417,-0.010430313534907002,-0.007038583454391342,-0.001730423383462164,-0.002445436642408201,-0.0028201553813476444,0.0016869600520119786,0.012221608346989307,-0.0007735018104256112,0.010284316526131472,0.0204742487505693,0.03930709368336077,0.000694559619057599],[-0.03470745682231796,-0.000978986619878965,0.0019648559517183575,-0.019872747652202705,-0.0032372749369059804,0.008456240616081582,-0.000821907065343707,0.0061562037669299075,0.010105089746924078,0.001002714718588195,0.009963384274211425,-0.026801772569438564,0.000694559619057599,0.03924195452890852]],0.6469891381018955,[[0.0],[0.0],[0.0],[0.0],[0.0],[0.0],[0.0],[0.0],[0.0],[0.0],[0.0],[0.0],[0.0],[0.0]],[[0.3665339202312386],[-0.005009003654815634],[0.7619856542714811],[1.0511516493724895],[0.9550660484796746],[-5.271152123840497],[-0.49616978800367645],[-1.5415885568171168],[-1.0350190220839783],[-1.6412729896148495],[-0.09780101008168375],[1.2920758229356717],[0.26530910135456637],[-2.2480110883852733]],1,100,-48683532.97453544,-48683508.85315877,[7.5997718698615415,0.5190313027372798,1.4889397757685476,1.961399868720681,0.47036812232673775,0.026761935355198774,0.7309089625668973,0.0,1.3649100316961336,0.515210019924277,4.88214935719653,6.486250996376722,0.45348811577975756,0.3506455187896808]]
