["generation","mean","variance","covariance","_sigma","_p_c","_p_sigma","iteration","num_evaluations","best_score","best_evaluation","best_solution"]
[[[-41145114.77884921,-41145113.29360539,[3.9630957335504364,1.0,1.624892737213946,-0.5398562927323723,0.45837107235897073,0.139679014080336,0.7809358413447026,1.0,-1.8152667212409743,0.3138901330615884,7.95164095958544,0.8213898247583682,0.5980395257159691,0.32224627968337927]],[-49207514.84897305,-49207514.02562904,[5.63230009359187,1.0,3.141592653589793,-0.7317070451909214,0.6562258188351728,0.2329708802359663,0.505015615894415,0.6001716192334197,0.9405362900534749,0.1,0.04797067744863126,0.8192731003275524,0.6145049371502425,0.39849514866070057]],[-50609155.56001625,-50609155.52682316,[9.695909236884638,0.9893608958030653,3.141592653589793,4.0,0.4858077571624195,0.4556281788959474,0.17718338756226687,0.4751454415136969,0.7223031860746914,0.15406022300885236,1.0736572791258596,5.951974630401763,0.5748714042194026,0.3452237899344932]],[-59942122.743689284,-59942122.44271022,[5.081573706153218,0.5382078109202479,3.017400298875407,3.0317592403112013,0.3150016019042656,0.0,0.6280835258316116,0.8810248715486817,2.72205096094574,0.4249908927323748,5.395715981519193,5.42313804422426,0.5141097939880754,0.4661507137761193]],[-60870323.11179384,-60870321.20113397,[3.605426689489784,0.0,0.4420996339744707,2.4549996760503747,0.49835040471397646,0.31487082671153566,0.560774018203865,0.6345609557109487,1.0147302683967796,0.33566747284755316,7.864673988565297,0.0,0.543470901860241,0.37299702423066305]],[-62587248.18414017,-62587248.1690014,[4.029140252973932,0.0,0.5979237641643805,0.9403245457920792,0.4393288454338022,0.25349916098171926,0.6422549344420164,0.6066449054651457,-0.32672296552329205,0.3068101558950347,0.2169219254237209,4.91371727806479,0.44187968890086354,0.4197644047775232]],[-70662273.94320452,-70662273.93046665,[8.334432717580457,0.0,0.5991799798809145,0.6899898142611167,0.15983230404926912,0.29768473680882684,0.6794368358598826,0.4578053405879599,2.459135880990715,0.609472213078099,2.718460461079203,4.136268897595349,0.49701474863527606,0.38210043346648653]],[-70755821.44261198,-70755821.32928288,[5.62231416310299,0.0,0.46227807303372326,-0.20181800475667425,0.5408612396157432,0.07234767394583841,0.3543409394066596,0.7170663829114562,2.1193846461301877,0.4891678036724874,8.435510437037948,6.038670114413433,0.5213252473018611,0.5114915649940158]],[-72071334.09932162,-72071325.85515034,[6.109277760472055,0.0,1.0845578443171107,1.5113143137816776,0.9020020659019041,0.23102958036555554,0.0,0.27080186118177707,0.19547740348477033,0.415589777247091,2.8446365223002266,6.053131167543555,0.4693458503199136,0.486714518050387]],[-74661809.70379521,-74661808.02670014,[4.905820956440383,0.0,0.29141436071233784,1.5245116720382133,0.7965413513872421,0.7871350213485682,0.9946544592184741,0.39981750606894834,0.7362207671193335,0.36984497965966345,0.0,3.5350036596036647,0.32729089211024565,0.3549982922568884]],[-74684906.72619365,-74684905.41456795,[7.382059519919617,0.0,0.0,3.436653102118359,0.26429544005200467,0.4470730054666852,0.17499299915405936,0.6639416814487729,0.3643225859491482,0.2892147093634986,3.6649885334584145,7.1356467805085995,0.45676296316200266,0.4773175153756587]],[-75804135.7967448,-75804135.76866025,[2.1534521747873936,0.0,2.105947607642399,-2.18409437639034,0.24989597676393915,0.4082225611052896,0.5961626111951148,0.6275020287064231,-1.3862494164089898,0.3045212055816357,1.8649724322463035,2.7924769562304705,0.41358345825678605,0.29235467687516525]],[-78019623.3864829,-78019623.21106833,[6.037117563828156,1.0,0.0,2.2301342965986737,0.2955587557755862,0.3706588707733914,0.7755246100287865,0.4531128846990691,-0.5938608620280327,0.5070903337475168,0.9207194597732573,2.2638449878995237,0.4747361074059651,0.47357030451156035]],[-80449673.07005237,-80449672.66867387,[4.742996844354391,1.0,0.0,-1.293732216435694,0.10911118269595033,0.3868545823051204,0.3490447825017983,0.5101683302515824,3.270889738663657,0.488877348826482,0.24514511397375038,4.642577919110115,0.43158451719764845,0.3636369440968995]],[-80839382.68843797,-80839381.74710667,[4.317742817878943,1.0,2.905130832288914,-1.2632859343994434,0.5568126523976268,0.47838749949851955,0.0,0.6285435861392562,-2.124024751502348,0.3727006107723536,7.697413601766177,3.5382327156464672,0.43582680562833737,0.3545215022167638]],[-80942048.50168797,-80942047.32516474,[11.73951486021954,0.0,0.5057665176548065,-0.988260221377269,0.6233229476920713,0.4183578392622394,1.0,0.799882230768034,-0.4465450962410512,0.1,2.752310406119867,0.0,0.4415676684489044,0.39518549922128865]],[-82291671.7349147,-82291649.13739002,[5.268058136818879,0.8422720831158661,0.35636879172228153,-0.31853668617016706,0.7294203477424324,0.2737125034606341,0.2865623174415314,0.8338451713565335,-2.1507181153101884,0.6324348970296549,3.9630735745018724,8.756322844913544,0.5835285099797456,0.45463154283041773]],[-82516131.58591327,-82516131.58385259,[6.133085803218941,0.7819170244068689,0.8027088953986943,1.452600968215168,0.0,0.3099227330786679,0.8547930662755627,0.6976390552446067,1.198041708199975,0.7633209099682391,0.06880806751682345,4.602388977190378,0.4628836914730148,0.4111974878878505]],[-82587171.4995302,-82587171.4995302,[7.33231605424686,0.8005513077483213,1.0076381359200233,1.2303658786403489,0.07340260632048806,0.6965060269882895,0.47984727015993633,0.7634639156344465,0.49912744969609896,0.40782268208170935,4.231501532467981,1.9396849093595496,0.5867745062719792,0.4175697119730507]],[-84363666.87036029,-84363603.49130821,[5.19756832238049,1.0,2.5292858435531533,2.89077549004694,0.2106104940105612,0.6889007740636944,0.05267256104878176,0.12312812060589767,-0.28538350160598275,0.2849503492207703,7.899481661495377,4.401706600204637,0.4717797404960879,0.48669610255950335]],[-84408793.9504384,-84408793.31269693,[5.333938409100664,0.0,0.0,0.4197267682878869,0.6074741606146702,0.45387496272259165,0.6312996183218187,0.6411996070937276,0.6031564797951772,0.4656789181388362,1.7252919745208692,0.10628751901989641,0.6873049489267128,0.37523656823335755]],[-85030547.73618585,-85030543.38888818,[8.472836341411519,1.0,3.141592653589793,-1.3271631204330503,0.44671695719110394,0.20338366996781065,0.37808783715923655,0.30849415943878405,-1.1328616691849795,0.6881591100128145,5.5278698184505775,2.1873909374093303,0.49905742506072887,0.511924180164042]],[-85325695.07709782,-85325693.15246862,[6.1917620460776694,0.1446075260609187,3.141592653589793,-2.6667871633785007,1.0,0.3354831018938005,0.34882010210053,0.4714081775489509,0.47151940472590903,0.384994166096128,2.695450347304719,7.502196142794823,0.5237652426169811,0.4647040712580127]],[-86212438.95723195,-86212438.3138566,[8.500352972160186,1.0,0.0,-1.0337261426583486,0.22546749044621783,0.2928260118504259,0.7650309343810404,0.25743898278647637,-1.0843235100509183,0.49865913962821273,5.7128992390540185,6.94968688400981,0.5352438371607225,0.5108686834928109]],[-86591262.05736026,-86591256.0738113,[5.491060857213963,0.4191316085019041,0.022100303205962568,0.5608948652559291,0.636123465398716,0.29769403751466317,0.9583901560615073,0.029069854051507027,-0.5724108726125943,0.48508156024641924,1.3574376162590434,1.9263163088869235,0.546230590358623,0.5191660259370968]],[-87019387.98417924,-87019387.88250661,[3.3207173144839786,0.0,1.683896642057682,1.9257397352723644,0.2646767462013362,0.6598881075347276,0.5424996729779796,0.345510494195162,-0.3414074232626716,0.18822073878385343,6.23881889714904,5.659226788137737,0.4429422589151928,0.46436004512119033]],[-87060141.92620583,-87060141.07275808,[2.7793699054498173,1.0,0.6649908773588886,2.0895962592764397,0.8097361566847405,0.29736230661323404,0.8756715789192551,0.5399717185014165,-0.33035363943773266,0.4980277127606184,4.26228698785195,5.192285377072161,0.39367584624584157,0.49009424754602265]],[-88004188.8086707,-88004134.74390125,[4.816705273594468,0.40431777423920034,1.1732752568668525,1.07993840924684,0.48812011397978655,0.4807974102088548,0.0,0.23528631827425373,0.12615535601166342,0.4096662079177311,7.345832099166655,2.04836887575686,0.3580708622765796,0.39466450398532954]],[-89187946.97574835,-89187946.89618361,[5.405054445128428,0.0,0.868041599759489,-0.25873031733754137,0.37137702398361094,0.3657195006203673,0.4575040446198332,0.6003080327053477,-0.7090394365189117,0.5820284963331585,2.6248559260818984,1.8526972886082862,0.6194266354252309,0.40556828980157]],[-91294507.99842362,-91294470.62976193,[2.0849140842141396,0.0,3.141592653589793,1.4603339260773034,0.1728261237176062,0.382724520476157,0.5475223148585446,0.5460872015651748,-4.0,0.33751362545317054,7.852958820763623,5.877039612209803,0.5138396661829364,0.46633017176611213]],[-92710336.33797877,-92710335.334979,[4.452720832898417,1.0,0.8891326691608392,-0.01570816937806733,0.7219408632929029,0.31076238512608745,0.5152975653547653,0.13928122902818502,-0.4418553475590329,0.7852255788257833,3.217899359048009,1.9343346154783418,0.4629125528067233,0.46282430731953006]],[-93297248.16408567,-93297246.65093678,[0.31800682411338066,1.0,1.8224925340860811,-2.3148816218072774,0.40411355658116316,0.1078089579070941,0.18700307387179627,0.5658578565621694,1.5646745454887565,0.5098208684636811,3.5762607683788925,5.49000102181296,0.48569391051585875,0.5336576340932968]],[-93530705.90102085,-93530705.8820808,[4.71271028734057,0.42784458258887753,3.141592653589793,1.3845734597270358,0.5977185077658635,0.4420940606598179,0.46692513348988096,0.5228549313455207,-1.5571520508191807,0.3208232832845356,4.615788145193159,5.007073011744915,0.5367950708419649,0.5769488292159383]],[-94833651.26526277,-94833626.14838934,[5.116523409041225,0.4705377196827996,0.7254942655264368,0.06867406855252446,0.5666913496557562,0.2673994912069352,0.02508179054800941,0.948118511083992,1.6358466691554368,0.44329488522484833,4.931129914849549,4.9129626314639445,0.37677419573991877,0.5762915369737697]],[-95497793.25452343,-95497783.07201558,[4.185640396264706,0.12068789959345427,1.0203820002944863,-1.0706753744422266,0.6112716765086711,0.3866001344602348,0.4715650924373689,0.26359523482607644,0.8417220839536732,0.4508633549693026,7.753820755983124,4.294863877143513,0.39677085622365554,0.5002314864743165]],[-95850495.09556164,-95850482.21130735,[4.408118817182025,0.0,1.0091353282760522,0.11169982055886385,0.47193248757649797,0.1749478833348529,0.12036778674400467,0.35742329042890664,0.7943629807649031,0.6269734433017445,3.5084971640803557,5.565392413649567,0.20334205235788133,0.5226155288337438]],[-96224956.53543888,-96224939.7866087,[6.605374080265037,1.0,0.772514068488907,0.018310567956697815,0.24276458388446148,0.3743453315269758,0.4299130948074291,0.16850338797529518,0.44498173824107057,0.16172408652975717,4.06175940328703,6.149752009628292,0.5647173698701577,0.5846390908420593]],[-97229669.03283046,-97229668.86293483,[5.898187177409708,0.0,1.7165248595893623,0.008501358081510068,0.6857095433737374,0.390770825553609,0.5816109191610931,0.40712673323125775,0.10473597917886455,0.23946206930843777,4.052257869700132,2.768105230761055,0.41515331227999636,0.5217834608630725]],[-98390852.45252942,-98390850.81593025,[6.901225306387723,0.9702973352069939,0.0,2.44584024353076,0.5880853943350961,0.6009463955102948,0.5354523394762946,1.0,0.5832391396396513,0.7321155656910474,2.9966867824564787,5.516451201497134,0.6261647583172081,0.4434382541619472]],[-98592909.87695852,-98592908.50130725,[3.9205174330458696,0.0,0.0,-0.7299689702333423,0.3240364612748342,0.4674984546023149,0.4049335799313728,0.7796054459117998,-0.5760108328542832,0.1,2.367819426718717,4.848096181981701,0.47165706414408853,0.508700606462595]],[-100036751.5866425,-100036751.5866425,[5.4235138518788855,0.523039187095518,1.5898670926809342,-1.9288371363836223,0.6060319769486029,0.47876276541024343,0.5246761909072358,0.6165022645334215,-0.3951481209690768,0.5003987029662,2.9975661253436146,4.86166159777752,0.6612915319647223,0.42959030249972535]],[-100823420.2764455,-100823420.2739166,[4.101262526020241,0.8636590657822096,3.0993080166466234,0.5349549139726745,0.33529727845971274,0.44202683535013293,0.7700320855565471,0.38843662795794565,0.9043801263034322,0.7203121837323616,5.332751190843983,4.145505207799095,0.5768054439292434,0.37726455997633246]],[-104968454.27749527,-104968453.64648879,[5.004980478125409,0.6750034213814258,0.0,1.184708589881703,0.0,0.36605144713487603,0.6586455712429733,0.3967332074176074,-0.36139301956369585,0.47939061729960364,1.282758207560689,3.1077047988140567,0.5783735444858602,0.6134342642430243]],[-105881698.05158852,-105881693.46788675,[8.19722561849857,0.0,3.141592653589793,-3.1183394526923394,0.41615207990075376,0.24876901371395727,0.1412669380557186,0.9429351614854484,1.3895094245160917,0.9,6.226694888930018,2.9609559449665537,0.33482687508621445,0.536261044177855]],[-108894501.61162052,-108894492.39829206,[1.1365673300300143,0.0,1.9338944315155804,-1.1309118407210448,0.43769869321361815,0.30548076494743437,0.6716510006056715,0.0,0.7880402053391713,0.44474946755989425,1.901790075434071,4.362154328579657,0.3656640104503874,0.4221164958463427]],[-113610683.08987659,-113610683.07173645,[5.609382548895828,1.0,0.1751244018237259,-0.4432583331637204,0.7323965272832601,0.35870149416110897,0.3831402057446087,0.7163414010224064,1.2676939868319812,0.5300295224817785,3.3297313933505115,4.591476386528837,0.6418080699016104,0.6683043029238639]],[-118624722.84263453,-118624721.22751665,[2.616448468667775,1.0,1.7301240428385896,1.3920252316134805,0.37888853404194217,0.513835356467306,0.3391488720322597,0.843628800220646,-1.6316782280813695,0.5551277242880723,2.9958756947874834,4.639222601594868,0.5357035284680407,0.48869061894405447]],[-119126218.93875419,-119126190.2687248,[4.841681735959963,0.0,0.9497263971625899,-0.18841245491267017,0.6603388839600776,0.5571703184034887,0.7308487531601238,0.16683592294132693,-1.6485535735160417,0.3001207687052232,4.080067097675243,5.073858822667452,0.6241290098417955,0.4910447631730148]],[-122030476.53799383,-122030476.53532809,[5.8675486881694265,0.4640570021419563,0.5405034799423356,0.8836880313318805,1.0,0.7642470232212968,0.3611413231258948,0.5041510612876055,-0.8129808951150685,0.7319489857603854,3.8509474143117695,3.2744703387840914,0.2794802100643949,0.37674334053854974]],[-123039132.72566526,-123039132.32648754,[2.989387245661057,1.0,0.0,0.19763497749580095,0.9453377035571039,0.4088870248106632,0.4721598061656407,0.8709083268125317,1.9526556948792582,0.2796979074713919,3.60131220768237,3.878074020293826,0.41962526538967265,0.6792549045940062]],[-123062005.24862482,-123061975.51921332,[9.697939025605972,1.0,1.48728021420467,-0.3905006126690373,0.6384951221115069,0.437505467787737,0.6494722173746772,0.3109004931764153,1.9941268265158478,0.1891240698043452,5.424836479923706,8.535834769969686,0.5645189318158186,0.6812104804066433]],[-124506279.3123711,-124506276.89783704,[6.86065631896872,1.0,3.141592653589793,-0.5370002667166565,0.6723186662438626,0.6060439416108164,0.4241856644123704,0.15128493452883812,0.9863919885961727,0.22802982597651195,0.8298536736156872,1.4301792473158565,0.6149570412806344,0.45171438936565467]],[-125005004.01422267,-125004996.53278875,[4.703249958790826,1.0,2.34497860430655,1.05678162607363,0.561000678475037,1.0,0.2818250791618564,0.1845142834852465,-0.8136938107889125,0.5551587835042255,4.388455534552448,2.4955948558017615,0.4818851348829306,0.48146418689079656]],[-125847749.70504932,-125847749.57564354,[6.867182275797187,0.0,0.7594410458254237,-1.9789717967498683,0.4471223770179001,0.42697334935845455,0.7077925753976329,0.6411702092746205,-1.813811166148784,0.9,3.2501157863413512,3.1517689320694604,0.6025984399751875,0.46552763327868396]],[-127628517.98105015,-127628453.05198705,[9.8255253617853,0.0,1.0988934157595247,1.616724064358667,0.783452075179712,0.4192268601593145,0.5380245904186826,0.09580716474162226,-0.8130816705415829,0.7220879980934773,6.283238555973967,4.966665229094422,0.551300787913751,0.6852432572013488]],[-132895731.82575908,-132895730.73053145,[7.471185418694212,1.0,2.8275755533488125,-0.7339948126922995,0.3032472367434249,0.48904838020401276,0.6921982085964622,0.38811693717838175,0.3536388061485467,0.6274878370886466,3.8570660672659183,0.89731897558887,0.6506906497590608,0.5124865479088928]],[-133040741.21577314,-133040741.21165311,[6.638164608612382,0.7597384348407845,3.0712244198896745,-2.0280799640070803,0.04724907814854151,0.5177921020872318,0.6810208554599201,0.6163272450732489,-0.6035174405676514,0.3589767333481725,1.545132586680234,7.3234278267707404,0.4716681788062497,0.32666443512564614]],[-133640906.4253095,-133640905.86336434,[7.561319498256161,0.0,3.141592653589793,-0.3557276322606862,0.28534649510852267,0.573451311456111,0.48947108492367314,0.5517939715977377,-0.6034351377763734,0.7027420849834505,7.052713555934583,3.3654879611825406,0.38794265429710484,0.43373469706698503]],[-136635164.1986353,-136635164.1961198,[3.9867202855712427,0.043542964729003875,3.0192980427682965,-2.02851941249223,0.8822094013423104,0.5755142848384147,0.7398455353237953,0.357607623497208,2.8474559911312047,0.9,2.887332136931666,1.678838359811889,0.48099231483060845,0.4105691190810406]],[-137562680.9764044,-137562680.9428481,[2.0729341182586953,0.3422998712973879,1.9453621839538782,0.8748729003397822,0.6672547104170864,0.6057828088287398,0.9063367500947648,0.8196316342852124,0.5493225922466921,0.48645345334066364,8.220690600969794,5.413437319015298,0.6321355419468391,0.36420589786389235]],[-139971423.5600214,-139971410.19390202,[1.1482657322513026,0.0,1.835671083760553,-1.0284318969224406,0.4505589237739227,0.4985272017072736,0.5753142408416034,0.09712621247438852,-1.6054631598483518,0.5396810221710671,3.221786676670064,0.7674982878371384,0.4823176106614653,0.4715308393136559]],[-141292802.41310847,-141292764.6033976,[7.791365137798767,0.0,1.2314101763473078,-0.983643007231598,0.5902574397423679,0.48644862056528326,0.17062167919052385,0.588646338820176,1.9997050484075412,0.26764431358963137,6.081477890519962,7.056601715031672,0.4655533856468867,0.6059693555108261]],[-142334491.99288097,-142334489.53104436,[8.175074468096735,0.0,3.141592653589793,-0.7563975964825272,0.7140077916387259,0.6410400011029894,0.4690255290939691,0.5824810385544726,0.10109886510154714,0.9,2.6585094434326892,5.0286044627710105,0.353655166455913,0.33967309354863956]],[-150249113.72261333,-150249034.62832886,[0.9519723178270443,1.0,1.7744767913056758,2.6835708353080876,0.4115987611719197,0.4278320709452029,0.0,0.06494907394504934,-1.2580205606224322,0.9,6.362463873125208,6.03725438453912,0.472110592786331,0.47063282786189437]],[-151373855.63025352,-151373855.4864483,[1.3667826405285561,0.0,1.5400285938822178,1.9610941355239961,0.6156187494339853,0.6152418151787177,0.7421379444613028,0.6136401039816938,-0.20059026639843924,0.48617061639486786,5.592241320761657,6.672933534905384,0.6013392658047797,0.47288307888566494]],[-153204554.27313396,-153204552.69104624,[8.760083841957123,0.0,0.0,-0.07605724226060842,0.6885404592572381,0.59112757683744,0.5294989144544597,0.3332028420924277,1.8745301435202273,0.6943803688868566,3.6851287683795113,6.8173649212805385,0.7037084793278996,0.377866236797888]],[-156325059.91161102,-156325050.48903155,[5.385541896029674,0.4376793605455688,1.058530668010043,-2.1903708641157884,1.0,0.4577225606483594,0.14526722153184563,0.1455001961065065,1.1884945143558099,0.9,2.847790482052337,3.0298278282452484,0.5218194525201665,0.6616528067708982]],[-158079181.06126785,-158079181.0564649,[5.284086866854552,0.0,1.309823842245528,-1.314149596986278,0.8103330399195481,0.5937768855419594,0.6873031346453463,0.7992097656501818,0.8232069337911662,0.2959664564897375,2.731967543682245,2.4361394334236595,0.3749080234290921,0.6515077372115136]],[-159331145.16739392,-159331144.61527157,[2.856182446457827,1.0,1.8225305930692777,0.6188019304989076,0.17798949139348508,0.6692649322462647,0.7856868174046623,0.5586518143326269,0.4628226917263514,0.48250198424108215,2.614345778412932,4.325766886463461,0.43148525824732825,0.4353511030816937]],[-159335885.2363453,-159335883.8106705,[3.964372286183097,1.0,1.6733271762678688,0.3370112776716592,0.30053893885246663,0.5724917311795733,1.0,0.3996879199241344,-1.0233485283524733,0.4171242540756833,6.577067272445037,3.757037085743168,0.6143537276007873,0.6736955818364806]],[-161768273.98494297,-161768273.95958185,[3.5961793922741703,0.07140489079844342,1.8452444452602008,-1.182253741057919,0.44113660470366833,0.5769241016747342,0.24615491491152386,0.3942778078641413,1.1798210352701908,0.7525929217037961,0.8108244567653791,5.164770385360739,0.5316798937607126,0.5068116144861425]],[-165549195.4460609,-165549195.41998446,[9.794264622298373,0.1304708984039148,2.2538207858837334,-0.8590343937524174,0.269849963568227,0.7103075369501042,0.6104688206425524,0.6372210752111228,0.9704541628066594,0.1,4.662356837811654,3.0616102289770084,0.42831784510665394,0.4091032165677466]],[-167325012.38266382,-167325012.13286102,[5.984280917820493,0.0,1.9413526654302315,-2.819778847501186,0.6756954233652404,0.6704052433659548,0.7369594468344149,0.6412177243406922,0.36688622677889937,0.5405196475295373,5.1787399332358035,2.6200305894739233,0.5326201431745878,0.5904460934770426]],[-168013335.80362147,-168013334.62794602,[5.74784754515168,0.0,0.0,-1.0788860758035095,0.25478772478306655,0.670093872840142,0.5635073355381014,0.3664787995483563,2.1766292541577736,0.5129827518343449,0.4235318191042259,4.7438801976999905,0.4317514838363706,0.5303893379409673]],[-170505224.21422124,-170505223.52305448,[0.7255787355043921,0.0,1.621435355962334,0.7648258585398601,0.7995086254168571,0.6058853354856311,0.5881760207703524,1.0,0.2660123381342916,0.1,6.754186724690754,4.929327031626738,0.5439847373062763,0.5249987889289853]],[-175126612.91334724,-175126612.6330663,[4.4678828466741525,1.0,2.7894265701062437,0.5025236987942139,1.0,0.7936953134551868,0.5088605270693032,0.4173578271009971,0.07580098178251762,0.49187046806956597,1.0684519752029074,3.5754095809021154,0.566437084933533,0.2988059920075318]],[-179461693.9835157,-179461693.7748456,[7.564540366898308,0.6340516705595047,3.141592653589793,0.8008309207702846,0.38881854302800994,0.6807021824011092,0.20555956104561046,0.30125807047271314,-0.4224846867441848,0.6991705388442444,2.241853541041288,4.488909641409966,0.3901643367720184,0.5618856508952749]],[-181571243.1840198,-181571242.41950738,[5.054791469337321,0.6851777130830248,0.0,0.1369040202137212,0.5328579843142871,0.7576024383219272,0.6592500025229818,0.6926088009621683,0.7957017159899069,0.3196469833304203,2.946551034257335,1.4283267330417284,0.5326578333463172,0.5229276175821534]],[-181586236.54067993,-181586230.9236462,[3.9747749851769014,1.0,1.6391410912221565,-0.8315573164708596,0.13183981371635295,0.626923536326953,0.8704379371432927,0.49623262063163126,-2.128939948244229,0.8278446457758768,0.0,0.0,0.4765466861051363,0.5682247401534755]],[-184243268.07068628,-184243267.0610788,[7.0653870686332,1.0,1.955746790962521,0.5650764423847845,0.39764231646653314,0.7367622769896336,0.42806751374813135,0.45085503403450594,1.8197921693191903,0.1899538533031745,1.2938189309230674,2.1254705455359137,0.7005651013431277,0.4236371540486082]],[-184619055.3585409,-184619054.41405833,[0.7329252595530553,1.0,0.0,0.9767275853941689,0.8176765833336174,0.4694630864409606,0.6826863657209052,0.5087714059741898,-1.2899670288138598,0.8382569032584337,3.941523336061348,4.145995012181672,0.5496995077277658,0.5433965773079075]],[-188188299.49604306,-188188262.5262847,[1.2459844710925605,0.0,3.141592653589793,1.1444640579893912,0.9776785407629005,0.7393750976911636,0.4889582398409645,0.0,-1.351775444756273,0.5179762832167053,2.0655592708388246,5.536906777236431,0.5426012468976663,0.48810968294523244]],[-190024110.03286266,-190024110.03286266,[1.529407446692308,0.2972919701836677,1.306323383014778,-0.2337141070640479,0.32665030450006083,0.7372771913429214,0.3328142792295662,0.49353327742702546,-0.12265805079575545,0.36586200588604934,7.7231727557473135,6.206746623947651,0.40275059919685285,0.47881484229947124]],[-190053914.1255132,-190053914.1255132,[3.7916145578232285,0.08885306516454788,2.689638987216383,0.3380593043661444,0.4906903119393094,0.7252006646928734,0.4026637239125705,0.5226984183075256,1.2087068274534323,0.2962797698495426,3.3518353492782635,3.026804496832297,0.4282494778109916,0.642184221623084]],[-197640863.26785105,-197640863.26779413,[5.014741490912902,0.6830801826005518,2.3865749055563192,-2.4643358742505557,0.7158283568804426,0.7793327184015864,0.5843770534316161,0.3179658642096253,1.1466168415476654,0.4498182975622621,4.045179141188274,8.171782669781186,0.4826321062482533,0.44737682444216853]],[-198583141.4682354,-198583141.44571197,[6.335397916012895,0.6284750127526885,2.7263203577538833,0.6543690701457553,0.5186148417089224,1.0,0.46392755708769295,0.7269377739996679,-0.6198479102431895,0.5225701749162709,3.5476462479608295,5.942279303599452,0.6199840760297217,0.40977513648977537]],[-201554170.68862635,-201554170.68472135,[5.9537176403101375,1.0,1.1980854404167867,0.730192209839219,0.26929999245959224,0.7247422704986977,0.3106380567720636,0.5200432321796694,0.07315830706317084,0.8740048133988643,2.4770137742835994,2.6158909862736612,0.5350997717998012,0.4428618138041216]],[-209609404.09895593,-209609387.09950006,[0.0,1.0,0.465463496837752,0.6550721182570822,0.5935697653129582,0.31805364423812976,0.4274892493235338,0.0,0.1547813513655908,0.587444602489755,3.394889406721864,3.2038813286539765,0.4673385543266453,0.5126854074912004]],[-212258458.82239208,-212258458.09052145,[9.28681131412392,0.9746063019011162,3.141592653589793,-0.3069821282915694,0.8655785788160844,0.6470600371023628,0.2990459878787409,0.42245305380659914,-0.2861840919400609,0.9,5.253797439607307,6.085120179823279,0.5400372037588842,0.5640032883664576]],[-212723854.358051,-212723799.76830256,[2.452740672472504,1.0,0.23637148535877883,0.5582391399409431,0.05734871205052128,0.9453556066213915,0.10222790141888799,0.12557361712147014,-1.3421679778202904,0.3562750673031245,3.9690364706060954,5.990511486427462,0.38001788218192417,0.3153836072871228]],[-226474301.03181666,-226474277.94110453,[6.8045566913717455,0.0,1.6033999574075128,0.7889672517683506,0.5695503784260008,0.8062729016103957,0.15203149317620385,0.39277670903643136,0.6575876289191586,0.6769796469652539,4.759703990602276,1.5347544694719613,0.48733033748413956,0.5070183992478583]],[-243163087.20163026,-243163087.0313015,[5.749431613195061,1.0,3.1093272328484476,0.4167738051751656,0.36104800513721524,0.8209189531487988,0.4590913495057333,0.7898740517135878,-1.8019266502074203,0.8018065438761048,5.524882339679182,4.106645392236095,0.4422560202656778,0.5787697726121972]],[-264143328.4121396,-264143325.81731915,[10.125949584221182,1.0,1.7336291671529296,-1.0714133862217292,0.7898153366456092,0.9881811367638109,1.0,0.4233557036616389,-2.3350206986296707,0.5818622291734283,2.6184313189999875,6.858256406134734,0.5940113418362556,0.46937196402951403]],[-267626932.502721,-267626932.41353917,[1.6331085626381485,0.3416642545559892,1.6906098464952115,-1.1191210967129757,0.4759604900860691,1.0,0.746448116218509,0.40295678371535554,0.8799848352557564,0.6172632289809122,2.7419878013061814,7.614542793415492,0.48577814329130353,0.40286831055567845]],[-291054470.0926969,-291054468.74556303,[3.6135034437794316,1.0,1.8582246415757862,0.10563640480413841,0.5777358460347096,0.8773104931758117,0.16242396845986867,0.34735025222463106,0.6711647618646025,0.6542483105555057,0.9864324484394142,3.2957189830690305,0.5619096092227911,0.6938813210875062]],[-292844352.85871744,-292844348.8338717,[4.545587115893326,0.0,3.141592653589793,-0.9472825328230516,0.9283735203222443,0.8307358947007231,0.18763411928616192,0.11972414829808015,1.1055075157083616,0.6000604729982837,1.3635612853025174,4.221771998639742,0.43577923934342727,0.6112479215475377]],[-318667921.29743105,-318667917.42976487,[0.0,1.0,2.8151083202613116,-1.0512466226156305,0.54868931237772,0.5099573819666084,0.6516870122667602,0.9247080394547881,-0.9259262464384368,0.9,3.2315234679230995,6.110952557572135,0.567539959836115,0.49106128726736026]],[-324416821.6488126,-324416793.79374313,[0.8620875270417159,0.10654732146856416,0.0,-0.6583987104315319,0.2262961094050041,0.9521995842946338,0.0,0.3070929688052064,0.692878560047419,0.3684263259221337,5.216901513100182,0.12549775003585317,0.5705742570675638,0.5262487551906128]],[-418596274.6507746,-418596252.79218197,[0.32427537451300914,0.976791084457237,0.36159159469242397,0.8569227343295307,0.2507787653333875,1.0,0.25947706691025874,0.0033939017017541318,0.8161832345473675,0.6104160284384618,4.587500757628667,6.962289686182491,0.44129717833284376,0.5307519882141174]],[-533243704.4766741,-533243684.9093814,[0.0,0.7326560455018303,0.0,0.4571539140818721,0.47440538718511327,1.0,0.44564241966945145,0.1940476020254026,1.770021276287829,0.43972380189846794,4.23776876695982,6.900820071497533,0.5803840967001261,0.6107897571132632]]],[5.711154872398744,0.5144766600918188,1.4678283583695864,0.8552989367215267,0.4622922016558354,0.31111069327825364,0.5226353892467479,0.6177446762854849,0.34555348634916694,0.3590437815293325,3.698815402084525,3.5647828674454463,0.5150654065946932,0.4053632044875201],[24.239846598086096,3.612554142701076,9.335296294383898,9.73105578126006,0.24223157002093365,0.2520058879196787,0.2548791066752628,0.24854608979938383,9.015398408121928,0.24080930147398308,18.586479754592766,16.911076328319506,0.038000493851462216,0.04121036706306266],[[24.239846598086096,0.03923562797214049,0.07358967612380575,0.8353319579575547,-0.01916702753416641,-0.024692551862667222,-0.04516775753655537,-0.02099606431433478,0.4904987285467847,-0.06435483041803111,-1.0560267722255205,0.47762485109594016,0.012339691326922487,-0.02273147642678959],[0.03923562797214049,3.612554142701076,0.13451502464634657,-0.03269276714463021,-0.004669026608309775,-0.005574052454957597,-0.004876101226081732,0.009558926952447156,-0.07838436605970939,-0.007504777678472272,-2.4944714794792312e-05,-0.093767759835447,0.008140036845758434,-0.003612729191499535],[0.07358967612380575,0.13451502464634657,9.335296294383898,-0.016857341200765045,0.01789942186398798,-0.010878540210401636,-0.04556054785680143,0.005962310893132758,-0.026930640495117293,-0.03683541428330823,-0.04594253356043531,-0.01937701745951381,0.015591520176214822,-0.0017599521559624152],[0.8353319579575547,-0.03269276714463021,-0.016857341200765045,9.73105578126006,-0.04245734941663742,-0.04867622351570115,-0.04110871609562689,0.011983780245650342,0.566910871199323,-0.06608226606888691,-0.25430996112524623,0.5390796145089619,0.0022170919112187624,-0.027629258966928666],[-0.01916702753416641,-0.004669026608309775,0.01789942186398798,-0.04245734941663742,0.24223157002093365,0.0032227725325938944,-0.004219792461289937,-0.005417848435744798,-0.03843320640852537,-0.0027391806327804464,-0.019083324776961456,-0.0061812542579141126,0.00039485235841538906,0.0021600537522814232],[-0.024692551862667222,-0.005574052454957597,-0.010878540210401636,-0.04867622351570115,0.0032227725325938944,0.2520058879196787,-0.004261336146167278,-0.02045144177475632,-0.04749989616152438,0.010639973121629212,-0.06667091599919074,0.04487641417575031,-0.00415468384104328,0.007263281607346347],[-0.04516775753655537,-0.004876101226081732,-0.04556054785680143,-0.04110871609562689,-0.004219792461289937,-0.004261336146167278,0.2548791066752628,0.011194696968925002,-0.010990142238874706,0.0008212315231573903,-0.024089156021431055,-0.15871687437001525,-0.0004953795863891267,-0.0030421029720199785],[-0.02099606431433478,0.009558926952447156,0.005962310893132758,0.011983780245650342,-0.005417848435744798,-0.02045144177475632,0.011194696968925002,0.24854608979938383,-0.007934279941470427,-0.009318875297470233,0.12445723451910166,-0.09095240286731412,0.0039440113145960244,-0.007361908576207292],[0.4904987285467847,-0.07838436605970939,-0.026930640495117293,0.566910871199323,-0.03843320640852537,-0.04749989616152438,-0.010990142238874706,-0.007934279941470427,9.015398408121928,-0.005935596677589658,-0.5717838178399175,0.33389062251076024,-0.0021677521694503164,-0.003158088961235797],[-0.06435483041803111,-0.007504777678472272,-0.03683541428330823,-0.06608226606888691,-0.0027391806327804464,0.010639973121629212,0.0008212315231573903,-0.009318875297470233,-0.005935596677589658,0.24080930147398308,0.06014841608187729,0.08382139184975156,-0.00257364208376127,0.00803570193118628],[-1.0560267722255205,-2.4944714794792312e-05,-0.04594253356043531,-0.25430996112524623,-0.019083324776961456,-0.06667091599919074,-0.024089156021431055,0.12445723451910166,-0.5717838178399175,0.06014841608187729,18.586479754592766,-0.46581403203296134,0.020908175370604864,0.01809066545604881],[0.47762485109594016,-0.093767759835447,-0.01937701745951381,0.5390796145089619,-0.0061812542579141126,0.04487641417575031,-0.15871687437001525,-0.09095240286731412,0.33389062251076024,0.08382139184975156,-0.46581403203296134,16.911076328319506,-0.032196540039917974,0.05522375405337058],[0.012339691326922487,0.008140036845758434,0.015591520176214822,0.0022170919112187624,0.00039485235841538906,-0.00415468384104328,-0.0004953795863891267,0.0039440113145960244,-0.0021677521694503164,-0.00257364208376127,0.020908175370604864,-0.032196540039917974,0.038000493851462216,-0.0010235103950328667],[-0.02273147642678959,-0.003612729191499535,-0.0017599521559624152,-0.027629258966928666,0.0021600537522814232,0.007263281607346347,-0.0030421029720199785,-0.007361908576207292,-0.003158088961235797,0.00803570193118628,0.01809066545604881,0.05522375405337058,-0.0010235103950328667,0.04121036706306266]],0.6185460395505065,[[0.0],[0.0],[0.0],[0.0],[0.0],[0.0],[0.0],[0.0],[0.0],[0.0],[0.0],[0.0],[0.0],[0.0]],[[1.0773292113480697],[0.05482676630994253],[-0.24825986882809803],[2.1594886588182214],[-0.5712358057080601],[-2.8614859539135997],[0.34290373295906507],[1.78371525199859],[0.8724655237459756],[-2.135347131453871],[-0.5703310522362052],[-0.8241385744125014],[0.5705649794169799],[-3.5841343507241774]],1,100,-41145114.77884921,-41145113.29360539,[3.9630957335504364,1.0,1.624892737213946,-0.5398562927323723,0.45837107235897073,0.139679014080336,0.7809358413447026,1.0,-1.8152667212409743,0.3138901330615884,7.95164095958544,0.8213898247583682,0.5980395257159691,0.32224627968337927]]
