["generation","mean","variance","covariance","_sigma","_p_c","_p_sigma","iteration","num_evaluations","best_score","best_evaluation","best_solution"]
[[[0,0,[5.926174958553561,0.0,3.141592653589793,-2.282588773175559,0.49757938371885024,0.3801128448948462,0.421667010386811,0.0,1.0559640711691183,0.9,1.666438703174716,6.4696387430512035,0.5018505195961361,0.5723556398879948]],[0,0,[3.708250544310153,1.0,2.12080725222413,0.2754157909174481,0.666595422653512,0.48515260360241164,0.3917818143890841,0.4712761314698192,1.520933228492737,0.6383226794424227,5.3589700910154825,4.9531330086185115,0.36076847317110805,0.5670088428922627]],[0,0,[3.296003650136605,0.0,1.8456287083879972,-0.2827868446569778,0.6882608604471565,0.3339651756157922,0.5254109734727753,0.6747997019954095,1.3805093303815068,0.545697263888149,4.379028593151658,6.482917966525724,0.4307131045747676,0.434519942168537]],[0,0,[6.4193772862797545,0.0,3.141592653589793,-1.0149737465515387,0.4039252581876441,0.40335829549843105,0.46093053537500955,0.21915324939172937,-0.6639508765755098,0.6633321734504594,4.607110578322359,2.224074630302951,0.3657241680056641,0.5139292281314729]],[0,0,[4.991605625052435,1.0,1.8651985694423048,-0.4182947840215471,0.2715197146182783,0.5848950775061075,0.8224746039145079,0.359741755582957,-0.2646331835094847,0.5514517860403402,4.326592908663918,5.437255965363716,0.5852349348953966,0.4515447341577525]],[0,0,[5.3218588835944765,1.0,0.0,-3.8801723599316587,0.2607923821866621,0.5832088283184296,0.6723622118586252,0.9622312458405842,-1.1833654564994367,0.2156292086738762,5.568832470068721,2.0657632298963344,0.6370666225376829,0.45496121496301045]],[0,0,[4.501371185589869,0.0,1.2920727011423145,2.182034535557473,0.8866701516664115,0.5032257179710198,0.589968161297676,0.08961359550656528,-0.0031635839652652507,0.1,3.78340263342706,3.6367079305386603,0.30007324833947746,0.3264150005953369]],[0,0,[5.852984655259037,0.0,3.141592653589793,1.8352396134654243,0.4768068966032394,0.5562133079461153,0.7602924575421353,0.7381385124364638,-0.30160636807666547,0.5946314762467183,4.4469184261678665,5.28863999010153,0.5227493200944475,0.5963558089762574]],[0,0,[4.516334386205543,1.0,3.141592653589793,1.0209682472982695,0.5380114999314921,0.6734851850979424,0.0,0.42873845647698516,0.638479652374777,0.3085836062698212,3.4530422582560956,3.6300385099867465,0.497921686934574,0.4147174065058339]],[0,0,[4.47210118784207,1.0,0.9261716722075836,-1.2781687786516134,0.2979836698310764,0.5055829014907084,0.38550963153895,0.6864247369359429,2.4631312586457907,0.3865623612072084,1.1348106023853726,8.929947874415422,0.5689902239796555,0.453243392704477]],[0,0,[5.290535526433994,0.0,3.141592653589793,0.9137669140702884,0.30225220017045384,0.8823722854015461,0.5527689149921595,0.23526964446714776,0.020684857489038425,0.2241824888905523,1.836030984305931,5.424515024974205,0.5076320988466738,0.5196488310462707]],[0,0,[3.5359132572699172,0.0,0.6211996782843036,3.3186426967934857,0.6664432649761194,0.3281333333625952,0.42789947537509715,0.5392495310226643,1.8695733800392076,0.7696974956567804,8.41044700856758,3.613134697160792,0.5891365549878974,0.657977939276513]],[0,0,[7.540995814265518,0.8229383321204276,3.141592653589793,-1.7200705790732171,0.7897852311540086,0.68957279652117,0.5524894349450145,0.4907715791464698,0.47000691398515876,0.6142223676450074,2.6230097641297223,5.4951430483032615,0.6140529150641693,0.46255967129584613]],[0,0,[5.091459685634921,0.0,2.747889127769218,0.977464306989572,0.3523435171726824,0.2975422579069503,0.1284632213478411,1.0,0.07398511625853407,0.24014066558491398,4.4321692172268685,2.75135861663603,0.4389477452449906,0.5175533233400712]],[0,0,[0.0,0.4898503421094426,1.4617426055562242,3.054914956077795,0.7454364595147698,0.06995446736854577,0.4835365841037014,0.6284286706879176,1.8622609625569353,0.7024927317035373,2.3487360674458486,2.983846817012018,0.5770290745476512,0.4624861420420206]],[0,0,[7.2750664975016495,0.0,3.141592653589793,0.3288220150642125,0.8061551383460379,0.5007348889780486,0.8809118606445774,0.28516839724969173,1.3833996697687372,0.3251305650961655,9.0,7.107566268234791,0.5143191734370909,0.45851756276077255]],[0,0,[4.476605454491589,0.8422229663826013,3.141592653589793,0.7185476269229064,0.4674749672489832,0.2075834705541333,0.42594430949064177,0.0,0.37608731668482964,0.44649423923564535,0.6396508451660594,1.9220196842635966,0.538046482841722,0.6040781160843774]],[0,0,[8.676199836117181,0.038071549728482645,2.605128837940333,1.9084525442362739,0.4909764295106833,1.0,0.8164038205612476,0.48340022858214776,-0.7516398731153724,0.26658576139392254,3.0359005757652366,1.3738052539540728,0.40781178703329457,0.587605200271534]],[0,0,[3.1428726001269354,1.0,2.0635761294869774,-1.7920880775173387,0.24674120440049063,0.6645669414586739,0.522372108252536,0.7040564929877483,-0.6927696661968663,0.7138712844335395,1.5022707017004553,4.2180630501330985,0.4497687948738739,0.432042187807793]],[0,0,[3.6735120703344544,0.9965082405285501,0.0,0.11912175519510415,0.20055072885077407,0.8319071908912288,0.30379265594734833,0.46786006867089486,0.07320577875923777,0.24054447865991913,4.729448637254768,0.9870803002260025,0.2658398752137262,0.5397666094409069]],[0,0,[7.302154936989371,0.12184234994779675,2.7663740957297818,-1.3453690607844138,0.25770023518469076,0.46130730524276226,0.46919175496178156,0.8815319860093285,2.0850681079051085,0.6374418389150454,3.299597393941728,1.508438973457754,0.4742696795753902,0.473314254839987]],[0,0,[11.273076497433326,0.23274998827828886,1.5091351875117542,0.28084534285419205,0.3275656724583439,0.4798935302704108,0.2624381124610512,0.14228254877441837,-3.357450446615696,0.7529790176037012,2.6543886694848537,4.397152598354275,0.56672878040119,0.6264425491488894]],[0,0,[3.3282314588684807,0.15511203831776188,0.0,0.8091988822313894,0.5758934393489252,0.4192344560491328,0.33037033199127025,0.26270625911054624,-1.7160720379435686,0.6676625998447172,4.284255377786029,5.335486379940209,0.6530432752963121,0.4097656072085039]],[0,0,[7.56060063147527,0.48562097334797893,2.5751831948306565,0.45981642288446656,0.4170506264149259,0.45450545026516964,0.07614375511864052,1.0,-0.9947618973508352,0.2623037834309183,3.211969948305452,2.4285798268026975,0.34811638974363557,0.4243236293840636]],[0,0,[6.620396737411715,0.43946209827114346,3.001601190670817,1.6236211181254951,0.7642990982109108,0.18297701092165874,0.07769327173132856,0.3456387978823259,-0.268158731344976,0.5069675617082622,4.689657756853695,4.041163026673075,0.42667615116821206,0.5549633716164865]],[0,0,[0.0,0.8303429287398624,2.763634224543814,-3.3473605950793512,0.0,0.6259286207426508,0.47448675402048307,0.6074017796704134,0.7914066827492519,0.42205280893512787,1.5474788472975818,5.9098379427644225,0.6325726477872173,0.26640145310131236]],[0,0,[7.641420595661649,1.0,1.300683895880232,3.1052807961104447,0.8715969682607625,0.058048138019898665,0.39348509743706184,0.23284875776630543,-3.94563226425614,0.5399323247888617,5.2066647832674295,3.1962314158413516,0.3175023334430065,0.5840111586890284]],[0,0,[4.651873382183814,0.0929972705504441,1.5885539296059472,0.5221159187523796,0.4343051414577636,0.33334670280745393,0.15366018680090598,0.6399398317602011,-1.674105600663402,0.2724969065554045,8.177203618441656,8.064863099410722,0.3654067456144501,0.6405811437757234]],[0,0,[6.339041460968126,0.40489260503198343,3.141592653589793,1.4703238678940147,0.691762552519884,0.6362799673736821,0.3710104003486716,0.5479565305805307,-0.5098364111124446,0.712985806430195,2.8128347929582196,5.741802789009134,0.560250627960405,0.658152588013536]],[0,0,[2.7951893265302,0.0,0.5800785426865975,1.7165139905696631,0.8075059227566381,0.4573159520433975,0.2629437618091687,0.5144609236807348,1.170942862044747,0.41379315483328327,0.888017156074389,4.774846281954706,0.5966152518369168,0.47229837022680937]],[0,0,[5.075759267426829,0.5159882668799262,0.48197349491377617,0.2525443258391485,0.37798768633121,0.4318202020402551,0.8497624712440237,0.8375213072421114,-1.3644351082340824,0.843196896008272,5.4363797835098335,0.0,0.387474647014012,0.467193001652903]],[0,0,[0.0,0.0,0.0,-0.2429173751226602,0.8832072612497345,0.5519486613030025,0.5573611283603018,0.6504536463548705,-2.483429171823823,0.7246092782912994,4.087616737473339,1.671399795230013,0.4476703624830908,0.492013526803981]],[0,0,[8.877002552431719,0.0,3.141592653589793,0.6197059017737826,0.6038950463786251,0.7543398812858915,0.8695879744133924,0.4842447204531205,-0.6406924139825521,0.2958360973652925,3.8268442633637134,2.7011984027922873,0.43858399237108414,0.518890300218811]],[0,0,[6.336442742810856,0.0,2.341917992297658,-0.423656965397771,0.419909115365281,0.7555661033488951,0.304640907750187,0.4847919515467476,-0.12301263811506288,0.38411662012634396,4.591021978894248,4.597113029533656,0.438501373335706,0.5564322120782738]],[0,0,[4.113843273790828,0.2570231032824142,1.2271184940120827,-0.3159654562867271,0.6814431499143694,0.0,0.29208859232337875,0.3679412122954596,-2.558588658881783,0.8063892230490177,3.9970896211827114,8.681900743907358,0.41733176220899804,0.6901697768542155]],[0,0,[3.895452251653219,0.0,2.790229676870536,0.7924174734339133,0.20680677260448938,0.6640739723259328,0.6935554965987187,0.6705287282834075,1.5516214767916225,0.3766787491419375,3.9681525437547016,3.76183646234729,0.46856580515702756,0.5262918371260317]],[0,0,[11.609038663929706,0.4084487245985133,1.7930778470920563,-1.3516928682970117,0.6665625394874308,0.4372878891376195,0.3458497716056188,0.240350365274223,2.100440884695865,0.518993660439248,6.34657825001169,1.817260366702718,0.6596182050396024,0.5005134106912521]],[0,0,[6.172988290229415,1.0,2.111209102337755,-2.3368582542250844,0.4469853215578916,0.7755936514666959,0.616731724008931,0.41497442926646017,-1.5177982220053696,0.46852724571608995,4.866023608038174,4.305941926350178,0.40880173987567425,0.4575221364644838]],[0,0,[7.365974607959894,0.0,0.0,0.09597590834238669,0.38773048811119665,1.0,0.6068270684116429,0.15184277541225427,-0.07733986972059813,0.5082549381468866,0.0,1.2614185996261589,0.4796061843900674,0.46318533079895813]],[0,0,[9.004008494061114,0.49053245580785404,3.141592653589793,1.2437727946030135,0.791097225990067,0.7016291274051729,0.6759781017255071,0.5338522133913036,-1.2849651729547258,0.515390140285898,0.3984167533854648,1.7972185327067756,0.30906645996685256,0.5839852618893366]],[0,0,[6.375150278963298,0.0,0.6150315968480512,1.4039600657258002,0.438289384744464,0.4327488763144599,0.40795827228482384,0.6996534544690224,0.7618955009040813,0.14678731566216824,6.178669856701627,5.903860826742495,0.471180994771912,0.6515240569675906]],[0,0,[9.31287685311554,1.0,0.22848241413602888,1.6085911489692788,0.4974721359496665,0.31886973822229503,0.5810956636673525,0.32726929528928983,-1.4073301783805856,0.5261177602501471,4.982584757237934,5.614827444981993,0.4914599115819226,0.4369696878658769]],[0,0,[2.42444901493645,0.0,0.7229286422443479,-0.5864594576837923,0.49629087820672246,0.4169310930720607,0.5806076038029279,0.6642517913287562,0.8236062591883686,0.24659915599939897,5.3644386605651455,3.6565478204374204,0.5816415574065972,0.4934988305152898]],[0,0,[5.83649049122589,0.47363026830580146,0.0,0.5271937827472661,0.5111622639503233,0.5162057208217473,0.24521621966432106,0.435855245419869,0.1995244222946983,0.9,1.3621146988803021,7.599801828362123,0.5123138274867133,0.4294108938518798]],[0,0,[9.893348057518537,1.0,1.2553652781927376,0.4754121754817927,0.2919044272142582,0.8051356826246856,0.531972226325837,0.4086200603986734,-1.2951021232803495,0.5181954741770005,4.488897573638305,3.7199583677453663,0.43149729569398526,0.4608115767826436]],[0,0,[4.411503699435416,0.0,2.0170237457089124,-0.3010622910586458,0.9107087317885869,0.084597339670268,0.6487284494189074,0.7934965982477057,-1.8485092056999446,0.8425084737843117,4.829547944148999,9.0,0.5464374283801064,0.461742894000244]],[0,0,[7.4804653693771295,0.0,3.141592653589793,0.7828668797267261,0.531391715456067,0.9562635423060712,0.8598863768222942,0.34240236173793215,2.275884168267784,0.8106934798500719,8.308933503736492,7.2506420734002734,0.4539691923160115,0.3615427772281098]],[0,0,[5.838468435854165,0.0,2.7444101289467007,2.179044117329706,0.4435528299292092,0.24064065710029287,0.5435813217324463,0.5183632786660937,-0.8524984319461748,0.5793707391843874,1.3274652461458434,1.7846276322053467,0.4956202580295529,0.45470885877908007]],[0,0,[7.737062267078515,0.0,1.5060878673299518,0.9219598916019878,0.3192390514536314,0.9388681123963469,0.38395747105791544,0.8183294182425441,-1.6919315951986356,0.6499424628582037,3.337053731051887,0.0,0.6135639683366768,0.33174625386082435]],[0,0,[0.5084796679066548,0.3020918342261736,3.141592653589793,0.08656346943197293,0.5298009028069679,0.36739596775769445,0.7775159858146992,0.3819841003440432,-1.0797839680269785,0.3669586637405399,5.726096452339662,4.39527573439405,0.40854858404124883,0.35518622129946653]],[0,0,[5.933115481344616,1.0,0.6513212542913319,0.592466553063,0.9760384495870471,0.16283866977080946,0.3443109011967164,0.5493434621161727,-1.3528073276696189,0.4203909321469323,7.828345880703264,2.9625417365178595,0.44548690957022485,0.4532714910036476]],[0,0,[8.372088821436572,0.4536912595211101,2.461042953681549,-1.3048989479510806,0.27752829731401596,0.6257870722763629,0.6964730836666481,0.39529013532287244,-1.670368173601895,0.45903654633312796,0.0,3.2489010301805106,0.6381718320439932,0.6320322099431321]],[0,0,[4.005830542343297,0.0,2.5088170330973183,-0.6429261841655971,0.4032493975715216,0.0,0.417607359449383,0.5254523295630098,-0.21464328885753958,0.9,9.0,6.794406714397014,0.5151467848968638,0.46523174677152174]],[0,0,[3.174072448966734,0.6940447603676171,0.7680946614113506,-1.1590017083273507,0.3358348081905834,0.0,0.87645833321907,0.5924823204061086,-0.8843293205133607,0.1656066425863208,8.036406108568713,2.5926292790268657,0.3780902922379485,0.18076113529167692]],[0,0,[2.141268980281758,1.0,3.141592653589793,-1.851472012619133,0.4571737258962243,0.7522933587848534,0.8404197390101251,0.6930602613985435,-2.797481726462998,0.21489390677881615,3.108442605601987,3.9074566575741083,0.5873881725428549,0.5926106341069691]],[0,0,[5.191234602990122,1.0,1.8772204341734064,0.6695508455909147,0.7026647227643301,0.37466767106881693,0.6014705689303529,0.7138443629820257,-1.1696183184516902,0.6984947836014181,6.201676039424285,6.129058400087876,0.4751632170995937,0.6120585909171078]],[0,0,[6.854318275247369,1.0,3.141592653589793,0.571337259237174,0.6052561797242166,0.8692439388748927,0.7705767332287065,0.6678148778537695,-1.0403753972642877,0.1,1.9807578804472028,3.04504779823045,0.5282487290969348,0.43982526274751105]],[0,0,[4.864738327828366,0.8381525186769535,0.5718999289176525,0.46560326662577556,0.5424369009586101,0.47374107052993386,0.6621741251195596,0.930891692940451,-1.3451581220887203,0.5693054648877036,4.524229028727436,3.560921022375056,0.2653943589328951,0.5392062206975181]],[0,0,[3.4929714400414253,0.34986029399731833,0.933893565601161,-1.7800201354473772,0.44040152011709677,0.3880140790771289,0.33334868310726484,0.5293568533438492,-1.175651844741647,0.6176323558457003,2.693429998639017,3.5186491384926994,0.5082002684352479,0.522917043721507]],[0,0,[2.972049080250176,0.1912592721752846,1.371672007871093,0.2093641477904744,0.6458236793862542,0.35303826550479106,0.500919300968321,0.13345053622781855,-0.19083876800276042,0.7319229822481098,2.4597347925449213,8.729516719554884,0.4016552292623805,0.7874176041685237]],[0,0,[5.0504163305472725,0.3864608909523235,2.8664042254956588,0.789665589560147,0.5482149359330771,0.5724076889300944,0.518842517781672,0.5842817293086787,0.28493852157843785,0.9,2.848418816985439,1.3494335997882128,0.44446936767487644,0.5084480691657449]],[0,0,[6.297073631164849,0.5070942981171622,1.639262576490006,0.9036699708669625,0.2351435597950906,0.22183260179889547,0.451847733234865,0.6342411977777654,-1.4618230843277507,0.21047957364942693,2.2493314688120316,2.9748429418658233,0.335082175079245,0.46410834060171213]],[0,0,[7.509905357948834,0.39413388886595396,1.6837276853221304,-0.5170307057121094,0.7407502489243039,0.3846649043122175,0.36613572729381844,0.27674718806521625,-1.113003639346151,0.1,6.531267762377703,3.5001932814879595,0.5274431425236431,0.5365480406614943]],[0,0,[2.1687542192173312,1.0,3.141592653589793,0.7712185661933548,0.36792717355701704,0.7951335346056515,0.5743481353460224,0.5996411281332404,-0.25139634867566146,0.8691970154484394,1.6721739579669581,2.1708648318407207,0.5472898988437668,0.3800411684552991]],[0,0,[1.833782233559531,0.0,2.5412606901436714,1.3577214130953963,0.5580873695021671,0.0005864092865990878,0.3104078993172381,0.5883322997702165,-1.2742246604857193,0.3422741420186124,3.1696907487233412,8.079425741196875,0.5269857700419003,0.48362576905865634]],[0,0,[5.64963287043826,0.0,0.0,1.1744826112192792,0.8085950555073143,0.564947871940599,0.7732380246404664,0.9453520847879293,-2.5546578015025854,0.24750595738332154,4.928203047084271,0.44810268307691725,0.3774965200533109,0.4211913035011736]],[0,0,[9.664702938140959,0.0,1.7337794860949927,0.07061384920596848,0.23538332200654621,0.26659614706616297,0.27521609085207854,0.4942175217327272,-1.4798452958261243,0.12544112944070934,5.4101338206369824,3.71865316963527,0.5795681223699007,0.302399050349513]],[0,0,[4.911164923699489,1.0,2.6793366338566518,-2.5272868950985465,0.6836712390937839,0.09327295302513755,0.6530893456115312,0.11026501889091395,1.7159914161355765,0.31320049346420586,5.014842836103769,4.422166063534516,0.679905363611183,0.7685423087562662]],[0,0,[4.520355664649433,0.10757515983838345,1.4612504878324506,-1.085296395875206,0.4393706416432446,0.6312612786708038,0.6518111666108786,0.6593801747959964,-0.15578021641488782,0.7148577927587594,6.697170700358717,3.5969981441175527,0.6193709591470475,0.5753156337815429]],[0,0,[4.1258347572166905,0.8435569620777513,2.419716282672381,0.6196793453505361,0.8641347323056116,0.6206342100513073,0.7784771904893215,0.27125333664020723,1.9639024981535775,0.46612661542791617,1.79698032494692,5.510680658096108,0.4786790590668735,0.35465441116469854]],[0,0,[8.269307902719255,1.0,0.1737334904908847,1.6061797527658568,0.5196840950370714,0.237984807415614,0.3612290557601001,0.8081485470499143,-2.8230618195841535,0.5588862718723974,2.0048258237205596,1.8499298883012822,0.4107224778742802,0.44011362553427436]],[0,0,[6.339933260208168,0.0,3.141592653589793,0.13667017872293344,0.5623532487341734,0.5951290231361647,0.621401944537138,0.5634086643985198,-1.5662293189521308,0.7140808356352616,2.4004626862187397,0.7855556664095475,0.4628695875479522,0.6773298075631848]],[0,0,[0.026357327369078476,1.0,1.1574387380080426,-0.9951506646937567,0.9419687543373809,0.11249988518311993,0.6025592678526549,0.5266815189238264,-2.5711742367871406,0.1,4.841103351525992,1.631894001651657,0.617728690617616,0.33009761516084346]],[0,0,[1.2675798972998509,1.0,1.7050949509868674,-0.6741948655436665,0.609044810905327,0.24321506628325062,0.5181727088925812,0.2731161072663171,-0.03001453593843009,0.5170713986814479,4.904581320581963,4.199599794252692,0.5788688567029456,0.3638566932950425]],[0,0,[3.9324545931462467,0.23317527382019504,0.028829879431289118,0.95440897627559,0.34794989116591346,0.44091750501249594,0.24116848874944113,0.6736716891391235,1.5386739369762585,0.9,2.805530565785923,6.055768708962906,0.48951901733270375,0.5939818363689942]],[0,0,[6.273987124631319,0.04941726976394778,0.8315524143739637,1.1279677401930643,0.28959009539072045,0.3899807966212875,0.12377268822742776,0.9514424559839453,0.10360123123474255,0.42223512622783166,8.020674021700145,1.9636818455424105,0.25112977658066454,0.6249236569730198]],[0,0,[4.850387159427479,0.9488783507512777,2.2407029316126903,0.3457896500857536,0.31571008326590666,0.0,0.2617328839154144,0.44583557575970273,2.046935818932431,0.8052788047316348,0.41269382210736305,1.980568899341192,0.745953743180558,0.5290570771862206]],[0,0,[4.47444483919987,1.0,1.288731441697157,-0.3769154248681458,0.0,0.42899351575373773,0.19645475415444863,1.0,-0.7745014204942868,0.24987965296839304,3.06417115979265,3.987917792273866,0.3242522613975022,0.5683417185553339]],[0,0,[5.6330095274678635,0.6844849242482898,1.8995211208790264,0.4246268814679899,0.5003332903528531,0.9326979101768563,0.8063855612707687,0.8023546174268694,4.0,0.7961136659070569,4.051866970573402,3.559533857900618,0.41999838181418947,0.4286492318178036]],[0,0,[3.374417668599472,0.0,3.141592653589793,-0.2256749428995778,0.8204215377550914,0.7592809152749986,0.43963782827858466,1.0,-0.2591391095192781,0.5510094747422916,3.2334450539734823,6.151362918972486,0.6485331695146699,0.4005434423011956]],[0,0,[1.130848036531555,0.08789308726571832,0.19138348293125573,-1.2294091933120568,0.5399375722583071,0.5693267384005408,0.8325263904922406,0.5802772412016093,1.0809688561055317,0.5616920932736225,2.495180904257466,4.761842486013085,0.36751186862309304,0.45481443662341126]],[0,0,[6.855512601288673,0.474329693901311,0.0,-0.0660856106248327,0.6667144708983216,0.25243027422777325,0.5522146810204038,0.21172361400602402,0.14919400244666797,0.4440657801452642,3.0262217990572893,6.1831619171115815,0.5272986676341614,0.3673239798462369]],[0,0,[7.3457097257932915,1.0,0.42076422095980504,1.346274776940235,0.5974095839213291,0.30354362450285827,0.2801367980462993,0.7468377825082593,0.8783818661363515,0.19551091151226496,5.360395324910188,5.636423295439288,0.46899358791675655,0.5513687831834622]],[0,0,[3.936302040879082,0.0,0.0,-0.27109600063242767,0.27652792909314217,0.6456053743963028,0.09578769908301266,0.0,2.4049923522657615,0.7798106032573606,6.656826152112936,6.445053000737807,0.4324618781946561,0.5799275457877654]],[0,0,[4.183166963238996,0.3760987370941602,0.5608609417140795,-2.6362696507458505,0.23557343384151463,0.3457310872643156,0.4859021451361181,0.3360517913203065,0.766810337479836,0.544534819034857,3.9636447394266447,7.681807580595745,0.4812589085470983,0.5387525078462071]],[0,0,[2.522602865930252,0.0,0.0,1.1375232762815652,0.8877574024225419,0.5606708567060512,0.7195309192158902,0.5076996283601727,-0.4023045016159485,0.2167964816012552,3.50562600046157,4.529601058830241,0.3975830382446931,0.7611360095406087]],[0,0,[6.06102125805219,1.0,1.7869682548876682,-0.7160705125789426,0.37464803292061755,1.0,0.49136615236503645,0.1033651447826675,-1.273148621451162,0.2537619792676514,6.323229601609983,6.8425269417472805,0.6411186408809805,0.5986938591986596]],[0,0,[3.562565818310003,0.6973672274539673,2.074969296874457,0.40197514189496353,0.9469471504003992,0.007059427087340142,0.3527583667539022,0.9228022437742595,-3.203656157915412,0.5797718734213078,7.646158984657995,5.298301937193653,0.5542605174932869,0.37547265439142585]],[0,0,[2.1231155494513643,1.0,2.138372982252738,-1.366235099979293,0.699741814474743,0.71445026851611,0.25112765292606537,0.48709226673018047,2.4694035578113596,0.4035510415610683,4.485001907481815,3.8354581390348677,0.5364503625610905,0.3181396633530681]],[0,0,[5.370926191210841,0.6943447727342229,1.9794693216445722,0.4084760521107815,0.5733581993485559,0.3947778997105166,0.309318608685083,0.11573107427081492,2.356336338833054,0.538736121112248,7.540567495400518,3.436440633011014,0.5415782982548042,0.49874802249495065]],[0,0,[6.461631141645672,1.0,2.446147324183783,0.027173427770122792,0.2217470269776493,0.4122888411249239,0.5891239707577204,0.9668883518952897,-1.6090615543617777,0.38050275534936706,0.708881825743215,4.9998760636720725,0.5173967772152136,0.5666058314045352]],[0,0,[5.045064633026106,0.0,0.6437196217495732,2.917068672124186,0.3522976755618884,0.47565893226261835,0.8135920904404228,0.508600572642634,0.858254077844919,0.3983898307136564,0.3798410132448842,3.2567642627696047,0.4369333285044335,0.5873547411538567]],[0,0,[6.105315039929739,0.0,3.048565498947255,0.20798378015787075,0.5400480697227485,0.8420713688865062,0.9349664353345974,0.4201950468541785,-2.057436232681937,0.6853854888635497,2.4739116894531263,1.9342445088228146,0.6074193864028449,0.5899548819493438]],[0,0,[6.000043170912352,0.4502768666587881,1.6513263367629039,1.0660480859404384,0.4400870674430972,0.6691347734759012,0.33646465448782126,0.6775131226516741,4.0,0.6658993932207162,6.158865429267757,5.6371810582788004,0.45499932227502693,0.49966053767124874]],[0,0,[9.656823631930346,0.8007791498353694,2.6512500629028093,2.326818654254988,0.9346284786589121,0.2806426152647877,0.1677041404559122,0.5292408087204448,-0.19234992915262122,0.10685425601721854,5.947986796669053,3.5564190729405754,0.33586797161715315,0.570908206438165]],[0,0,[5.819813941732882,0.0,1.6466244552361295,-0.6072906983413563,0.5324125739849906,0.2486385978614603,0.0606419348821281,0.4306380915212148,-1.242180312712972,0.7670514694591156,5.698683262589666,6.747156643324856,0.39241284334280424,0.5511542717455807]],[0,0,[7.781939769725144,0.9644690876758883,2.868196208216507,0.10366910934823508,0.4915771326707364,0.7466608877204941,0.26503965713264566,0.7552825443927675,-1.867656027636417,0.7374086333395242,4.426672958631361,2.757128522722926,0.42303594982795956,0.58981691323368]],[0,0,[9.433864038254455,1.0,2.3537934892053727,1.2126467836168806,0.389248201807087,0.7811315010876132,0.44240278095051067,0.4836845412982116,-2.141023226220425,0.3930222273608128,4.8450020765621336,0.9395134769068161,0.47754096830221043,0.5594576448114416]],[0,0,[2.432109562460227,1.0,0.0,-0.2203157119494895,0.6586804840018665,0.3641005232376723,0.7664081131218998,0.5437857976413385,-1.7086512592549097,0.642686537685844,0.0,5.479646432795944,0.5265738211525285,0.5693677049461214]],[0,0,[3.7836198300179382,0.4281039016172591,1.79659155090458,1.3399081132217034,0.32671786444114553,0.8649275523979314,0.1624804095537682,0.5530530119953471,1.8499372061756882,0.5724011247157724,2.833452912159517,3.849360287001586,0.5729082175613378,0.5831252259327325]]],[5.0265705149405715,0.4170811007423498,2.170615596950195,-0.12600423726129914,0.5111045394964617,0.4869498330258192,0.48437526891876803,0.445170797026193,0.4068551366264386,0.5269724202267243,3.872125708166507,4.59009298817274,0.48004847868129336,0.5016719739304621],[23.351589431732243,3.6019014483868337,9.379721160205408,9.375252497725246,0.2372325780067411,0.23374606195136202,0.23814699730379052,0.26102750802507985,8.645458138219574,0.24361131712999365,15.64563206330873,15.978976780580155,0.040000756457042166,0.038078827640353675],[[23.351589431732243,-0.09040943074694824,0.3354285264659256,-0.31427441554413654,-0.02521811360496084,0.0436677249106062,0.02067143909764537,-0.0571804362922506,-0.4616790706649626,0.004824093530983699,-0.05823158923566521,-0.1351300547125745,0.0009371981897696466,0.01967928161759526],[-0.09040943074694824,3.6019014483868337,-0.11125232178487501,-0.07764612744459178,-0.011913312342751458,0.010436076918381757,-0.003101400656887316,0.021079074489519727,-0.025070549794693014,-0.010788783234437818,0.00026515939624554294,-0.06588584465743072,0.005775112408509272,-0.003041565309266122],[0.3354285264659256,-0.11125232178487501,9.379721160205408,-0.055242708200704635,0.01011873425144846,-0.00346433908035103,-0.018725137804973393,-0.08160128641136491,0.23263783722002493,0.04633426296169062,-0.3406814266084657,0.3999593550656615,-0.016346631340782136,0.010497223509723142],[-0.31427441554413654,-0.07764612744459178,-0.055242708200704635,9.375252497725246,0.08112947866969926,-0.014235682016643143,-0.01493654597138394,-0.0005919414368708122,0.021840386758468375,-0.04092726663547189,0.4186335120670999,-0.3303581665521257,-0.022274647832259638,0.007861738225668645],[-0.02521811360496084,-0.011913312342751458,0.01011873425144846,0.08112947866969926,0.2372325780067411,-0.005889745030023049,-0.0010308503267449128,-0.006762882651584693,0.03596189984885942,0.0015706282221455885,0.043197142003223894,0.029972286717362108,-0.003297413971123155,-0.0005037376123433717],[0.0436677249106062,0.010436076918381757,-0.00346433908035103,-0.014235682016643143,-0.005889745030023049,0.23374606195136202,0.004463058279133584,0.0022174214977863666,-0.027962973853139096,-0.008616878818506452,-0.011000013028977174,-0.017434550014689534,0.0006308886590955151,-0.0009931411056494938],[0.02067143909764537,-0.003101400656887316,-0.018725137804973393,-0.01493654597138394,-0.0010308503267449128,0.004463058279133584,0.23814699730379052,0.001241698007804314,-0.020762605592371187,-0.0015209512459612327,0.03764865700945124,0.008516214466306217,0.0025070542892935395,-0.0007969411460228325],[-0.0571804362922506,0.021079074489519727,-0.08160128641136491,-0.0005919414368708122,-0.006762882651584693,0.0022174214977863666,0.001241698007804314,0.26102750802507985,-0.014600863391208946,-0.011736344003246727,0.08500923127798105,-0.06947724419292108,0.0036613100853412545,-0.0018829861519667054],[-0.4616790706649626,-0.025070549794693014,0.23263783722002493,0.021840386758468375,0.03596189984885942,-0.027962973853139096,-0.020762605592371187,-0.014600863391208946,8.645458138219574,0.039070542887517976,-0.10382568230382387,0.6793757251174231,-0.006076809383700442,0.0015350351482773883],[0.004824093530983699,-0.010788783234437818,0.04633426296169062,-0.04092726663547189,0.0015706282221455885,-0.008616878818506452,-0.0015209512459612327,-0.011736344003246727,0.039070542887517976,0.24361131712999365,-0.033148504749126506,0.07192998445356386,0.0010423442573510534,0.004720172365687509],[-0.05823158923566521,0.00026515939624554294,-0.3406814266084657,0.4186335120670999,0.043197142003223894,-0.011000013028977174,0.03764865700945124,0.08500923127798105,-0.10382568230382387,-0.033148504749126506,15.64563206330873,-0.40154638698093786,-0.009713328978921703,0.007075739647710165],[-0.1351300547125745,-0.06588584465743072,0.3999593550656615,-0.3303581665521257,0.029972286717362108,-0.017434550014689534,0.008516214466306217,-0.06947724419292108,0.6793757251174231,0.07192998445356386,-0.40154638698093786,15.978976780580155,0.011795071094180785,-0.00034003683579655934],[0.0009371981897696466,0.005775112408509272,-0.016346631340782136,-0.022274647832259638,-0.003297413971123155,0.0006308886590955151,0.0025070542892935395,0.0036613100853412545,-0.006076809383700442,0.0010423442573510534,-0.009713328978921703,0.011795071094180785,0.040000756457042166,8.825183190430128e-05],[0.01967928161759526,-0.003041565309266122,0.010497223509723142,0.007861738225668645,-0.0005037376123433717,-0.0009931411056494938,-0.0007969411460228325,-0.0018829861519667054,0.0015350351482773883,0.004720172365687509,0.007075739647710165,-0.00034003683579655934,8.825183190430128e-05,0.038078827640353675]],0.7600675223069366,[[0.15154623680498142],[-0.4729320139490125],[3.4210986636294507],[-0.7186713551144658],[0.06333528634671892],[-0.07443226821297744],[-0.08911642103084222],[-0.31272105174779413],[2.3205182518446157],[0.1538385233415517],[-0.7293373032027817],[3.36562433669761],[-0.11379448163299144],[0.009536185420729414]],[[0.04025169905605477],[-0.31403480384581567],[1.4461881263330523],[-0.31813990365968264],[0.16822277737835495],[-0.19769710705675791],[-0.23669920388074073],[-0.8306081318035988],[1.0272420736245946],[0.40860545766903883],[-0.2421461121189975],[1.1174155557456995],[-0.7556144787061387],[0.06332187354013533]],1,100,0,0,[5.926174958553561,0.0,3.141592653589793,-2.282588773175559,0.49757938371885024,0.3801128448948462,0.421667010386811,0.0,1.0559640711691183,0.9,1.666438703174716,6.4696387430512035,0.5018505195961361,0.5723556398879948]]
