["generation","mean","variance","covariance","_sigma","_p_c","_p_sigma","iteration","num_evaluations","best_score","best_evaluation","best_solution"]
[[[-67120891.7039576,-67120890.66363466,[8.48502001197912,0.0,1.5930588159126433,-2.1747730175006,0.4478886153232495,0.12205238022784176,0.44100759558444164,0.48402205351517924,-0.1699153995743389,0.5929486809102372,4.816517981776374,2.540688799125673,0.4622032488726092,0.3408957671972761]],[-67590273.2992145,-67590273.01675189,[6.3078830848256215,1.0,0.0,-1.365760642237071,0.13948443005649275,0.060064932214293154,0.4436800583928121,1.0,-0.42907585395315584,0.1,7.182804827588175,1.297254186091772,0.5210756496999231,0.4755906891378709]],[-69903206.89234498,-69903206.3367747,[5.734965036445874,1.0,1.8595206368209016,2.0469300848558687,0.18231406009784357,0.10719647699214807,0.3985560556049398,0.5379522624723763,-0.6736196286939763,0.359120572251011,5.45582433561605,5.650221440394598,0.4543258918524584,0.42481793468320556]],[-78512723.5181604,-78512700.71185309,[1.5532274378688342,0.042656796565276545,1.3715992688575191,-0.7977429200162556,0.6217005612204577,0.17598281377818487,0.4519124599516327,0.10270095245164756,-0.7480481384238943,0.175315804406657,2.221539585476391,4.1757777610141655,0.5086080926041554,0.3319489772588028]],[-78816958.10265286,-78816957.79419106,[9.159945861268953,0.9661589735862345,1.3384781370226653,2.5375384718821925,0.5219635640074594,0.6442485271656091,0.053236838307611944,0.5681672008516188,-0.8707390740122118,0.5034982098578619,4.608944094866087,3.76167925900403,0.48958790656699486,0.3123968828874694]],[-81991510.30956809,-81991509.99946576,[7.373158329542301,1.0,0.5060836279784666,2.337604398866543,0.24697763230211045,0.17449857760286364,0.4685733023591011,0.47122075639247524,-0.5883893765740106,0.5376111052359066,6.844115336972031,4.732388020652008,0.47825179296552284,0.4320460920792161]],[-83586806.35561438,-83586804.68804687,[7.781209912482851,0.0,3.141592653589793,2.5442381494490736,0.4913641937610571,0.4526470152902412,0.828061730699678,0.3042396883678151,1.7124593115557967,0.5952158169832937,2.119370596321387,0.8646988020323931,0.3991786776114819,0.3587224495390998]],[-83652169.30369158,-83652168.21184331,[5.2738557320123265,0.6262414924323986,3.1355770202249804,-0.3227151151086717,0.46183968973916145,0.28146755521093203,1.0,0.4270608714810529,0.40241456490702987,0.1304371831823543,0.16145261580790082,3.5755035685297845,0.5060631282867765,0.45100617322717484]],[-88600617.13257879,-88600613.4354592,[3.2500603074591687,1.0,3.141592653589793,-1.4717910542591575,0.7052732802457593,0.007324244210142161,0.5795628334339179,0.3177162332830067,-0.12521947663310076,0.8181936345788426,5.245226983228032,3.811056167342366,0.6282148408913641,0.40048520514332314]],[-89428532.30144052,-89428481.40608025,[4.353024286819112,0.0,0.0,-0.7954807607940859,0.8978460439394402,0.343731071663138,0.259638041748522,0.3925001572268131,2.595185996391769,0.2209759147852255,7.043836878867992,3.919960401590383,0.45384165302646373,0.34333887931901386]],[-92288186.47772433,-92288184.25834227,[5.83434328145491,1.0,0.0,1.6320815125170132,0.38085411802784136,0.22295418739273853,0.4115339758784976,0.5481072821535347,-2.3154205627992006,0.3290074382526851,2.8698313621797684,1.8588527660371117,0.4182479326680284,0.5293797460107931]],[-94721468.5811801,-94721467.93485665,[5.121091402328621,1.0,0.7089719814100095,-0.5833281682946204,0.3600861072684093,0.2563325042449367,0.9317291670059746,0.5153161843382941,0.674192542796987,0.41815025724644994,6.048474567380422,7.232449455336905,0.497276404841706,0.5048923916714644]],[-96441361.15752368,-96441322.87728441,[3.105105035249494,0.0,1.993295496001372,-2.268702737666107,0.5043414349529318,0.41914842569548766,0.9930338829820909,0.7251629431897701,-3.3005851155180026,0.14974458475064079,4.656398658114312,5.892899059910096,0.5559116972028919,0.3926472259882121]],[-96880999.10836655,-96880999.10836655,[6.400843512263464,0.8191324441675507,2.323539609581254,-0.7884790420333333,0.2618101844460068,0.14932952340825278,0.44729219310451834,0.38780071728422083,-0.05164846952810129,0.36822599098920417,6.481417012288347,0.6858639518587211,0.4689976819642963,0.5837211224868195]],[-97238258.02366605,-97238234.27583891,[9.703225867963233,0.0,0.0,-1.1039314886211613,0.8713595985740881,0.03703956056368507,0.599935000372135,0.05191467486807344,1.322058857328832,0.7453752080317054,4.693869376966121,1.1694736277417674,0.4947337660846253,0.5225974186190082]],[-98342700.77639619,-98342700.77579492,[2.1893810101976485,0.6887167178008934,1.9983378045135407,-2.5612698967965613,0.8212216367298022,0.13173452900511878,0.6877933769128237,0.6713177557109041,-0.8759821754925597,0.641003921287744,6.00840014472789,5.645084436116842,0.2839860676033416,0.5145768843595225]],[-99284433.14487138,-99284433.07751548,[6.108114954579863,0.0,2.1061963013437506,-0.18288376947325813,0.7506192768953868,0.2839840157338537,0.5295040311436001,0.6670207546217513,-1.0239725470451377,0.3590806841196169,3.825659292270264,3.953881511060299,0.7137811308711456,0.5120731878228477]],[-99516512.22602546,-99516512.14777029,[4.498129053465689,1.0,2.425767734323587,0.1070720402577281,0.5758801129868409,0.21594361736973827,0.6592150634451932,0.4817243240505489,-0.1331173779518813,0.6742770862026061,8.396745160505613,1.4343814140574813,0.3654222766966496,0.447227310914607]],[-100200491.26781167,-100200452.1590178,[5.164250337544012,0.31897415676594176,1.3654234180194686,3.0496602982045973,0.9912493731550175,0.6882416716837241,0.3724314979805341,0.20841965294322257,1.9149905836096355,0.27480181384489255,6.212217089161613,5.031064777936173,0.32247121889526786,0.44461693948616865]],[-101116183.55226266,-101116182.83257037,[7.184805860434181,0.8354803697673829,0.0,0.4053406147031501,0.526753208608053,0.3400321642291955,0.5283660691049415,1.0,0.23029536549015672,0.38485846702365284,2.968924220536559,3.6998455399293158,0.5440467461243641,0.4411070129322909]],[-107308000.81944405,-107307998.28674477,[6.055046688793777,0.0,3.141592653589793,2.8496604136817956,0.14924119742684855,0.5550538123101078,0.48217226638719407,0.571202521471442,2.297802680828531,0.4223366314644146,2.462024182423469,3.012560791124608,0.5096134083572279,0.5004283075367568]],[-108277882.6515297,-108277833.43425667,[8.649484913365924,0.0,2.1868478020373274,1.626927476983357,1.0,0.4105030723793502,0.5112062634094816,0.38031094868623355,-2.645160756337994,0.5813807057465507,3.0570249323465157,6.997933828116391,0.5445420273704983,0.48933804150499366]],[-111218306.96338688,-111218283.47072214,[3.547369165928299,0.6408419863626438,1.2877813649810619,-1.7090843521725791,0.7513608850735887,0.243306718447856,0.668033022061723,0.6864224558942578,-2.2572261126607356,0.27334031163136224,1.9835007003683653,5.31447853625839,0.4914161450668672,0.6133675782665018]],[-111783729.2983056,-111783727.8055439,[5.060524853738438,0.0,0.0,4.0,0.10548092584614333,0.4864184658547813,0.24337421498500417,0.7964020242273662,-0.2634789442602917,0.5904773900085073,4.294547181842361,6.593080899087301,0.5061516235777569,0.4936080712820404]],[-113125147.17534378,-113125131.31703788,[8.617126245246345,1.0,0.0,-0.020223741102459128,1.0,0.4045910318704379,0.7718123053176749,0.6659274864731561,0.710303743109315,0.5446229463114044,4.295831729629694,7.091002369543196,0.603198082857958,0.32229913671867827]],[-113578241.8260618,-113578241.53228283,[6.940746720983336,1.0,0.8839475743702866,0.806064186117296,0.3168904850450698,0.18887488581857426,0.33744594424190977,0.604963881324411,-0.9428393313515986,0.9,5.1633553827411,4.165019694990822,0.41547182173128466,0.5228822815653296]],[-113593238.31173162,-113593218.99867976,[4.147772949846593,1.0,0.7886747013551791,0.44268724755963706,0.25377231426970276,0.3570953573910097,0.37852661949922095,0.3077720529008417,2.792457009505667,0.4854875792248874,4.213243454344503,1.7993956539936073,0.6172127644549177,0.48756335369894516]],[-117177365.14910087,-117177365.0787924,[5.559961366503124,0.0,0.46547543162306937,-3.46169078018138,0.10361298808361769,0.3652329327749237,0.6281523029296223,0.5314447172248562,0.1756726558342194,0.4273669365969803,1.3407773298027328,5.018684298964051,0.4679214577856146,0.5242681198169056]],[-118967853.1294984,-118967838.49691957,[4.628248164888649,1.0,2.4078958421170995,2.4930133243067276,0.5755232433845235,0.45030865911149875,0.5871458547949295,0.3573861128544014,-2.3102206211229612,0.34805956066537025,7.237874964033874,3.772304204334298,0.5107051374218511,0.609175578826255]],[-121579906.28180501,-121579906.27809256,[4.309260690830961,0.0,2.078697582246332,0.9051736908909072,0.35018392218912053,0.4500598610974136,0.6965779423702437,0.709681099180836,1.390112334346592,0.7354190587267256,3.590442702506182,3.0874004020523875,0.4037111325408649,0.34323850104876963]],[-124525997.45291084,-124525997.45291084,[4.022977780285883,0.12828508296122842,0.7226592554996332,-0.276955649691811,0.50810360593161,0.336453524175994,0.6870022076072142,0.8184596634692162,0.24081264169521366,0.5397951971534005,5.31547367261921,6.512178820066058,0.4605498818962225,0.5780825668866453]],[-128445293.66715811,-128445293.66644108,[5.9256168206328725,0.13614104879890504,1.689916963055675,-0.7760945499162832,0.37009768952150013,0.19845302500980727,0.785251235505076,0.5080764824493823,2.979379318496094,0.8599986589876427,5.367728296181902,7.113360432034181,0.41566090137704065,0.5834435622528029]],[-128871283.29132321,-128871280.81929684,[5.120948819970529,0.4893916052663031,3.141592653589793,-1.9401484761522645,0.6855827710882204,0.4234294138963953,0.48428800832598606,0.587179720648712,-2.7910204917133496,0.8008682112323173,4.010046855588916,3.4237879564749036,0.42594523002458695,0.42411531460936613]],[-131815766.46843028,-131815766.46843028,[5.350764416404186,0.5450528748973233,1.6253514766941897,-0.6674073915145604,0.6750623333368067,0.35394239686940143,0.5191711872952418,0.6328964380380265,-0.5246466245141349,0.37356559325262717,4.029980321741068,3.6166735048419154,0.49742073840256834,0.6726088188721715]],[-132373649.30841914,-132373648.94161117,[5.297063469847841,0.0,0.5320725350394291,1.3139906673475967,0.7352675763495924,0.5295942705529514,0.6593003621920123,0.3584570809509239,-0.5601505126624832,0.1,3.8477506984666277,5.86733841221579,0.3825463419027532,0.6522762127533438]],[-134886351.45125648,-134886313.72087985,[3.7280261148020664,0.0,0.2829227914864485,-0.1920592329351157,0.5329135092637298,0.4788071784233439,0.6798852199212194,0.9229716510030772,-2.0028768698185067,0.6548648376982791,4.614052070677106,6.005923954854134,0.3456559461331785,0.41209807735481757]],[-135021053.19268915,-135021053.05417848,[8.360780941074836,0.0,2.527727704862748,0.3875654417659397,0.7244351046845147,0.40845106420965327,0.6673419247517339,0.7871664079681369,-1.0114575392271679,0.511238768493143,2.7733404597290767,5.180637030691827,0.5388626003913444,0.5860062183978787]],[-135547100.38363305,-135547100.1637842,[9.266646681340323,1.0,1.8443105332929222,0.8698380410760251,0.7562938534355031,0.1715435205447322,0.2851076171368997,0.688296185204563,-0.7770193423452068,0.7579043322421444,6.218678503094154,4.905065343505358,0.5356486301311195,0.6997554846101013]],[-138253487.35620943,-138253485.11745453,[3.9769561302793948,1.0,1.6539420076241773,2.7551706283274715,0.36583686342097144,0.6890993672159892,0.2627026291650098,1.0,0.48939042754755135,0.7700459136304383,1.105364505327202,3.7256328595564576,0.3694537834790098,0.5324500726196592]],[-140316277.9151081,-140316277.33071864,[9.48922581920515,0.25307408595703207,2.6056885583446183,1.3287964927929816,0.5579247057417411,0.6340770218950074,0.8129138739647497,0.1825753467355729,-0.16875773278280215,0.6326959429740356,1.8215268523149444,3.7331941710110907,0.5180923195277338,0.6269943482099548]],[-143441404.71557114,-143441404.47035193,[8.20121464678376,0.0,0.5094209557664049,0.9021982959734496,0.5290745991418424,0.808869533564973,0.4013195321511355,0.6991976963398475,1.9102118409326279,0.7997262448751166,5.095734061377429,5.2946908194705,0.4729784146609074,0.398230693368735]],[-145402468.04065952,-145402467.42868662,[7.055323774501423,1.0,3.141592653589793,1.3291237469228565,0.5624768315064844,0.9627194955552065,0.009161367554697097,0.7233690038440603,-0.362905760601004,0.28890777826978603,2.732425040647332,3.933874466524991,0.5328024625529268,0.6670473628301679]],[-146177429.34411022,-146177426.8751402,[2.6238997254755314,1.0,2.0330379631314766,2.507861772575178,0.9062815452894957,0.6846130048281831,0.3170914094601893,0.4395190144528729,-1.3049115989158375,0.1,0.0,4.11309304378366,0.4161096458979111,0.5611112625049245]],[-148327006.52452788,-148327006.43034327,[4.365014809201894,0.0,0.14134029976208073,-2.419422513379606,0.7208703384459912,0.5582703815971979,0.8982347575430688,0.8006715691280913,-0.0022636855531840065,0.46864964625425065,5.507413073690928,1.9698962967070335,0.5630689574941751,0.4534293101663633]],[-150718393.0318345,-150718391.02207792,[7.764352894644899,1.0,0.7074771243135844,-0.9967875256025804,0.17513127784197058,0.3944883067732698,0.800592742249481,0.8513585729678539,1.165630986427595,0.7185778380981038,3.260296031976329,2.6518214363059265,0.6116699008219331,0.6098050005281408]],[-151707277.7148632,-151707277.26665473,[4.696115970218692,1.0,0.26596153425833413,-0.3288735550769414,0.5107229063245496,0.5882584566637932,0.7514935609315587,0.39516200882245367,0.278271552222274,0.2705766155001954,3.9214868153425155,7.085254653640066,0.6200034910407032,0.42797496878621055]],[-154269683.85365906,-154269682.39177978,[4.231952322863689,0.2200869491018147,0.0,-1.9030786701161007,0.6928474564089778,0.5365474392809598,0.6863542878216715,0.40534389564120665,1.1337959329541587,0.487239040436594,2.95205692794418,6.4442480273716995,0.45789820357883426,0.4815643975435331]],[-155510453.94772595,-155510453.79847026,[2.6098713511735148,0.0,1.4765592576656175,-0.736112005195661,0.46954652899682114,0.38316973902059215,0.3951615641042122,0.8755917237730932,0.8024291592841065,0.6054970385711439,5.480049368038183,2.5205753776847852,0.4941030136101537,0.6559770212477882]],[-156561314.66494557,-156561314.5020998,[9.540292305531612,0.7609211989099498,1.451264120858661,0.4641281818512649,1.0,0.5345156953331751,0.6511040453327566,0.9107645012783431,0.8076941189490492,0.8703682566078732,4.576575469163252,5.723200001710415,0.3492329886662086,0.33244081900796274]],[-156614134.8244539,-156614133.80188096,[2.257949652355763,0.0,0.0,-2.6768163878983255,0.22636341606771732,0.22111535066695376,0.6344735098798966,0.4803305212422681,0.672975848640399,0.9,7.100587301570408,4.304592148334485,0.5897425038525834,0.6479336430653788]],[-158600819.58431706,-158600768.58795118,[5.778359440572291,0.22579269235444627,1.442362899738503,-1.1247949583943926,0.49105770333554605,0.5678917449609613,0.34067950858939194,0.0,0.09383214923463604,0.5623920492818851,5.011826131324083,5.073534037176289,0.7180531922238305,0.2793675060276439]],[-161043924.06118092,-161043893.0825088,[3.292600718576974,0.29811769558134754,1.6284897860259155,1.6423004955852187,0.5271484874435374,0.7441432447231116,0.29795728751244543,0.0,-0.05663029865135254,0.603709055766873,5.556172902460976,1.989278582062929,0.4551814712615747,0.5687893642072496]],[-163375732.71954548,-163375721.93856108,[1.162691103885023,0.7969376508906636,2.425031355048456,0.4664650635976254,0.5184896235767519,0.3956632037826095,0.19604184652328915,0.5196914348704832,3.1632010943299234,0.6019217208719877,2.9083217539154704,3.6810603691578625,0.5267061054121798,0.42390330859198616]],[-163574683.61141777,-163574683.4785676,[7.462058711488338,0.8644764001283779,1.406547001159986,-0.04519431149856623,0.2259191668911139,0.6136455089396083,0.8004674472353552,0.5692090032877214,-1.1975800189646262,0.6286834836659055,5.657844220855907,2.834883176606273,0.4545185119772351,0.3312373953953798]],[-164039945.04432642,-164039922.9987917,[4.7706481029886625,0.6386373781233909,1.2705303121024654,0.5497364035560379,0.7359724441971959,0.5003969378470545,0.45549285755405694,0.5425252500555633,-2.443941011623557,0.5446017572136324,3.5948858759495725,6.200672496685005,0.4767246512818062,0.599380441601302]],[-165590436.35380605,-165590436.2371502,[9.162662970800243,0.0,2.3738431148040244,-1.2669891100130577,0.46568591235259776,0.608073241222453,0.6094713769261704,0.36983793887904737,-0.5525901588193612,0.4352719681771765,4.2287093667871005,1.2382557261571598,0.5548849276663643,0.4373783546474471]],[-165919917.87745246,-165919911.08051443,[5.001518841626491,1.0,3.141592653589793,-1.5237747197700897,0.6675403817655365,0.6282361088972137,0.5101363386862103,0.33216891578809327,3.2052839370833155,0.4225423269977455,2.493644495707769,0.24494177755786462,0.45154126040722864,0.4655661145285074]],[-166440945.22821438,-166440945.2245127,[3.2681502220293845,0.17249185518776305,1.1444680370361655,-0.9287052681642518,0.2599159214561422,0.6350483271373935,0.3581134138595709,0.3665572959628042,-1.078092232031101,0.2236754644582371,5.351466254090964,3.316572967444004,0.512403192112567,0.44366608504981503]],[-166629667.53040186,-166629665.6555332,[3.2807381255573302,0.0,3.141592653589793,-1.7672982975077554,0.678026555249256,0.6066939325424207,0.49867081276742,0.7114613512468995,-0.4514010491209949,0.27296853047859126,4.891905680353698,0.9624093170872419,0.6602973658287259,0.5334156934347714]],[-168790339.20042953,-168790335.68973643,[4.4005654804306475,1.0,1.9527539695371645,1.0599694296325148,0.6871900681342514,0.5548270008674296,0.4227147159415399,0.639398702591428,-2.402069465963355,0.47890731562205646,5.091348339695353,5.792029503188883,0.373621627763038,0.6367786799865436]],[-171872808.63737032,-171872783.0562377,[2.929332105890758,1.0,0.0,-3.5067688390989673,0.26309014838365274,0.5523221516242743,0.47692013522868354,0.30263308190501437,-1.9365695677123491,0.29875375665014503,4.042906188561974,4.98006238226282,0.3664952640270961,0.5984088401550323]],[-175339754.85756278,-175339754.50554323,[3.9543173790087724,0.0,3.141592653589793,-0.26719536377822184,0.5190481186059698,0.5986249410154844,0.48774747610233254,0.44725911031494,-1.7045301949613956,0.737691485890709,6.358854587474658,4.380384286853855,0.39453441135693024,0.4794333929535445]],[-176898426.5997029,-176898424.07956195,[6.04414524081993,0.1013158586125481,0.5808389003023021,-0.4883699321043873,0.4031430406052459,0.5380125790877789,0.6746527335774646,0.11687574300496806,1.278936102462573,0.4027104879625232,1.5654464380634616,3.125685366975299,0.5840155267270859,0.664310415305216]],[-178930176.33253348,-178930123.19613016,[2.127993561165649,0.0,1.150202056517346,0.5966038721099245,0.3653953076562152,0.47867056666020114,0.6771795683495749,0.0,0.2705445890368377,0.6646458179686803,5.461160867464738,4.475621689277613,0.6186798348853719,0.6143054994909116]],[-179101061.9996553,-179101060.49178618,[6.531536979605741,0.0,0.0,-0.16284885595380436,1.0,0.5412280738285379,0.49305036138918246,0.6487544995979487,0.19066595419934446,0.49998269317171007,1.5164222005360903,3.5987997623938024,0.2878456616495439,0.5433744006092655]],[-179107410.0308738,-179107405.04593885,[0.0,0.21723519185328777,0.0,-1.909834833605224,0.5721984271701579,0.2678715282818129,0.8325572269231334,0.5109818683734157,0.3271293814939142,0.6197214960512003,3.759952927746152,5.023192078206948,0.43473958432659565,0.5118232795295158]],[-179588007.57537445,-179588007.50307155,[6.203970197951929,1.0,0.4448258736572068,0.4657369109501109,0.7957428226276639,0.4506064866506565,0.59356776661131,0.8183653204201162,-0.25866154905952865,0.9,6.903675412884054,4.003957421817539,0.5303370189193445,0.6586174864133924]],[-179883789.29580837,-179883782.54173982,[6.586318207560181,0.78093834333267,2.2637026256159594,-0.21106951891324785,1.0,0.5343548193396691,0.043118637993698805,0.07051670821900158,0.9717005572596906,0.6980564058733807,2.487280728320413,4.598687686371564,0.41683962256318813,0.5175322632040463]],[-181687069.08006987,-181687068.61270678,[7.458865564146883,1.0,2.0603888703512623,-1.9916015817235744,0.29333714040098413,0.5976629960600394,0.679622387965915,0.5150540422864557,-0.987376197969395,0.2825713547130686,2.3873253051201884,0.8143787917095713,0.4011359220938809,0.5256715535155323]],[-188279856.5748411,-188279856.3876325,[0.0,1.0,1.5253224648317272,1.9304188502340116,0.5574313494727499,0.2724519215928807,0.7520746785122354,0.2584877898056938,0.46792297759845236,0.2760113658301608,3.486310965040353,4.470239348949623,0.5152310991261323,0.5353034346500073]],[-189197002.1866514,-189196999.63691735,[5.4683555732560984,1.0,1.7083157756754601,-0.8530313673258949,0.1945921455386993,0.6683945367346833,0.7055285756503752,0.06359836746733594,1.2361494842055354,0.20023849695372764,0.9446576218470102,1.4914251502433498,0.5321643666325305,0.5712375585433961]],[-190076042.6569073,-190076042.38377786,[7.472124700168049,0.0,3.141592653589793,-1.3045577695729136,0.0,0.5749003251588645,0.2709856434539448,0.6101029563386693,-1.9176280832593098,0.18529698077772616,6.599448056536282,3.0830637722802057,0.5906299173919723,0.35642229087104216]],[-195582402.8387502,-195582402.40144646,[8.442060651646855,0.05792985917939952,0.0,-0.07158868386306755,0.46182796136613175,0.6053923927841758,0.8145732440883016,0.6892080883792928,-1.5208175284283993,0.5890475920961841,4.500311025002434,2.669947935439202,0.3129741585283947,0.5770348621410035]],[-196501146.80401656,-196501146.7123145,[5.531194167881966,0.3422435923221886,1.9462952431884202,0.2863480736654853,0.5436954135275271,0.4431505142761498,0.30815199115811664,0.9004826019336631,0.04954294838225646,0.9,3.5832300832369834,8.097936940474245,0.49176413836038274,0.7276890858556125]],[-197242308.04651108,-197242298.52752817,[5.205782156832717,1.0,0.32814004471310576,-0.25271433031135715,0.4781437151315061,0.715499043991488,0.4095847247519372,0.14480062009608774,-2.2823858993830726,0.7618172944260274,4.615686478713844,2.542956401456544,0.5102106962177884,0.3583218532167175]],[-199408741.18450394,-199408740.0551678,[1.443748189170997,0.0,2.230298583830325,2.906234211057994,0.5459746221083231,0.4878684939600423,0.3228315197429179,0.6419335503898823,2.669324824045388,0.6346553271882771,4.5377232704391295,1.7441351451280238,0.5743203363002843,0.5293287312701705]],[-206796989.6529343,-206796988.20387042,[6.551406861758477,0.5395822336771906,3.141592653589793,-1.3219889850623496,0.5139403127354708,0.686494883966608,0.9736642889689838,0.8201459583099957,0.31538895026939096,0.44559176349033536,2.1179853125390133,2.0102784001905536,0.32952174657636557,0.46869066163532785]],[-208734947.97521302,-208734945.4259262,[5.8612597455024895,1.0,2.6138694780092626,0.5233004050274356,0.9229239262751929,0.7052465602654266,0.5324078283089074,0.6576989496335252,0.0348490643371279,0.5329495090345897,3.0676473656992598,5.891879452606482,0.5283075598431921,0.5764483562288067]],[-214100709.6318165,-214100709.54150343,[7.972866635284889,0.09256594959731945,1.4688430810221422,0.7047017538063719,0.3387809739961599,0.6523383984423996,0.715887558130154,0.5607503892416759,-1.9119117348447374,0.5518029736865501,3.7589945824261037,3.4339258988592265,0.4725353062577396,0.5585372416177016]],[-219749109.6343006,-219749109.24566364,[8.317167135627768,0.0,1.6394944991400011,-1.3924006911785294,0.9455468272278812,0.7676094344142232,0.576920829987518,0.30284582297283386,0.3506289023186073,0.31294364366767546,3.372013117164299,5.104214337875103,0.7115306577032098,0.6387083694197973]],[-222684411.6959889,-222684408.56837308,[2.7461829814242584,0.06694304420248609,3.141592653589793,-2.0072775521951804,0.5464789606013101,0.6742374424148699,0.5779902789902639,0.9073846184816937,-0.1676985933744328,0.6721573661772373,6.173218188048423,0.0,0.6020583424458089,0.5248452605885205]],[-226267139.68389294,-226267138.35301518,[9.930758258535818,0.5689915603983036,1.7157573961899388,-2.6519496971075256,0.8213749162239741,0.7017329405646943,1.0,0.45021175494736065,0.5389327382937656,0.6015929217121504,5.426387691349594,3.118295650993704,0.3359377147328622,0.4892429717222908]],[-235189678.5769102,-235189676.78837776,[7.783017984603262,0.3979167764840952,3.141592653589793,0.6032567272840101,0.828910788109187,0.8441199531303196,0.21246064747034488,0.8184208624239899,-1.330017915978968,0.4994318544577212,1.0898380717807763,0.46286626746288695,0.5178233837177983,0.38296748769621175]],[-239666956.09155563,-239666924.30934823,[7.4896889953847925,1.0,0.0,-2.008454181283932,0.30094593530939384,0.7435292862979311,1.0,0.2835889684112584,0.547594302846246,0.4097825377568236,5.325300239184481,6.130738466248651,0.48441467422576334,0.5779347874911889]],[-243373613.272792,-243373613.27267277,[9.484613544872719,0.2039925343108594,1.780927379004792,0.6845939560434509,0.897480434206761,0.7789779509577162,0.6477741476355245,0.4219531394840742,0.11053209835900019,0.594778252912186,1.524533448415685,4.921108988821182,0.4223273598596149,0.45416001351408997]],[-248150979.66079956,-248150979.65671867,[0.0,0.002440827364718512,1.9592188067865983,1.6446501985105195,0.5236065981593617,0.33958903532821977,0.5042386975736514,0.2210911521944287,-0.7486309477682542,0.5860743512063765,1.5301334500116974,0.36422371914285767,0.5271038514667531,0.5400177550809757]],[-255336195.4088181,-255336185.3931507,[5.1118958362440665,1.0,0.0,-3.354533796175386,0.533668960503928,0.7881190675304612,0.3398382808750007,0.0,-1.6600154449852824,0.5298018594051074,0.6504091439030444,2.4436312045283777,0.5849168486321782,0.5886393739338178]],[-263563234.8453389,-263563234.83788514,[1.0912578798574115,0.5553059046458163,2.4253056017478585,-0.8520875902142191,0.1899081910031873,0.5007569533899855,0.31131935111957076,0.3651170483281876,-0.5938246452624891,0.6787170777519961,6.717694036117004,8.117260800149275,0.6115326658239656,0.8209640936219623]],[-266917878.22740725,-266917876.49553692,[7.512269479724483,0.0,3.141592653589793,-0.3597757027895703,0.5959949297086556,0.8642660897522916,0.6237626311853646,0.4260462142075908,-1.1426111136913475,0.4577688175064474,2.3704543930999185,6.127765133269062,0.3880646226441464,0.5847066796891516]],[-271358051.89797914,-271358051.83196104,[3.2338331447868196,0.0,3.141592653589793,-0.798744866467719,0.5907310242293756,0.8627674729316107,0.6751262598265997,0.5823781771502251,-0.6884257509835623,0.6631438875324944,3.3864794614198956,7.180900386062595,0.5263469955704281,0.5093889005468349]],[-272193502.3471536,-272193501.8560325,[1.5999258531233185,0.0,0.0,0.7937154791645843,0.9541047327765668,0.8724020642238555,0.7025052861973133,0.4809830294875802,-0.7857746778458795,0.11038157740878579,5.167435076915675,4.918973127956262,0.5485020403482265,0.5740934055581252]],[-273545406.7720364,-273545406.04401326,[4.7788522918461815,0.0,1.3269118360659533,-1.5337199925448175,0.6857223917792714,0.8418709717010227,0.7188049865423856,0.6873810153189724,1.3997976214255885,0.6152433801842276,2.7940871043164526,0.0,0.4836073255317192,0.4759570664331123]],[-275685132.4386055,-275685132.33302426,[3.3165419121469317,0.0,2.7402779755569435,-0.6966992288510807,0.39933983714973265,0.8319673404870755,0.18388723874394342,0.44627051427280956,1.1878030581257437,0.5472396685027827,5.0878975435743286,6.973742430412845,0.4451768739760304,0.4968376592486672]],[-279703795.2778616,-279703795.25823796,[2.6858918093062583,0.16166151278511526,1.1034255983109171,0.7244243233929706,0.4443535371523559,1.0,0.33438792490207636,0.40529387357869096,1.2504389422297377,0.28774861283061387,3.2409330618576346,6.18471279612352,0.5426285928383704,0.634749754292588]],[-280233040.50616777,-280233039.24695015,[5.882250488658996,1.0,3.141592653589793,-1.1045859189558669,0.3966951964338067,1.0,0.815540506550851,0.21800278700664877,-1.1234217745619173,0.24739799722429978,3.580387126591853,3.2373145810856276,0.4497424326460575,0.31473669669390647]],[-303387749.11852294,-303387748.5722939,[0.0,0.0,0.14028943613225908,1.0960954379827477,0.1834129860581391,0.456727201325647,0.4869092508654811,0.6306485933623167,2.2213773230713265,0.6301436686277827,6.20114056300984,2.236818290149982,0.5535859622539289,0.43937407704020237]],[-318250679.51519763,-318250658.7449032,[0.0,1.0,3.141592653589793,0.4673743268274521,0.47418689861170615,0.40644406717744247,0.6257251464904261,0.0,-1.054991496113239,0.4771933189423042,2.940201662893199,2.7939600295533005,0.5279417123773165,0.7777730077568326]],[-365294591.78912157,-365294575.60856366,[0.6098122315788199,0.5083990388309214,0.5270372136404475,-0.20134498861734024,0.6265652318004107,0.9098800740935071,0.28141644825913303,0.32246324976107044,1.1398357899140734,0.1,3.997868085545719,3.230230010831378,0.4516037031964955,0.5018901875905177]],[-374723286.3332289,-374723284.994792,[3.3134460261575933,0.0,0.0,-2.475367712798534,0.5391441705249806,1.0,0.6943323288054566,0.44591055004858393,-0.7836507417811807,0.5798565424470221,7.11440734408069,2.0894034913158688,0.5243135785526486,0.3825550017123495]],[-404395961.6081786,-404395961.47468257,[6.395178683151039,0.9510790032705123,0.13236484284408712,-1.2830260488273098,0.0,0.898916858066771,1.0,0.6448690432003373,1.6699457421844013,0.5769861924221789,3.4740764421180574,3.6432751294959873,0.4401608550856225,0.5249679087571628]]],[5.995297637657203,0.5468733571947116,1.4236118098204682,0.04757930027726992,0.47159769634097065,0.24335057087865408,0.5176269236867912,0.5086207237190494,-0.19827412338886485,0.4161883229009758,4.722287998768367,3.583052220432644,0.48462284811093786,0.4253654505122177],[24.67262203997923,3.6115498807701494,9.192256545793551,9.485510306353238,0.2474618064272351,0.2654209361834142,0.2440296337243112,0.24553153698547486,8.66987464274686,0.24360593868160074,16.09225380644521,15.658775174934908,0.03770578525963599,0.04062050797482336],[[24.67262203997923,0.02640317855221893,-0.22511260312342224,0.5108590112323891,-0.056292542088814776,-0.08881507224634999,-0.05605315991161716,0.04267313116036719,0.08793015008640225,0.043014488402128404,0.5393506207001608,-0.8233750860042567,-0.012553384401723388,-0.04445510343413468],[0.02640317855221893,3.6115498807701494,-0.04719543450417158,0.10900090658503145,-0.023150309810616436,-0.012548127770515746,-0.006781690986762342,0.021349930316927352,-0.07013964768465335,-0.0043915827565376075,0.18632841908701145,0.02547941372817271,0.0002118436989574433,0.004298142938797945],[-0.22511260312342224,-0.04719543450417158,9.192256545793551,0.05781425850771295,0.018019767873808514,0.030213404534450265,0.04551740470358908,-0.04359820539793033,0.043985360187890704,0.03449244158876608,-0.46584367995259607,0.03259989296516232,0.0011362143589541767,-0.0002877893284444111],[0.5108590112323891,0.10900090658503145,0.05781425850771295,9.485510306353238,-0.036848514775898455,0.07999794443552391,-0.05414373442323015,-0.022448073481775764,0.10375209774977648,0.016222079935016762,-0.15182768650158537,0.22829358402313193,-0.013393574836026276,-0.002573648946281365],[-0.056292542088814776,-0.023150309810616436,0.018019767873808514,-0.036848514775898455,0.2474618064272351,0.008796040919134461,0.0017264515843103702,-0.013425040137920901,0.026551523387301205,0.006722031611823412,-0.05066671874040525,0.041649922095192325,0.00022440225782676142,-0.000804702158307144],[-0.08881507224634999,-0.012548127770515746,0.030213404534450265,0.07999794443552391,0.008796040919134461,0.2654209361834142,-0.004164059727003926,-0.0023143009369290296,0.039394190481691654,0.009672387922708215,-0.1344445353983391,0.0789784863929848,0.001015094711140464,0.007540431212129881],[-0.05605315991161716,-0.006781690986762342,0.04551740470358908,-0.05414373442323015,0.0017264515843103702,-0.004164059727003926,0.2440296337243112,-0.0015998891404921903,0.003684894042919636,-0.0019913523153116813,-0.06675818054819617,0.017889905278873873,0.000244491075707983,0.0015944984431851812],[0.04267313116036719,0.021349930316927352,-0.04359820539793033,-0.022448073481775764,-0.013425040137920901,-0.0023143009369290296,-0.0015998891404921903,0.24553153698547486,-0.04218113028505713,-0.0074103293685964695,0.08173649574531228,-0.009212162838316407,0.0010648692256586608,0.00211470315999505],[0.08793015008640225,-0.07013964768465335,0.043985360187890704,0.10375209774977648,0.026551523387301205,0.039394190481691654,0.003684894042919636,-0.04218113028505713,8.66987464274686,0.026995817716462766,-0.031367332074725814,-0.22673135450398155,-0.006741831798175763,0.0005661965692653415],[0.043014488402128404,-0.0043915827565376075,0.03449244158876608,0.016222079935016762,0.006722031611823412,0.009672387922708215,-0.0019913523153116813,-0.0074103293685964695,0.026995817716462766,0.24360593868160074,-0.010633572033382124,0.014541139044818555,-0.0003736433025071226,0.0021697539928371965],[0.5393506207001608,0.18632841908701145,-0.46584367995259607,-0.15182768650158537,-0.05066671874040525,-0.1344445353983391,-0.06675818054819617,0.08173649574531228,-0.031367332074725814,-0.010633572033382124,16.09225380644521,-0.1736830350172781,-0.01284530974040197,-0.01535968393223915],[-0.8233750860042567,0.02547941372817271,0.03259989296516232,0.22829358402313193,0.041649922095192325,0.0789784863929848,0.017889905278873873,-0.009212162838316407,-0.22673135450398155,0.014541139044818555,-0.1736830350172781,15.658775174934908,0.009037101802708346,0.013304760926953048],[-0.012553384401723388,0.0002118436989574433,0.0011362143589541767,-0.013393574836026276,0.00022440225782676142,0.001015094711140464,0.000244491075707983,0.0010648692256586608,-0.006741831798175763,-0.0003736433025071226,-0.01284530974040197,0.009037101802708346,0.03770578525963599,0.0005642462992755759],[-0.04445510343413468,0.004298142938797945,-0.0002877893284444111,-0.002573648946281365,-0.000804702158307144,0.007540431212129881,0.0015944984431851812,0.00211470315999505,0.0005661965692653415,0.0021697539928371965,-0.01535968393223915,0.013304760926953048,0.0005642462992755759,0.04062050797482336]],0.5881177859182306,[[0.0],[0.0],[0.0],[0.0],[0.0],[0.0],[0.0],[0.0],[0.0],[0.0],[0.0],[0.0],[0.0],[0.0]],[[1.507777364186594],[0.17752123658199756],[-0.35486772669603056],[0.12012988083103858],[-0.43026677576208566],[-3.8879847104977796],[0.2670304392337144],[0.13059542788712913],[-0.5006094388900018],[-1.2696639156291059],[1.3677434942099975],[-0.78954324853934],[-0.5823715606962064],[-2.826598799350814]],1,100,-67120891.7039576,-67120890.66363466,[8.48502001197912,0.0,1.5930588159126433,-2.1747730175006,0.4478886153232495,0.12205238022784176,0.44100759558444164,0.48402205351517924,-0.1699153995743389,0.5929486809102372,4.816517981776374,2.540688799125673,0.4622032488726092,0.3408957671972761]]
