["generation","mean","variance","covariance","_sigma","_p_c","_p_sigma","iteration","num_evaluations","best_score","best_evaluation","best_solution"]
[[[-53163417.964701526,-53163417.561891615,[6.267081218052358,0.30231530106514504,0.0,0.01858679146074103,0.17119657199854693,0.29821381479183556,0.6190834261580493,0.7209197679268274,-1.8282339765993838,0.5910072560289662,3.529518223414542,2.7652233647023934,0.5783319520651131,0.25947852182153597]],[-60785372.101658575,-60785351.71819794,[5.082648526879152,1.0,1.0280244868690551,-3.4807673266350063,0.7800991068267049,0.4600732674595898,0.32307879779881704,0.22903531269872263,-1.5688176938142906,0.36246409630922827,5.9448537402092905,5.940044273399449,0.4681128533698488,0.3594790005261698]],[-64161704.10969751,-64161704.10414976,[7.28606397650891,0.0,1.2175537691526812,1.3549366091546613,0.8364601845424329,0.8716713944411609,0.5698761447966454,0.8590948341548945,1.0957073163121682,0.4645660976736217,1.9825823574710149,4.926554940039603,0.3535009624158196,0.31110173980765343]],[-64597392.81969993,-64597389.648426056,[4.832250596766325,0.0,3.141592653589793,-1.7985377497892063,0.6170932287864922,0.18926875204957944,0.5772533865065284,0.7083463688636116,0.46766407658797954,0.4888379561298569,4.256346501883854,5.637775939557528,0.5217802230205182,0.3589443290191572]],[-66457533.58384563,-66457533.572844744,[6.498817759338809,0.34062092100264874,1.352746575627001,0.6051671058753407,0.6049684915616078,0.2970935846717397,0.6133371395388709,0.49173590602268175,-1.9394180207186729,0.5045372897062647,5.967769168907205,8.198338212450139,0.3301370704496651,0.44745976876569493]],[-68609286.53960316,-68609286.46691692,[7.8225960697815715,1.0,2.243362174927376,0.6931799418983621,0.7483957080646839,0.4092068437557202,0.7084495233081082,0.8567312491676813,-1.5256862275832388,0.2615862488779116,2.7388597733542204,2.768775190951901,0.3867555167703906,0.4632755124368597]],[-69134961.2787489,-69134961.12428057,[3.6119149415570226,0.5617679293290434,3.141592653589793,-0.47453691213853544,0.36467606725813584,0.3476610946868174,0.4512872957400103,0.9242898965352583,0.16434282591231686,0.24071026664340794,4.687857085632611,7.054878881392565,0.5280128906249446,0.4428386301982086]],[-70622632.20008479,-70622631.53377903,[7.204637561971849,1.0,0.8419662653702789,-0.024560750641587026,0.5637520895421664,0.25761275427906494,0.8503329353756749,0.4238672247470432,0.21460454969613446,0.7434202772135948,5.538717379627764,5.436914949564001,0.4235375018314074,0.39099921426743467]],[-70988079.89737034,-70988079.89504814,[5.76123165338247,0.41511419385684395,2.430130649805218,0.46700288107900956,0.7537133310198545,0.4862975166170924,0.46466350332564155,0.6070526957772662,1.1738869631895659,0.4313426306723016,3.3846872112096635,0.0,0.43107375902933504,0.4434544282110261]],[-72637674.98104198,-72637674.92638022,[3.6248657608045676,0.0,2.872819750572198,-1.2505718357045095,0.33085791120994984,0.4214004899528385,0.5062804626745275,0.5628697493760156,1.0372560798718164,0.6436874951443369,6.589893396083189,0.7944648213744285,0.34084586283756435,0.41350661141346245]],[-77044876.92532596,-77044876.51907861,[2.8617446464284506,1.0,2.93770936754648,3.0895615780836017,0.3633250224645788,0.5588143818173398,0.5990866757987029,0.36380115503536814,-0.30057488920996833,0.19337811183604608,2.5765494584635,5.2000692271336195,0.6353872493147846,0.47837665710006166]],[-77496025.5330055,-77496024.31935787,[9.560996352014179,1.0,0.3872375759357152,-1.0373565208146762,0.20752977619173973,0.3318618345318646,0.9803359144769415,0.6406903206805189,-2.2554797948038554,0.36788894848766795,7.09433374885959,4.6040960189219895,0.6080242334705883,0.47510234731144235]],[-78528080.73620783,-78528075.48629797,[5.41834588277367,1.0,0.0,1.5717614286592343,0.5019606104683418,0.4493839134408636,0.10809327549609482,0.3608526191638687,1.607973075177214,0.3978688839620413,0.0,4.499674020030221,0.47541716443563814,0.43093993169437095]],[-79873904.0193573,-79873904.01106071,[5.937837057311621,0.0,1.6679892332243493,-0.9645204423191116,0.43140970058559003,0.4046309463443548,0.2031126197331517,0.5926317899738536,1.0888685829096132,0.3707820728716701,5.7876959394376355,3.872461508877016,0.4922465504359263,0.47608510128008835]],[-81205234.12275787,-81205220.4989456,[5.180240420730298,0.7182976945273437,1.2283427337958919,-0.9842963462651693,0.8551274553793426,0.3512594098730316,0.503694932126259,0.04524186343615222,0.7955348430746315,0.6358386234941938,3.6070660682560054,2.6433953505369976,0.6181407744015941,0.3401299151694744]],[-83037759.55420256,-83037758.09740192,[7.602454645520469,0.0,3.141592653589793,-1.4865373724959685,0.7678723053591539,0.0,0.49291504013167153,0.5217676169534626,1.6855064973247285,0.2436727861762621,2.9315836148374874,2.0496288684923734,0.4706781606780315,0.38915698273970245]],[-84439430.59084715,-84439428.76627588,[3.428562079131819,1.0,0.3170869469988271,0.6697366769233672,0.6973509843803392,0.679017640725638,0.9358008029513825,0.2746982159763508,-1.0117652715962482,0.3424211970627611,6.757879348584469,6.180287447160799,0.5066152703068296,0.3375111902360871]],[-84471525.21879487,-84471524.95984852,[2.1782626605639477,0.6517117451668969,0.6361948149831547,1.8494529366894767,0.5538401419447492,0.40403809730439927,0.8731766734014864,0.5850054759044172,-0.15390680822758507,0.3898557156773562,2.9930196135432094,7.014856015235779,0.5302056777425244,0.4818492682226635]],[-85639594.86188595,-85639572.03526193,[5.025301005105972,0.9281248402842455,2.435499575430678,1.2160970079954778,0.5855271798978814,0.8292897689942493,0.2068384047369602,1.0,-1.6473119774493314,0.2049199095423827,6.063864588311,4.68573651187617,0.5013401987574552,0.4568985274522336]],[-86084144.69418962,-86084142.56246614,[4.146814630630027,1.0,1.0124090934869667,1.111135098369546,0.43989091867344365,0.35062302756541885,0.5840666923177896,0.48490205018927224,0.2077707473263165,0.3467826203436781,4.254596889143593,5.232824234992974,0.48725371767407744,0.529337486647552]],[-86362841.65065378,-86362841.6004867,[6.772411100969689,0.07200798572308248,1.0722105210693835,2.064563658708232,0.5712607668716048,1.0,0.6299863329522459,0.26077823228410346,-0.3134332540230889,0.1,0.0,3.179928083897779,0.41514777504925604,0.4352633250809779]],[-86731508.55636643,-86731508.40293807,[7.8917752589483925,1.0,2.3281287656068774,2.2173782864326705,0.2864254961871049,0.14489323552335487,0.6441818489143152,0.9208026405241829,0.15538008656734348,0.5147724430299251,0.5521327224684844,2.1387982183079206,0.4825763189598144,0.461424326109647]],[-86777844.06014115,-86777844.06014115,[4.674888918797216,0.9501807752707419,2.5634236027478794,1.592922414735844,0.36593901378865656,0.31642637795092377,0.5546877384026893,0.8055109455498977,-0.5068420741399451,0.2983499394135235,4.831602127291584,7.086893392931025,0.423228395307352,0.5371872524617217]],[-87228750.33455026,-87228749.94790673,[4.21518320606221,0.20352475524748032,1.7805567113349605,1.9818112385129933,0.6098661565973975,0.5127074153891641,0.7065646821672116,0.5961547374719651,0.09032657243146544,0.4436528756718711,0.0,4.439209397172614,0.5690680605069546,0.4995542364493679]],[-88702862.52104868,-88702852.42155325,[2.22137399980039,0.9854538294459851,0.0,2.1335288006499353,0.9001051029081237,0.5198162952382819,0.6244291139521861,0.34166665019222514,-2.0481290462339814,0.5991151963739363,7.887132600609791,6.420526169248532,0.465171394778666,0.4476150982606387]],[-89059705.41940032,-89059704.39020246,[3.31253662375996,0.11647491328683157,1.1552046757760568,0.669036592307495,0.29611328145873406,0.4406334543495889,1.0,0.5397576429735765,-2.593568914785612,0.4073594325459782,7.1301580573696945,5.747288065801002,0.27750686836257965,0.5349392746641511]],[-89579619.1191712,-89579619.1191712,[2.9556419097984996,0.10481321728387377,3.109787387930908,0.06815086150626418,0.6495048087751021,0.36185678223160167,0.5209172197773271,0.4146341155006894,2.269717006262622,0.1816164234991744,4.530786083682501,5.287481465342211,0.382387140997108,0.5059386121685552]],[-90543267.74211042,-90543263.90930152,[2.4286689776981625,0.46113332031530413,1.2409743585492063,-2.1601157299586924,0.6208080755683592,0.3377917494257887,0.20103091251677369,0.4613069578449072,1.5398835878388706,0.21443741513000297,1.9171466479479227,5.997256940207732,0.660233822591202,0.4495284827045003]],[-91680186.3888098,-91680186.28950226,[5.882039809499652,0.0,1.0341092476258158,-0.9785067937434783,0.1915433023815739,0.34157729435717027,0.5742251956888004,0.44411941735187077,0.5449732895461178,0.2703055931108993,2.251370626490688,5.302853998906726,0.53670890207183,0.5561013548882251]],[-93489820.05745307,-93489819.66483426,[5.322757271685151,1.0,1.068099435189624,0.07688063445899254,0.3249676195778369,0.3052413516343742,0.7868264086934564,0.19718970836940614,0.2705541203341133,0.5939771501307775,3.6579073223269116,4.529571622038699,0.5829387532332101,0.5134472937943746]],[-93542203.83693106,-93542202.73577797,[2.505285258949777,0.0,1.0870327455584636,1.105487522569952,0.9864696552147354,0.30697519669058415,0.8856598634748244,0.26582167366678117,-0.4957898490770577,0.8984551110079473,8.648047569939381,8.242999572977403,0.48564174086421086,0.4215813237783347]],[-94428139.44769958,-94428135.98442996,[7.915783669264036,0.0,0.0,-0.9020208312658479,0.8020097993009608,0.47746664475605494,0.14033101382420488,0.5463716202951621,-0.24435097444837317,0.3824959303494741,4.243194814071802,5.1747449779463945,0.5448040470492033,0.4476802215251765]],[-95161091.95147581,-95161091.91611308,[4.172641219101248,0.24185123875930292,1.798588426015864,1.0640054806378836,0.6099417117638319,0.3540719612278109,0.3455472465422582,0.45305378296198967,-0.7931411752818274,0.9,5.796280683784019,6.6939811303553505,0.4314403782268667,0.47480671651845047]],[-95627833.50074169,-95627830.45567042,[4.467047492755411,0.0,3.141592653589793,2.356712808588772,0.6930562077665627,0.6437493651709396,0.08801876770785666,0.725252277308017,-1.4053786870313796,0.5439083899462808,2.453842438504511,5.248577090134633,0.4957272655522603,0.47568577423911695]],[-95758416.13734971,-95758406.09797633,[5.350766966739119,0.0,0.3599937722915345,-0.4515578741058538,0.4443046288859256,0.5445864485556818,0.5161986849049037,0.0,1.3213349946131419,0.3569614666187665,3.02220845849883,1.788467319169671,0.6277862056337715,0.4646756215258759]],[-95914110.5848855,-95914110.57737601,[7.726090021518685,1.0,2.070945469079229,2.463748444474791,0.1997141638682587,0.5089164525706853,0.692317897042757,0.8310932657375703,0.6762235091879838,0.7650006592213936,4.862812980766594,4.155687063216519,0.4941713881632666,0.4035103499846048]],[-96743778.95873821,-96743778.95873821,[4.550775370501261,0.7305722759669988,0.8253702325918644,0.31379492585225055,0.6608721021344413,0.3931397387262699,0.446550365859562,0.8166531953885521,0.1908042737370983,0.5089919087689657,3.424607595744577,4.129201034372616,0.5684118225549507,0.5563638177880715]],[-98614504.65438299,-98614486.65219373,[5.64754553026448,0.20884024912668886,0.0,0.028885968315553692,1.0,0.3662337411488718,0.17944455138613508,0.49596967446782114,2.4321615056492782,0.7188776642659671,4.086334787349904,3.9702894038594945,0.4849840813287922,0.4696363530470695]],[-99307661.43977447,-99307658.52692997,[5.370918827950973,1.0,2.297885018066881,3.7968408224079915,0.2287502631699151,0.2493828188115753,0.11209281804985383,0.2928206349715646,-0.1455926542151111,0.1,1.6036133890111186,2.966289898793572,0.6315852325229481,0.608573942306575]],[-99706143.04074045,-99706138.66644311,[3.896337187345546,0.0,0.49911790241307696,-0.9707280110305078,0.0,0.5573738560452535,0.9491656655627362,0.46197219037732673,-0.7009553471196347,0.6052964860648997,1.7595208605303831,5.52556745152569,0.47253430536871843,0.45443126714273374]],[-99936005.41056456,-99936005.31340003,[5.05745368351523,0.8396659105349324,2.7581552370009437,0.2162585114285234,0.6643271055917417,0.5281122452962776,0.4581750859576535,0.8347443734695799,-1.1225445460506107,0.5809783719786841,5.120684865176038,2.1680530345187554,0.6734346934600958,0.4878102969589396]],[-100025964.73053111,-100025964.72346222,[5.302490118875888,0.7119849599820554,2.0906230720561787,0.960539275846841,0.4752861745885563,0.03855584720994604,0.6312161396255423,0.3148635854448689,-1.1248454739231608,0.47205807181991866,3.014164607564061,7.3929209610855615,0.3030513583613459,0.46437231098216475]],[-100394801.41150323,-100394800.51653516,[6.814397409311886,0.09904762184593063,0.0,-2.1210534369732352,0.3634367108620036,0.5416505070065498,0.6974189238545223,0.5464011037144516,2.5577629320429067,0.5821896781199801,1.6792947896527672,3.7586120299230545,0.5340631297593821,0.4932111251709472]],[-101034823.1216578,-101034822.713611,[10.664086992290063,1.0,1.8955103503802648,1.1002804644972324,0.5870142102257132,0.5779231797955513,0.46974721934966385,0.41892442261994634,-0.4273288836631767,0.5379125985573928,5.087903762446153,2.944836031666423,0.6385971003289176,0.4593970640830203]],[-102882840.94536588,-102882840.8041808,[1.8343626360985765,1.0,1.6421884848024288,0.40627748702922006,0.4148021110610306,0.21021483764068433,0.5677015589196154,0.4314907104203918,-0.7865740837078199,0.2954994047432631,6.705088685641526,5.107652270020994,0.47849405076221174,0.5752173817018844]],[-104181718.12183315,-104181717.60430616,[7.565976071562948,1.0,1.9232596186262418,1.672161755131003,0.7602997257024727,0.0,0.5307278590557621,0.4744683769184892,-1.6651253267048325,0.462835879385189,6.341294459500552,3.5709472980305055,0.5876801436072587,0.44873994995620103]],[-104458145.57260472,-104458100.95033991,[5.025586002674866,0.0,3.141592653589793,-1.2946973426910484,0.3966967113604892,0.0,1.0,0.7411736223465709,-2.4275895559031753,0.1,1.1705901659865994,6.493578976558981,0.544890133486392,0.5007442982019528]],[-104681366.89556868,-104681362.09671104,[5.224856457412362,1.0,0.0,1.6852959921781197,0.5187912531403445,0.25772504270594687,0.2255205610832543,0.517304219504034,-0.5687729039203376,0.34779313937093526,4.015903735298779,5.799797262211693,0.5392565108039369,0.6315056651117563]],[-105180896.04381126,-105180896.02664518,[4.296588074893598,1.0,1.7142507314798578,2.6007858358644396,0.7695343950495003,0.474312126944207,0.47256355740914247,0.26961265871609474,0.26770854078041273,0.4266445147255415,4.862740127648226,4.844672905384335,0.48299973428983484,0.5771867019967961]],[-106576125.04834361,-106576111.72993457,[7.212321925592119,1.0,1.2382494737966057,-1.6687602390805147,0.4795518911721949,0.5623643259676997,0.5837098833847593,0.8544056944616563,-1.2248841608404557,0.19571877899660262,3.176917048652295,6.357851410842642,0.5001423899322442,0.5423988076916112]],[-106603942.91799706,-106603878.77066284,[5.959239204104385,1.0,1.8819938715543496,-2.0462292503906747,0.30881365368669556,0.0,1.0,0.10816827152194458,-0.051903040648457396,0.427918057125484,7.964255910365756,0.20807797414774498,0.486073502078063,0.4732224160421438]],[-106711534.39138831,-106711531.88962299,[1.546574894573168,0.0,0.0,0.5546849878420812,0.07297540664391594,0.47900258860854583,0.5872883493116712,0.47295134834003205,0.5051350278368288,0.43141827528943444,4.8403458789541345,6.555675450539238,0.3410319315881672,0.4118267777635537]],[-108898510.90759863,-108898509.94377351,[6.622965221455932,0.462973004251184,0.9316438356466213,0.10156020961841812,0.6091593480440889,0.5373357184070215,0.0,0.6347336738895946,-2.0783611978953616,0.4931769150291195,2.6832758564458326,3.892966987139694,0.4495912032135469,0.5621311132161092]],[-109128063.7952634,-109128062.66757894,[6.467483928886091,1.0,1.8032483290684305,-1.7090232726658239,0.5232736961537194,0.6017081039835414,0.5071164723025571,0.4306905389030312,1.5903041499130701,0.8329048053502828,3.2512214742313374,4.8669192017332925,0.5713547722847099,0.38544987075040327]],[-110662920.68331148,-110662914.3680687,[1.4259730549090648,1.0,3.0336284457390983,-1.4021360910025307,0.8400908839755586,0.6642440606473984,1.0,0.0,0.7985055251747566,0.3906896198593133,2.191255962680545,4.2766408205818,0.36338304855037373,0.40672675267739816]],[-111756120.14264838,-111756092.51184726,[4.987880848632693,1.0,0.37628194643002244,-0.4576464515911072,0.06630419843341845,0.5717604762790249,0.7135481088067932,0.09935814721915404,1.071706522776382,0.37166476338449156,5.142082094954288,4.126532743448651,0.38700591104947024,0.5312159633303455]],[-114911597.29139327,-114911596.96497142,[2.2663368100849066,0.42722871868821916,1.5836450227722414,1.498301854674692,0.47888742655460614,0.9146801706549219,0.16504546644563528,0.7240201659693472,-0.5345954308216628,0.16777260028842716,4.431484213283451,1.727533735605013,0.5513971103209081,0.5136397500830006]],[-116020372.47850372,-116020364.96488428,[7.683500427865006,1.0,3.141592653589793,0.34020628684522036,0.6943702381796298,0.369809779891856,0.29496091071911634,0.5017801461118145,-1.5003337770806024,0.630704075756861,3.4667095853381213,7.7539575570444565,0.41381087257386623,0.6449180422768638]],[-116311947.7017838,-116311908.93381488,[4.9459201327489035,0.06687378180934589,0.2624256621879091,1.100672464884969,0.4666982631563332,0.3643699223862359,0.6847285328648871,0.06389376398927338,-0.8750073697617342,0.6044968212053466,6.173142797216389,0.13020978818448814,0.6882055515770427,0.5870081759995344]],[-117082792.36644377,-117082788.2901814,[10.693656212549932,0.0,0.0,-1.1131253899540228,0.31539779690580616,0.0,0.0,0.2447227963883875,-1.516914487945026,0.7604221372184896,5.997272796169263,0.4367702942809113,0.5912882549685257,0.42532141528697476]],[-118151285.17227308,-118151284.83483553,[4.190435169165808,0.0,1.5176464047976146,-4.0,0.5221511657136425,0.6446726127920253,0.17672110518885126,0.4642213252679187,-1.2820008636992113,0.7752772040296803,3.7223001795057042,3.5596956423512816,0.5077569094026277,0.45685422188613534]],[-118631303.25877427,-118631303.24863899,[2.3783916681997908,0.06507249067029697,0.7423884927366177,1.1280111410743745,0.46842128504596264,0.4272365455434361,0.47670888010632323,0.9016968468175539,-0.18814067905949874,0.4370999621201398,0.3898325148139974,5.469808652433664,0.4842409161892396,0.6253048084983848]],[-122375126.10186209,-122375125.92451596,[8.127983901849994,0.0,0.9490860487036412,1.1306193279169938,0.44438798742573576,0.4971446434687624,0.45507875055990243,0.6463770711995127,2.679998130882591,0.2138823609706022,3.6246124137380606,0.823337436966431,0.5543008867575202,0.7114394028416854]],[-122818561.55938111,-122818559.22441065,[9.968908534793005,1.0,3.141592653589793,0.12744416223914945,1.0,0.2827226873381886,0.3037903380816631,0.5037326295869847,-0.8842275740672697,0.620665385949429,5.091295842175124,6.06584840550045,0.4396111574788112,0.6723555113695967]],[-123094779.88809472,-123094778.01480615,[3.1678810163892392,0.0,3.141592653589793,1.5139249001890955,0.6930360748311057,0.4154481293114492,0.5110072837020612,0.6063789922949252,-0.6099996913111182,0.1,7.154679220268447,4.879359232612643,0.3484015677950145,0.6815226834987771]],[-123503428.33895278,-123503427.90896595,[9.32696911645771,0.0,1.0013804432920699,0.014025368757274354,0.5689489763363058,0.7198933553248869,0.5715101505482387,0.7284234127462144,-0.6423843219350475,0.5863330315216573,2.7409885282263495,4.329884993843195,0.5763173544540783,0.4150782668582901]],[-123997157.37900092,-123997111.66816491,[5.26185484330523,0.0,2.7126919643268517,0.2161002151434455,0.5113949737028687,0.3173988438183222,0.11167769308119396,0.17950647510767043,-3.2576725829981514,0.6720605858955936,5.180354710092876,6.143802822360006,0.4046954692503466,0.693276997459646]],[-125041401.95507365,-125041401.77364826,[6.273416503392054,0.0,1.9260655095562431,0.9335860321574696,0.6338623398747923,0.704692049007003,0.8026588708329403,0.5715026099754429,1.3624570312539261,0.6146661268697694,1.5795991757424641,3.2659141556943574,0.47990369758726764,0.4997696666358286]],[-125193603.47405837,-125193587.5050993,[6.1839279245918535,0.6562958256504343,0.9798935747417029,-0.1732414187975655,0.5095476976097149,0.3835019576746194,0.30529632932817247,0.0,1.806559918184416,0.5598124196149288,3.814978992228493,3.4779453923863373,0.6053819364209383,0.6512704115181016]],[-126159012.21688557,-126159011.96007955,[8.900195232487611,1.0,1.13892440417074,-2.6210848314124453,0.10180554471253578,0.6993087575953538,0.33981417180258683,0.3676400789168874,-1.669021234610279,0.2490960073428205,5.671288825547748,0.0,0.5260859803983957,0.4755631297830815]],[-128123536.36712798,-128123533.44541395,[6.9149649099266846,1.0,0.0,-0.379436840840087,0.32358802793157826,0.5844756827611673,0.5830566156876408,0.6779227264701377,0.7773370516176292,0.5476977445102822,2.5034326914873146,3.1164663989743517,0.4771523487858903,0.5616427450057617]],[-129503779.13519707,-129503766.83462489,[7.22135559560021,0.0,2.567337736839896,2.336919124855367,0.30897068490179913,0.4391000705036671,0.5399278449636306,0.016049630444028518,1.831763782151254,0.40032196568920553,3.374566514610061,8.410983347985535,0.4667271024720971,0.6391634912563324]],[-131104706.01915675,-131104672.7128824,[6.764239111864406,1.0,1.0249163101128738,0.11433890525351548,0.8190579325373168,0.6098906948406209,0.6857676646084845,0.0,-0.3832580180178641,0.1077737650300365,5.209959958867089,2.4419474404825015,0.5900124600609216,0.6641749348396295]],[-131142148.5977237,-131142136.20951188,[6.387470772229049,0.6748869168928641,3.141592653589793,2.2893965496944118,0.07524038650937553,0.20114042146923888,0.0,0.29089668610690134,3.8787016458175967,0.7966729061070843,1.4125984851115425,0.802724828039707,0.4351998019647153,0.6428681625257795]],[-134169821.36362027,-134169821.36356807,[4.647664289518996,0.07612519133714668,0.45578919997380396,1.1517861775545637,0.5336368881398914,0.5227223652466879,0.5014297844973299,0.3666144470356967,-0.4448079414672188,0.9,3.0253101973649223,6.7007955510464345,0.5959718902219925,0.536794837555617]],[-134992822.76235378,-134992821.38147235,[5.796204744603301,0.569709048554669,0.0,-0.7660718681677718,0.9747852977693663,0.36527738468634896,0.15542813243750997,0.7503227054119965,1.143005877335006,0.8268043704846648,3.0135152564818215,4.416297438698732,0.4769844226922911,0.5992760725976182]],[-136306423.12333268,-136306398.0030855,[2.1557500967380667,0.9011391283832304,1.075507907073184,0.15724907817339645,0.255420137907858,0.36279674090857433,0.4669783493685098,0.6174175967972446,-3.430899955797061,0.6822423895495267,0.5122822981055957,4.940102458276388,0.47916611678914534,0.6576619358413421]],[-140033457.7279006,-140033429.98467267,[1.748960350159992,0.015866577980838292,3.0889987011047815,1.6377338537517248,0.37941150594704676,0.2871759746131777,0.5866000563556906,0.8912777598671087,-1.6238961510851864,0.3265731722907383,8.658865237019938,5.258736333283165,0.5535565060254567,0.6843864501169081]],[-140137561.08256063,-140137547.90918088,[2.325631209749997,1.0,0.29063120556133293,-0.2936487985964455,0.6941846621920651,0.1979646113317593,0.203009203783459,0.050551178830055166,-1.4896570704713534,0.6124042016478422,0.04426860184314929,3.263156015315203,0.6966754868611412,0.6493536891853084]],[-141187244.24225563,-141187244.23258448,[9.38669979591394,0.6146627568722752,3.141592653589793,-0.3161153404783036,1.0,0.43273860260673647,0.2054300250252729,0.45898296399357047,-0.6596493157889627,0.2814411556991039,8.753266239611502,3.1671319020724225,0.3963225059457864,0.7250348226667079]],[-141624906.0130423,-141624904.02544868,[9.97167736626957,0.7667679073338045,0.0,-1.242777278118194,0.5558130817797694,0.6047799531360356,0.883260879878965,0.7202156697175821,1.1056451158611469,0.4724768343561803,2.9200517283987617,6.409996067074685,0.4908468032737777,0.5565739099482074]],[-143679647.3214213,-143679642.89165556,[1.5772609439097094,1.0,1.7841143845278,-0.8204299196557074,0.8499821091597414,0.4238549986063339,0.46066767513588935,0.1603887994962061,-0.24802191463270268,0.7695544609487468,3.485399378525136,2.3869315745659314,0.4543448377987338,0.5657736124892456]],[-144645087.2514435,-144645087.23489988,[4.897545225990099,0.0,0.29165837747186485,-1.6233815185888552,0.1933907000183171,0.8450375878266956,0.6195015332794467,0.5955817317190323,-1.1952871683598507,0.7716459954887778,1.9140831509336125,2.695085539366314,0.3666708374699389,0.4769714369266016]],[-144673702.03365108,-144673663.87148988,[5.792332827131486,0.0,1.0323714156079498,0.3729156340053387,0.6897758205743978,0.7314386521228432,0.705089902340269,0.5989977333280817,-2.875512207581781,0.6839167405384673,4.268130911493181,6.139659704294217,0.6893605568707767,0.3871909302294868]],[-146559212.56313702,-146559212.2316476,[5.585030713612055,0.46755999150987715,1.4017218604935473,0.44863295883865706,0.45935599153185713,0.7055914586347283,0.358828289891069,0.83787847487471,1.7112447151157868,0.349883413568262,5.133359226262729,4.0375498429342045,0.4663532772754104,0.48069304857255485]],[-151901087.85210115,-151901087.76035547,[5.7848608617894195,0.838640007393999,3.141592653589793,-3.5814969685682794,0.4222643187210716,0.7733842745988782,0.5123783794419186,0.5427530073080001,-0.09672203974166763,0.5477054049635656,2.0960372539862253,0.0022696413338780808,0.34478515432984447,0.5642693879547733]],[-157886176.8453077,-157886176.21310484,[8.890986460225045,0.0,0.0,-1.7763936247304266,0.13265176651970328,0.6761905614089302,0.16244986309505927,0.5904874211864222,0.7845760767703356,0.2056550834080369,4.064839905821136,7.577587436503827,0.4283791408815963,0.4986345644370062]],[-159043194.43641418,-159043194.4326296,[2.041491650249995,1.0,1.1616984607357175,-0.7606750472154233,0.5739850810869501,0.7321788748807185,0.47565962761791036,0.6041282689548461,-0.8736063196852,0.8943913540336703,3.363868746499918,3.172141892890406,0.5665009558050705,0.43132736961452056]],[-159869809.40355092,-159869808.89678097,[2.8914517078010378,0.985241854627874,0.0,-1.4310177161812825,0.42397275630202774,0.7605736463939743,0.6584809729515041,0.4216904368812837,0.331617601395211,0.41030544997022206,1.5742885824618078,5.6475367212467305,0.36188671068398615,0.6154747814476204]],[-163149685.49772882,-163149685.49772882,[0.8824695735945962,0.45956819116728487,0.718683966887909,-0.49750056282014354,0.23223096672896304,0.6192892499369906,0.4906910462026497,0.34606683344978395,0.07856291762294555,0.23460003378759603,3.2372344627561462,2.0381014687523007,0.5686789318488717,0.35009921645298037]],[-169947899.55731878,-169947897.6789528,[3.115087115390285,0.0,0.0,-0.03082884761858501,0.7208574138524249,0.778116097367116,0.7420671179869913,0.47122518939866664,-2.7540884255852474,0.47583676971047795,1.6655567927632249,3.827751708769991,0.3840897131910593,0.6462318519442563]],[-184570029.8411662,-184570029.7616285,[7.6049726719983655,0.4030579569897871,3.141592653589793,0.5148837971103084,0.6859143157156138,1.0,0.5249540269808562,0.4528640672007973,-0.5580351222176502,0.6538761577839238,5.842496263001371,4.53572472707283,0.5008031750507085,0.35425306250785327]],[-185089144.56145632,-185089098.87504578,[4.272283551534811,0.2788601062422845,2.2206734436034514,0.14344312604933995,0.6878494696002091,0.7331683093342313,0.5809029752987075,0.26012414803383066,2.48477418147133,0.9,6.731732420041569,2.128017658531131,0.38495418679428883,0.5467900307974823]],[-190993452.8703328,-190993452.79610348,[0.8169379836723483,1.0,3.1108820601272207,1.234574191840185,0.7657278691665459,0.5083246696737305,0.5280858583841693,0.7978006616925801,-1.3925832179597735,0.8574663646956175,4.548775690692583,9.0,0.41029227873301016,0.5368986607799373]],[-200591259.3268407,-200591259.2450598,[0.14393374885317023,1.0,1.4608047160932922,-1.3826828806643139,0.8731973474883798,0.35094071714974717,0.3284188113147156,0.5375054992320829,-2.1480154345898095,0.6077133505868701,3.404964441108139,3.1304861759160247,0.43984590125399065,0.31675951555380755]],[-211285090.60494727,-211285089.91492558,[0.0,0.8464646574590804,0.22990606717324757,-0.4694990500237467,0.12962390874459873,0.30534525663579276,0.21305259473276883,0.40410042790635947,-1.0698591849273884,0.4537096814971617,3.29372395143106,4.236830236504232,0.8338733379378251,0.42717405660629737]],[-217307125.44472313,-217307105.79070365,[0.3255733701692831,0.3976350312996366,3.141592653589793,0.4363395626061212,0.5414700467235534,0.2841868527608544,0.5414329716677097,0.09183159078054048,1.7691495845883725,0.9,4.359448940336373,3.2789721541146597,0.4904793041877741,0.5316793435483661]],[-225369294.40806785,-225369293.65936482,[5.493400014466955,1.0,3.141592653589793,0.22793615876038492,0.9015868450418743,1.0,0.6760178804271428,0.6451579708255838,-0.0956854154471788,0.30816996849778666,0.2171965424688871,4.395996710073586,0.49857423066838513,0.5700568965240068]],[-267911286.92425466,-267911286.63764167,[4.606445707433017,1.0,0.3171445617826225,-3.0152958691625953,0.2560397480329383,0.9340468082344864,0.5152599445296655,0.41683318732419594,-0.13813457621719621,0.9,3.2352312955962876,5.193483716710125,0.5548371399759977,0.6776676927571641]],[-388919563.35827285,-388919562.9665607,[0.0,1.0,1.1111776048130557,1.5434869387277748,0.6820216200370522,0.7885581015690009,0.6084369766810742,0.5772937663420108,0.7971096475921671,0.371551146247202,2.238172352806982,3.778676220297653,0.6190911209965922,0.397154972725853]]],[5.642801452264604,0.5291155365331031,1.5338476301322133,-0.0689910388421589,0.5495311772566837,0.4191465399305603,0.5638092766235896,0.5827769324479467,-0.34850040929835746,0.43116898839839357,4.1599648835004315,4.557529364092977,0.47509199558058823,0.3992103498449034],[23.487953844530097,3.576936280434955,9.173781263155945,9.086911907910249,0.2439803185256699,0.24249078958843878,0.2398320688808117,0.24920329914674125,8.73674572888877,0.23284774822747578,15.698002041619944,16.180959775864725,0.03933398533667889,0.04510980496990203],[[23.487953844530097,0.005477555833997088,-0.252721616101283,-0.036972908519999806,0.030731816301702665,-0.042358805951864226,0.06769466733892487,0.08904878315073966,-0.3388928563313788,-0.014302411135125695,-0.1574449999508665,-0.14484063411719406,-0.027486534349998804,-0.05892303636483097],[0.005477555833997088,3.576936280434955,-0.04761003354658107,0.007868872582087584,0.003175744773599781,-0.002916316939403943,0.004193452306123285,-0.013752908947405837,-0.10287987832445819,-0.008361457095179714,0.05974409186697402,0.08709144399805702,0.0034520835837811266,0.0025158213057847956],[-0.252721616101283,-0.04761003354658107,9.173781263155945,-0.04671239189046019,0.019662983992771655,-0.012064974468586637,-0.01892545818176919,0.03144969563656043,0.2929506285940275,-0.02726545986208101,-0.0073281878645490755,-0.06574766354556832,-0.006350728963355185,0.01875280586614041],[-0.036972908519999806,0.007868872582087584,-0.04671239189046019,9.086911907910249,-0.025137591080773784,0.06205413440746605,0.041295112625482314,0.047603713252873624,0.1280228760595018,-0.008654837582244924,-0.7399065174417025,-0.08471127473180307,-0.004680356455106577,0.02075211048946027],[0.030731816301702665,0.003175744773599781,0.019662983992771655,-0.025137591080773784,0.2439803185256699,0.004701712212117301,-0.0017812234984649496,-0.0033279488491785372,0.02545565697312692,-0.004832946051333971,-0.006920238980861205,0.05136125477729448,-0.005350631766980605,-0.003490113678785824],[-0.042358805951864226,-0.002916316939403943,-0.012064974468586637,0.06205413440746605,0.004701712212117301,0.24249078958843878,-0.006024795115900818,-0.0036966867357449114,0.03473008271482296,-6.267659119873581e-05,-0.053045069440362094,-0.03089245578491346,-0.001031723710743203,0.005540568288907433],[0.06769466733892487,0.004193452306123285,-0.01892545818176919,0.041295112625482314,-0.0017812234984649496,-0.006024795115900818,0.2398320688808117,0.006425121400398145,-0.054861436207741296,0.000288803570556759,0.03272662764307567,0.03820352271399441,-0.0010198321854794816,-0.004504950832153474],[0.08904878315073966,-0.013752908947405837,0.03144969563656043,0.047603713252873624,-0.0033279488491785372,-0.0036966867357449114,0.006425121400398145,0.24920329914674125,-0.016797610227462317,-0.005699167360448712,-0.0382995196308386,0.004725035210831782,-0.0026966572082168807,-0.00651795215682442],[-0.3388928563313788,-0.10287987832445819,0.2929506285940275,0.1280228760595018,0.02545565697312692,0.03473008271482296,-0.054861436207741296,-0.016797610227462317,8.73674572888877,0.017152519328952454,-0.5202662508591482,-0.4584650182261793,-0.001583827360380857,0.03101241428320721],[-0.014302411135125695,-0.008361457095179714,-0.02726545986208101,-0.008654837582244924,-0.004832946051333971,-6.267659119873581e-05,0.000288803570556759,-0.005699167360448712,0.017152519328952454,0.23284774822747578,0.019140660779421663,-0.052428315915803186,0.0006973859028515708,0.002388128592158973],[-0.1574449999508665,0.05974409186697402,-0.0073281878645490755,-0.7399065174417025,-0.006920238980861205,-0.053045069440362094,0.03272662764307567,-0.0382995196308386,-0.5202662508591482,0.019140660779421663,15.698002041619944,0.6297080091085211,-0.010262997156791251,-0.0051300286856011375],[-0.14484063411719406,0.08709144399805702,-0.06574766354556832,-0.08471127473180307,0.05136125477729448,-0.03089245578491346,0.03820352271399441,0.004725035210831782,-0.4584650182261793,-0.052428315915803186,0.6297080091085211,16.180959775864725,-0.016492085174464797,-0.027019930802603204],[-0.027486534349998804,0.0034520835837811266,-0.006350728963355185,-0.004680356455106577,-0.005350631766980605,-0.001031723710743203,-0.0010198321854794816,-0.0026966572082168807,-0.001583827360380857,0.0006973859028515708,-0.010262997156791251,-0.016492085174464797,0.03933398533667889,0.0013048956047324854],[-0.05892303636483097,0.0025158213057847956,0.01875280586614041,0.02075211048946027,-0.003490113678785824,0.005540568288907433,-0.004504950832153474,-0.00651795215682442,0.03101241428320721,0.002388128592158973,-0.0051300286856011375,-0.027019930802603204,0.0013048956047324854,0.04510980496990203]],0.5571722461218279,[[3.6662496500856614],[0.1660618924404767],[-0.21073870591524904],[-0.39349377809120445],[0.2825035018914322],[-0.4611516801081787],[0.3639393428083852],[0.4721222992780739],[-1.9876891988085708],[-0.3925810548659962],[0.912367568699944],[3.1798961076039225],[-0.14206402640392618],[-0.5748587193005761]],[[0.9737805483716463],[0.11026788688581426],[-0.08908477779185045],[-0.1741909869674455],[0.7503482884268986],[-1.224849856931472],[0.9666473553040377],[1.2539885587953439],[-0.879906017839867],[-1.0427216675732842],[0.3029136979748428],[1.0557522233091319],[-0.9433290060611869],[-3.8171584885364926]],1,100,-53163417.964701526,-53163417.561891615,[6.267081218052358,0.30231530106514504,0.0,0.01858679146074103,0.17119657199854693,0.29821381479183556,0.6190834261580493,0.7209197679268274,-1.8282339765993838,0.5910072560289662,3.529518223414542,2.7652233647023934,0.5783319520651131,0.25947852182153597]]
