["generation","mean","variance","covariance","_sigma","_p_c","_p_sigma","iteration","num_evaluations","best_score","best_evaluation","best_solution"]
[[[-70406293.86534408,-70406290.15499687,[3.8388369103704028,1.0,1.425286770998602,1.8148060513292514,0.8581009491863437,0.47199956424611644,0.8083833422355021,0.2661424446321383,0.7265240893702998,0.21045053549366644,5.565045121861937,6.3862180088887435,0.47281034949997736,0.2511395032786391]],[-74776354.5423564,-74776345.33361238,[3.799086870471508,1.0,0.0,-2.623108078507519,0.13134207075019244,0.10927357756796513,0.4673367023916914,0.19443637913474737,0.0033297509237437597,0.3539895851309093,1.928325337857252,4.977972710184344,0.5698662042248221,0.44725660305490733]],[-79516348.71831997,-79516347.80203861,[5.37033441393798,0.6283872192502263,0.4751780667734833,-1.5907575948674095,0.6757158321242369,0.16615443183358825,0.9179193341818349,0.32164552524821977,-2.00571891713085,0.592006413542529,8.049327090110895,4.945514497976759,0.5849864905124464,0.381928322666817]],[-85234196.29723871,-85234196.29723871,[4.559029329764641,0.3510526586488671,2.7971716907028443,-2.0456213258323794,0.32887173251033863,0.349179198504564,0.3320436495368384,0.6359898114356145,1.5795537258980255,0.5319421315861458,8.391096891368997,5.725404762098263,0.4984472810727454,0.2945386555976465]],[-86145132.22063419,-86145132.01657003,[2.5028611620814316,0.8034321225180221,0.0,1.6020746244916357,0.5457985284565314,0.11767439910959121,0.5812158761484686,0.2685618033990863,0.14372060606143006,0.3223343892108854,6.399161920561113,3.34007192578931,0.6187663850027874,0.5032561031731577]],[-86623963.75126527,-86623961.35951239,[10.73735784058397,0.08561099115793969,0.0,1.0643345583207182,0.314208633231813,0.4822706635949565,0.7197012299928689,0.14646289895819792,-0.007565208887503953,0.47938915128460474,0.31570737764070067,6.28916426784461,0.4668979905332824,0.3263768123292602]],[-91439561.03370903,-91439560.19578063,[6.253844315286156,0.0,2.9637756316979993,1.4951961264564968,0.18865703119010874,0.5371097865552555,0.2949511000872938,0.6051882787217322,-1.660722082546339,0.4830765794934351,4.600036045072484,3.8674718370447163,0.4813351881172781,0.38104696926029624]],[-91809266.16142805,-91809265.25512654,[4.40120804605885,1.0,2.7030018056508744,0.33313441188258175,0.0,0.0,0.0,0.47794888946707004,-1.5742405187558497,0.6455695160570988,1.7773909243805353,2.0536177833438405,0.6261990622736369,0.5115998891533597]],[-91872164.63029686,-91872162.3443588,[8.302025365386674,1.0,1.2251197580981081,0.42423275843233854,0.5423320464931093,0.0,0.8741213436252315,0.4318876492885051,-0.8696600008607869,0.63248829413919,5.896372689334907,5.807168354333542,0.6419890448202142,0.5148060415989149]],[-92432548.91495964,-92432487.71215087,[2.5433297028567976,1.0,1.6612699710254293,-0.6871958712792483,0.017551717434444003,0.21751703856853266,0.9170326366546786,0.17412943600731406,-0.4809674835010991,0.2542125260036432,9.0,0.32590276661823037,0.5175591205657255,0.5099013065935861]],[-93279234.79942776,-93279211.42393827,[9.516726695685392,0.34013071394154626,3.141592653589793,0.5922669405129939,0.6619803651472455,0.2291159257854966,0.0,0.4138603689897396,1.0880172979068599,0.21519728361494617,4.819667385450808,0.4749064919790045,0.5927475035049483,0.5427708524635834]],[-94115970.22362815,-94115970.18687719,[2.307818426928398,1.0,2.768603160999523,-0.817406800492394,0.5175032553919293,0.19758760739707537,0.5249302419485887,0.49177453354136413,-0.13140731819341514,0.37964868222702475,4.071246130564953,0.4484905539926527,0.4124361918332387,0.4236079567992096]],[-95642035.75778031,-95642019.30990285,[9.193566531455524,1.0,2.3928614064472864,1.985863742964691,0.5664671538972217,0.45764984018928095,0.0030489040602951767,0.6150457125939709,1.22549565382096,0.19595995354062312,3.7896638108942065,5.97756242317699,0.3139372163637838,0.4855601636881011]],[-97131718.56171018,-97131717.03763998,[9.279563174444839,0.0,3.141592653589793,-0.9548369316882501,0.648118471651254,0.27835215566804206,0.47434012880644305,0.3970079169382368,-1.1574763729562294,0.19511809983535866,0.7617479869837167,3.2351228631498845,0.603052400539799,0.548805011207956]],[-98197735.24550247,-98197735.24550247,[6.216912606536231,0.16947369594361356,0.23486759385850875,-0.6813923922937248,0.49359197825372103,0.36854603253214135,0.4534894018081372,0.7816396023245002,-0.4098004382785949,0.4540004830940942,7.120272527565465,3.982280573541516,0.45534760225374704,0.4176864238986483]],[-98783079.56553046,-98783056.43590677,[7.117106420425127,0.863665285723171,2.2187737371292844,1.625057516486699,0.41671456907726295,0.7999597243072647,0.4249175685903146,0.8668601039725581,2.9559926469861018,0.14838523305324264,4.848761184359462,6.219967465834176,0.6109947200896918,0.4577041315704188]],[-101437152.40173104,-101437140.85610932,[2.7482108563717076,1.0,2.4028859147652364,-0.7218930794217957,0.6375694909231759,0.418274834695486,0.6313460428963786,0.15364329566032903,0.5186038886299511,0.13111585694098887,3.036500143345894,3.3651715311280537,0.4119856605315687,0.40193517567384474]],[-101901322.28442079,-101901321.90273905,[4.89531063758147,1.0,3.141592653589793,-2.2938929658340266,0.6470515920283575,0.2790910008540993,0.4784398906759379,0.7498043781020525,1.165604443628768,0.3421648402092343,4.572676868527829,4.573967422668316,0.5115090795597,0.5474184935910088]],[-102276177.04264946,-102276152.47533214,[5.310526095233283,1.0,0.0,0.9532760614749995,0.12544021875769162,0.31276406361761705,0.5282179562365213,0.20594950705043963,-0.8028191742979316,0.1,3.711076440479479,4.9100602608465005,0.5990855384180355,0.5687648719414047]],[-103123315.6557094,-103123315.20722884,[2.3747023217085195,0.9383962392784442,1.5178394511075566,1.8271835868762825,0.22385458601924368,0.5526006183666672,0.86482511117262,0.43643144922779153,-0.3240075830919552,0.3828930785430093,1.652491931301685,3.680986989421226,0.49179508921991055,0.2640649684136124]],[-104340506.37226772,-104340436.22899032,[5.764057895581868,1.0,0.8186679234855817,-2.894867415511613,1.0,0.11215289549751262,0.7740056440198948,0.0234923861096743,2.3124294183517513,0.7795612286472606,8.297215824528141,2.275845978217351,0.6089541376763625,0.4987064197808918]],[-105295389.17035715,-105295389.1597845,[1.787658999299789,0.5975201000246533,1.8025166532677572,-3.163188906299342,0.6183459018146175,0.1747038964579723,0.7231851084221014,0.7239797616525033,-1.6224677075271015,0.7547812342738802,5.386030651400144,4.267410466729816,0.49557166805031616,0.4943918261000577]],[-106403841.48036677,-106403841.14618725,[4.198909324861485,0.0,2.0928992299431832,3.17687473476375,0.0,0.5495549609554574,1.0,0.5306045300060499,1.1549085980710212,0.5426649984959482,4.361917047623868,7.579420599875428,0.6719261399857794,0.3952753668595318]],[-106570848.13186073,-106570847.6160118,[4.971095840295055,0.0,1.563549083544032,1.7474339992292416,0.6554761223462766,0.6514551629614801,0.5943185271303715,0.3881884621556078,1.0647453582327007,0.5699132016448124,2.6062372020936877,5.557291262343453,0.6557545609455282,0.35465978813910126]],[-107360784.2466004,-107360773.72714943,[7.7267228484725425,0.0,0.0,-1.529540199167275,0.33750818595278814,0.3942574217438069,0.8590996802655215,0.5976254278752507,-1.9794592938869688,0.6763497035683437,4.565504615615808,1.313091545872382,0.4024956659684406,0.34406265285425275]],[-108078350.76286593,-108078350.53635842,[3.4487723939139947,0.0,2.1759819815248553,0.2611766614177322,0.42751081947843694,0.296221060137991,0.4784333256621287,0.4499370871309865,0.8286267117258874,0.808020150904073,5.043213974307186,2.271722469153662,0.6638285150660704,0.2954276590167676]],[-110641912.03254814,-110641911.75589907,[6.161792185454085,0.5102527074933871,0.0,1.50947221991082,0.2596190309981797,0.7535301776877148,0.34828445604619307,0.4320980391205953,-1.0386296724047264,0.18112619309676253,1.3836816544783672,3.5702939252178307,0.49672769536725264,0.508311092423572]],[-111043735.33748576,-111043731.39820307,[8.615423801751245,1.0,1.1312622017190994,-0.047147121931636365,0.1748774903609044,0.383048596470802,0.7480355400262271,0.5386383312222671,-0.04226683654764349,0.5739500618366098,3.9250017700501654,4.775807895188551,0.5564281968146645,0.4337008420191127]],[-114441175.37073031,-114441174.48182839,[8.426776745493992,1.0,1.4181017454523426,-1.030429765824519,0.7081363331696051,0.25356025870192134,0.4359515938913091,0.3527214027036698,-1.6751759659696486,0.6197320067668676,4.428304522608996,2.678650687860827,0.5461074638534783,0.5552283442677843]],[-115121565.06196448,-115121564.869649,[3.4302855381408928,0.5759804159575341,3.141592653589793,1.2825024238576948,0.4393131402393907,0.3558745376308162,0.676302231360097,0.7431934730860288,0.5572870711271732,0.608592070731775,6.37184383950748,4.958636972253275,0.5625082157334587,0.4307089188810688]],[-115192648.92730191,-115192648.34733438,[4.200250692448182,0.5619826525562167,0.0,-1.1071793638710263,0.2677521709503641,0.44915514344527835,0.8344446974973023,0.2762822371552185,-0.0544669889887683,0.2065502801806116,2.3406749904228157,4.111229506122104,0.5553838146789054,0.4501702187890118]],[-115567502.21703759,-115567501.68095845,[11.133501658717654,0.0,2.585139718434167,1.0436121637780122,0.8362083874427504,0.8354294418885608,0.5903081138135216,0.6633077827146527,-1.712930076875523,0.17119885356372883,4.906758910636846,6.795275006935565,0.5186983080582719,0.49011705169822484]],[-117698070.86486411,-117698070.77134085,[8.40765221300978,0.0,3.141592653589793,-0.7289206179603763,0.9008410152692383,0.45133292700696265,0.5247738107913033,0.7442704722779517,1.5197414367596078,0.5820278525362321,8.049065059030191,3.747188717216567,0.4844126242945806,0.3567146498638849]],[-117941755.06914306,-117941739.65932477,[3.24544573286411,0.0,0.34874564761299687,1.7989158237589662,0.7141217382571982,0.5400275871975329,0.0,0.4441977820512503,0.027919390636072978,0.5596352143709661,3.7042750858658904,3.2019186648694835,0.4736640304364626,0.38286583681977365]],[-118422971.6858472,-118422969.77959335,[7.9776194302261985,1.0,1.849608500456785,-0.16876721858782773,1.0,0.43554403883328446,0.6735660012294415,0.4147927213738971,2.178484677496764,0.24143450540711497,0.0,3.9250676302342304,0.47722273703383417,0.43289655413217837]],[-119455977.4747863,-119455977.40007323,[7.895762872222528,0.0,2.1685448518857657,1.583771228694891,0.744511969361249,0.9972766583151955,0.40200942912610466,0.5392272317206356,2.5341706262251895,0.38400943357888,2.456152268580542,3.611680641738419,0.5397546001019863,0.5174382492762728]],[-119879684.21329707,-119879683.04191029,[6.970329585203707,1.0,2.321620257331688,-1.1529035510116872,0.12595678055648635,0.4397291469705769,0.5472557686272023,0.7684203537449104,-1.6853427906191927,0.45791021721512737,1.2418966115449246,4.6562322713150985,0.444417787778337,0.36472326454457205]],[-124074660.67415203,-124074660.63451177,[6.648764414387692,0.0061816866465016496,2.9202342050264436,-0.3649211949116944,1.0,0.4852279399528632,0.6092439440664901,0.892282792448555,0.018840663015149767,0.42915726042000407,4.270877031083843,5.55341353937864,0.4725461166099951,0.33998691551920335]],[-124365732.41043338,-124365732.38797283,[2.44674177542932,0.6646116288123709,1.181519441895712,2.6840570791370446,0.5108188023719419,0.6903392066996387,0.20305386514833934,0.750949861842652,0.4292195662851739,0.5670140744013532,3.5844086335884793,5.196609479237929,0.6336006927865987,0.3027339280574597]],[-127942716.69553359,-127942711.73680997,[6.397565356633724,0.0,2.8700307977755566,-0.3385040138967857,0.6383308075834601,0.3787456256923676,0.2876235398812549,0.33436862361257336,1.3449814319194262,0.4381407004075878,2.0289813516840107,3.1351308333132577,0.5676422345321674,0.5919775251417125]],[-128637762.5822841,-128637762.43494374,[1.7949475701996684,1.0,2.378334780997091,1.7309993452701289,1.0,0.16728867361696054,0.6099264309454174,0.9370245070483509,-0.08115647093847655,0.9,3.267529937425666,0.8320490131718277,0.5799995022687836,0.4501484187956822]],[-129101662.44607247,-129101660.14709735,[3.413748331814153,0.0,0.38699547048292016,1.7637306253669642,0.20340343126245297,0.7672956715760297,0.6744373734969233,0.5729396489739903,-1.1988938768474218,0.3487622064399354,3.17587175480049,7.8222046691587215,0.5880035316239651,0.5227046391807837]],[-130136040.31590265,-130135984.22491229,[6.894386098412651,1.0,3.135201383821519,1.0076070862269295,0.32774615831753784,0.6458349070382292,0.2475303014600318,0.6862344697090006,-2.9287227977447516,0.26937474631444747,4.449804984689151,7.377790503002072,0.5106890993390155,0.5011799921974008]],[-131643440.21189192,-131643439.283674,[4.911412683982444,0.38640192028684495,3.141592653589793,0.33419797474999846,0.8061941101180923,0.3728484573790113,0.5833501874926554,1.0,-0.34268908979495943,0.9,2.893395641577759,2.175387343343048,0.6181557067429116,0.3952878273254957]],[-133051175.61640184,-133051158.42635775,[3.9698795239968967,0.4035028768432268,2.9996257256941927,2.4640632352462646,0.3652826692155087,0.4222481097524959,0.2966041230660535,0.4218765758394354,3.802054587739015,0.47518375039039673,3.7214699696438585,6.218868021484107,0.6995871031182255,0.6249258733473105]],[-135046964.42692566,-135046963.95935386,[6.08575865607851,0.2077679932145335,0.0,1.1914795098251034,0.39979314870038163,0.5561728508802108,0.5522645893588692,0.22938696933378994,0.308455442779879,0.9,3.672568187257816,4.3086690156772125,0.33020609236180865,0.5201436978589962]],[-135569482.9127742,-135569457.5999248,[2.5494078209357838,1.0,0.0,-1.8132264565719969,0.5091894053144878,0.3121173836981666,0.0,0.18616725887871644,1.4893876206428942,0.554058621931607,4.642116224436878,4.724223946811896,0.618900278793927,0.5706361580883919]],[-139141721.92033088,-139141702.6193006,[8.9611461271482,0.0,0.6515241907909153,1.1576396203099817,0.4066204029771161,0.9600395179979944,0.4313677455714758,0.36600736841618253,-2.112597813132747,0.46927966579102454,2.6168810062931773,4.709374118035596,0.4934537011204744,0.532345664983011]],[-139854904.46024632,-139854903.8104794,[4.939050525494538,0.0,0.0,1.376667764732621,1.0,0.6570335953948955,0.4850837135456292,0.7152718785106418,0.4804544015481169,0.46016780041474903,4.487981287473038,2.6735225903608244,0.5332119209255546,0.6255220139314817]],[-140369563.27448457,-140369561.18837154,[2.3435957614875864,0.0724228551107926,2.033697391024112,1.6220133291607357,0.5264998172859586,0.4979635341928632,0.5223468768401293,0.19783693424938098,-0.6170750138175372,0.5762947033240409,5.579548515841712,3.545572935158991,0.5855794397054217,0.47454071719619684]],[-140601342.59973666,-140601341.98302996,[7.2315671299612045,1.0,0.03048989227941279,-0.6257248860877254,0.0,0.5449832187971206,0.6768853624838147,0.5904887608712698,-0.15026256826041473,0.2991229470193352,2.0391647830994035,3.0490888667573754,0.5348075673462939,0.3595944103562405]],[-142033402.00648388,-142033399.98768878,[6.029658088568377,1.0,2.52382622338113,0.4328218271453286,0.8235876976156867,0.4925965362011177,0.07546736346646271,0.5290440393251138,-1.975118250953135,0.24986431454698943,3.335434230089036,2.9532885092098056,0.6350390032829905,0.5373897857817197]],[-143739374.8304095,-143739374.8303331,[2.6918468641282782,0.9144736837906394,2.253893793779277,-0.5365290499636177,0.4723999307297276,0.5383824246528245,0.6447514352448727,0.5693487886176595,0.08030868456025946,0.43387582592078416,2.817863019371807,5.971859938694545,0.49968054464069195,0.4647885857934691]],[-145004270.9426646,-145004268.9418218,[5.739336338579583,0.0616118287010996,0.0,0.37485314004152637,0.6368997877769098,0.4827244897323954,0.6355317134457565,0.6207274975449858,-1.3450982350831509,0.44032864486783885,2.1727388326481143,7.717599638411038,0.5643222511423137,0.5484680841854644]],[-146558211.18710062,-146558211.09206218,[4.791179602106062,0.0,1.9844870609174121,0.9712293003422239,0.46232559561671066,0.561220851115468,0.5538353428353315,0.3337397713099612,0.6845609759055944,0.5419329893733105,3.2075333152330603,7.066755881106776,0.47367037499885145,0.4787597294104712]],[-148143194.80706325,-148143194.70788765,[5.540401142253437,0.0,1.3747932666840723,1.2421309614383822,0.4477585226735633,0.5532916695802665,0.32994694039614353,0.7172019541348376,1.3209395833639164,0.36951908287735513,7.2245949518957095,3.666925745504969,0.5635952794840395,0.6357746623435849]],[-149250056.94847205,-149250045.1472456,[4.679498517420544,1.0,3.141592653589793,1.8965911493542893,0.6687955817375258,0.854692999957986,0.6714222765958031,0.4405240589009995,3.1350036630648974,0.6600682402575295,5.429021815607266,1.7680121294166544,0.6208254190587545,0.5315191054828766]],[-149288818.69950125,-149288818.04416823,[2.0774006324271515,0.0,2.036307070891514,-0.899290787473269,0.2607318888503266,0.7110814200632942,0.5589743984197819,0.3871087746040452,-0.604763421046221,0.12934355256565266,6.939319042026845,3.911943578304536,0.4867143277383209,0.1814910715190891]],[-150250359.11444327,-150250359.06364506,[2.7098833863382104,0.3338929397686168,1.8772362938923643,1.5152600725486425,0.8633705377602623,0.6393523465673518,0.24835465551177716,0.35532539193415746,-0.8703648302710032,0.6686322951101429,1.600619746820989,3.6199125197550144,0.42257823059950295,0.48516610638866126]],[-154904451.3674008,-154904451.2400481,[7.726539426321111,0.0,0.0,2.2095912571848144,0.706571329092492,1.0,0.3031346935574433,0.37433361203933047,-1.5014444574642574,0.450133104857656,4.900369102434752,8.082234595019917,0.43579509642653397,0.6918255381656288]],[-155067978.27823603,-155067977.92010295,[3.412563799701789,0.7838100763576121,3.141592653589793,-1.7334388554800428,0.6184850816932923,0.4344453328809345,0.23042736576925493,0.6705592049507287,-0.0075339653184907885,0.8617161707673189,2.554451411675281,4.915595569556882,0.6343725399304816,0.4984881510027346]],[-155256143.7847517,-155256142.14943802,[3.9772433967112995,1.0,0.0,-0.8033070521673797,0.7362357118035298,0.5620204735891218,0.17837980599737585,0.7997201167776027,1.475589193193245,0.6356115057394127,3.72488778640357,2.8031161489547456,0.5227717367100574,0.39419399674924743]],[-155641703.3671527,-155641703.30246162,[5.810427022785854,0.17729525239372296,2.631988868661104,-0.45748651250336647,0.2026539907209729,0.30857275141239043,0.40170567936786084,0.7864734943227965,-1.052943151443221,0.3466656114271849,4.605104790297027,4.747708301594906,0.321230092516712,0.7766248854816529]],[-156519151.01951778,-156519150.42372966,[6.347373596648169,1.0,0.0,-3.2722253360915703,0.6462849312164041,0.4983554485621285,0.9652636381827737,0.5105720761322915,0.9756521400217621,0.7115398919511073,0.22782663874377906,4.6875802513524025,0.4766664721479606,0.42254247005277756]],[-157738480.50620928,-157738480.4451921,[2.6443115166847404,0.0,2.3913523524200624,0.6813248832324406,0.6290621508390029,0.39420864537381,0.2787454757679592,0.7564010447666214,0.3250608859422985,0.6536350810993347,4.25604168332069,6.72245078072229,0.48290929743541056,0.6359056201720389]],[-159995214.53780788,-159995214.45880646,[6.282963700229724,1.0,1.7734594650923006,0.9308365203917844,0.3881622628135566,0.5719758370469216,0.6727884989453226,0.2525891964666701,-0.908943522668091,0.1,2.73298101999573,5.36126852279701,0.2938088214627702,0.4705732430974431]],[-166899603.69369674,-166899603.5761158,[1.99325021570652,0.14954318100649733,3.141592653589793,2.057366969323996,0.04503915974552286,0.590570846945417,0.47406111899386116,0.7419186528423891,0.4840612698679988,0.6822861318190481,2.6805506066746476,3.9241712886942217,0.3532945198403208,0.5064206156217959]],[-167859408.29908118,-167859383.33088148,[6.289756616099128,0.1761582648869307,2.098686567848405,-1.880285114307363,0.5096048767226655,0.5317445791743189,0.5446765083950673,0.2013130543124177,-1.6568780076678746,0.47418333577777444,1.6421915888668663,4.8975393112415455,0.6098232443368816,0.6117730017329188]],[-168532156.30797094,-168532156.1384697,[3.3845260238077044,1.0,1.4134748277429012,-0.4060405000228891,0.2874514106768009,0.574757004954974,0.5217289019101436,0.31447828455614046,-0.35258260125948226,0.5666623488970239,5.663269645618894,3.7584505933273946,0.5175348982833761,0.4909980080217146]],[-174825393.60107103,-174825361.1571399,[3.521701415102559,0.0,1.4840662339147384,-2.263151074379717,0.5236200492699853,0.44416286191778875,0.6038783724029299,1.0,-0.7036147240404418,0.5161289410646897,6.022539164581815,5.81637321416474,0.4806823297919974,0.7152688091502971]],[-178020173.45841342,-178020157.65227485,[6.558797677680595,0.0,2.3685985242226257,-1.5148803498289491,0.8591275730432035,0.5902986501845797,0.6136945568460582,0.948398551937257,4.0,0.28560323349580474,3.7694249518617626,3.54396587674783,0.48775605932604993,0.6237076032000338]],[-181171280.36604807,-181171245.0573722,[4.35718579393508,0.7374323608745471,3.141592653589793,-0.6408731235758369,0.2170931566069108,0.5868318113487891,0.1118761476892488,0.4054548149442575,-2.727610658370729,0.4259989632279967,4.920042880796167,8.308035701438094,0.4563463762315213,0.5566117030194664]],[-185833288.48384193,-185833259.7394029,[2.2584923845240574,1.0,0.710281947239357,-0.3271371583513118,0.6086758038749492,0.5668912202933506,0.5780529918867332,0.16915042933631536,-0.8013313762279488,0.309872868957635,0.47199212719376016,5.346160697420588,0.3661260604916089,0.6403504304946985]],[-196042923.22571456,-196042911.1168759,[8.665856701240582,0.8505463376736184,1.5145444287751808,0.9531747764360798,0.06495083122241951,1.0,0.3132124800859277,0.19332661160835624,-2.486152378733996,0.6855749603162533,4.644681954343044,3.0886244435620833,0.5392428866625061,0.6074816349296157]],[-200137158.8600927,-200137158.76408386,[4.248309981643269,0.0,0.3954146480234193,-2.3325375395284667,0.7514533450017519,0.6522175769727364,0.7035798183753292,0.2958601104462438,0.20591368630012197,0.6448910494691865,4.8846486817412025,3.0709088439900496,0.4182011067857767,0.5314916336483162]],[-200894671.51262143,-200894670.41545045,[1.0749335083635247,0.832171274988764,1.6817430230173813,-0.9109115205013462,0.8989684134439739,0.5738514918429923,0.9712284817279166,0.48532729744436043,-0.27077075365014214,0.4147731254408499,4.811824017644661,2.6077648842706753,0.5132241830071772,0.6102178835212806]],[-202299362.05943608,-202299361.14572704,[7.545408311776467,1.0,3.141592653589793,-0.8649078071927097,0.37971093914603604,0.6039538656730484,0.34785879710879786,0.6045106558278498,2.254128962036113,0.5006855932151928,2.643606501240349,3.04973693812751,0.2619168769188831,0.6390171427645853]],[-202577752.3775377,-202577752.2846433,[5.490333116730978,0.0,1.3326869140796032,0.1132685891979411,0.6802454556061619,0.7235967435685577,0.5003608603247379,0.6288449609410347,1.7718344451196737,0.17441753831552786,3.0925454030519166,3.594652779623527,0.4421586189418129,0.5019589227427468]],[-204098327.7720347,-204098326.09551764,[7.944554213834305,0.36910393004261277,3.141592653589793,0.7365730230235606,0.1956718641897799,0.8560479403007093,0.8290993785894805,0.8260587153554804,-2.281312376538806,0.5221018647012621,2.6516080281341674,2.539136766015255,0.5282691266584808,0.525748179770657]],[-206178295.46205235,-206178295.27035344,[3.483780954554156,1.0,2.237646211125577,0.42348397941511084,0.0,0.6625937500448396,0.6105951173104883,0.3874985802280497,-0.0021441990326594813,0.1,0.8611817618207067,5.0271939389508,0.433551771277936,0.6684446959255721]],[-213707537.68806046,-213707528.57321298,[7.004473454026893,1.0,1.8311276866713422,-0.8457684967826473,0.9741265112746016,0.6871736669700437,0.12076248188370009,0.2958035722823692,0.7482460843748688,0.6629739250890493,2.8817849452351254,5.596498823660134,0.5203053588698096,0.5620290826419359]],[-217141357.22353378,-217141316.60520208,[3.5299340220454587,1.0,3.141592653589793,0.3736568256724323,0.17516424822492827,0.8011474914041667,1.0,0.34298710562324364,1.0096779541570298,0.45823125931340264,6.30395928585626,3.0581266854447753,0.6147091343501667,0.30637580335620773]],[-218181234.53004473,-218181234.5293138,[0.5258315620729279,1.0,0.2886010627764324,1.5391139088156858,0.718597849990035,0.42754924500036734,0.5822855910465763,0.21765538636899512,0.6552198663297165,0.3885703897944605,3.6309965874797805,1.8469379345612893,0.4240562736744606,0.4010210010779043]],[-224677027.49111348,-224677016.31549013,[5.35645059276324,1.0,2.97158063497251,-0.7680506384177933,0.6208521181290514,0.6575235431337452,0.9926512511664771,0.0,2.511297689581513,0.8547269005701412,3.092422811229275,5.546304201141121,0.5659677573683423,0.4685576366365993]],[-231021538.96250677,-231021538.96250677,[3.122763150242792,0.2589792671837905,0.06417888774606118,-0.26732018916700384,0.39118991292925914,0.7215064627107276,0.6322853595658107,0.5618461438546158,1.7181315114340274,0.715276159469955,5.623338859093772,7.345319101181369,0.5978700473800215,0.5226560336073329]],[-235677669.27055645,-235677667.18150145,[0.40558789291371244,1.0,1.5383682097466107,-1.0459485666518056,0.04867372343284704,0.43534644622716173,1.0,1.0,-1.7753354429160955,0.7473061745070979,2.95391004588451,1.2641801643380224,0.5138534924538551,0.49985132223685913]],[-238242749.50830126,-238242748.57537365,[6.366281585457539,0.0,1.194314452090064,0.7388377850581829,0.679861548542513,0.7123588003723301,0.5572536477799431,0.6645087646762005,1.7199401428059011,0.8546811697737642,1.4920129622520966,1.2821896125200474,0.43238422767268786,0.48482718391875723]],[-240481445.34687915,-240481441.15326083,[4.887999067271771,1.0,1.2595880202771108,-1.0558991236084587,0.7352582711682051,0.8116402010597958,0.8125932027139883,0.5056858797326854,0.09411414723123084,0.5447461547908475,3.050613564412371,6.597160459265066,0.4894265601950421,0.45688601724713396]],[-244359549.54765385,-244359545.29586494,[2.0433789754800262,1.0,1.3756200733229769,-0.8166178153269533,0.5433770986431189,0.7935871726823156,0.25361289332688286,0.33616827027733204,0.057117898692358865,0.6802146536826885,7.256536913450585,5.479075086658392,0.3867146660035398,0.4347604809281394]],[-246561366.9663886,-246561366.22384953,[2.8911134062560278,0.5889533632161894,3.141592653589793,-0.3219008308977036,0.4210398202217956,0.8276592814820556,0.34002422627532747,0.5180173630543695,1.2548049716626106,0.3105074054199287,7.897360418267867,0.7551157858674094,0.591049482647584,0.46609662129037854]],[-248993159.50805664,-248993158.85856998,[3.944869947482375,0.0,2.2385339202337002,0.1012078382784711,0.3693905420998246,0.755114106138873,0.6968131106933615,0.4403196505701646,1.950831434733658,0.5779169686973118,5.305217488998504,6.30451669750527,0.3214719361240215,0.5795283215463682]],[-249650793.40968975,-249650788.2918216,[5.616626566714318,0.0,1.564401516721331,-0.9076228084464738,0.0,0.8167129681833745,0.28910589004141707,0.5302947006992974,0.4865371299661276,0.23670365849749792,2.750447359612795,4.922909981424461,0.6380068381255795,0.5538674060799603]],[-261780236.31041628,-261780227.84376502,[2.953928795853037,0.0,0.0,-1.3271031031099743,0.009540812530957232,0.6968182266393181,0.6604251328719745,0.07210416751566928,-0.6401664303324486,0.37400837670857423,0.7397985582888129,2.7109465829638726,0.4900855633141605,0.5442435636599402]],[-266735989.45142725,-266735989.3100475,[7.202537993375049,0.8413134223798241,1.0321736381040676,-1.5682508059106004,0.0,0.8633504336773459,0.6077595202510025,0.40262801541284887,0.6257645883828098,0.32312581562472376,3.8598544200967835,1.4279921933696782,0.524760708103359,0.519255256864671]],[-268212728.91144285,-268212728.89794326,[5.592420265445426,0.0,1.79523185159064,-0.4408533972168414,0.6531829428511781,0.8578924689439766,0.3578491803188867,0.4126474722852111,-1.6583848078422954,0.5587218449808323,3.8881860759650193,4.1399602100681,0.51997817958533,0.4670810231603191]],[-274489777.56635946,-274489776.4260771,[5.677159109305412,0.6178975992276027,0.0,-2.4226700600670448,0.5791596552058033,0.7890585200866561,0.5111638518689514,0.5561664659860975,0.22562200925222345,0.9,4.476030847651719,3.6355944741944555,0.43623541695277157,0.6488565519180614]],[-275476053.6007728,-275476052.83549595,[0.9504118373020018,1.0,0.0,0.31389723948950676,0.5719669152077069,0.7433403898120899,0.8881938016714795,0.4426124681450099,-0.976971656674564,0.5970914575081807,2.2057086692682875,5.129039728425492,0.494485630184198,0.6581634984752215]],[-277132362.3465861,-277132362.3465861,[6.906006046376168,0.1830679227983361,0.6432385802454329,-2.03993113832763,0.9344309336371512,0.6591882803017487,0.48451272671913737,0.4007723905106186,0.4983948824352709,0.22838776179110282,8.680326687834448,3.8545169916083437,0.5932311177255478,0.5801995981583417]],[-324855093.8081514,-324855092.48640287,[5.894561629469661,0.6534624270239073,0.0,-2.522877239713967,0.0,0.7114018730598979,0.7338638136440698,0.5125537493822392,0.9528119852963007,0.42238059490923074,2.7327192186387332,2.4357953789712603,0.48426315042370693,0.3926656777152142]],[-329269348.0160842,-329269347.2549571,[6.104359831109858,1.0,1.4716634157449735,0.4124568953373696,0.7301246840433687,0.9145638006977966,0.8230946698587265,0.3866252623893541,-1.17213960161157,0.6277077931849345,5.596138844409831,5.340227554188828,0.5424002630166307,0.590226315368334]]],[5.33797335056503,0.6799092189845588,1.4820272573883584,-0.055784344665375706,0.4502574264930914,0.3027779409565005,0.5613039022659332,0.39501930019146686,-0.044091827156152896,0.4015206255661417,4.814702278305361,4.333583922532067,0.5327880835011611,0.41571284233339756],[24.86737059914069,3.594785034666616,9.29768687234165,9.210574614065521,0.2548429361805064,0.25525521495577996,0.25850018251018564,0.24323997321071514,8.581768358662865,0.23890535472721736,17.30951249827045,15.779601217417477,0.03862129298279295,0.042931666581533856],[[24.86737059914069,-0.19116166639843984,0.073502738592136,0.3474701710083073,0.016281642320283504,0.01856653235983788,-0.060112510157133106,0.013030953698019192,-0.03199636352467656,-0.0025112006667214327,-0.7965055736470367,0.47445777787974647,0.0003883190024824937,0.0032713583263702184],[-0.19116166639843984,3.594785034666616,-0.04214923171828723,-0.025675696316733162,0.0006777774209918789,-0.029686578285846466,0.012249688943965109,-0.019527444293596916,0.02592451666431204,-0.01738532444237919,0.10336961962626519,0.015502652880137703,0.002991357323509353,-0.004082436733780062],[0.073502738592136,-0.04214923171828723,9.29768687234165,0.08645168415581894,0.005783279720823063,0.029931394315041337,-0.07859019320016025,0.06678960228107333,0.13269781003761993,-0.0007294600485244021,0.05878917215647381,-0.295993618994767,-0.00916668775518155,0.006172157307267099],[0.3474701710083073,-0.025675696316733162,0.08645168415581894,9.210574614065521,0.03428127903785009,0.08324509172191026,-0.001465860804792239,0.006752545139583241,0.12608169923954676,-0.04651863994778787,-0.3190000850698465,0.2725957126023075,-0.007537275956726275,-0.011807649220814587],[0.016281642320283504,0.0006777774209918789,0.005783279720823063,0.03428127903785009,0.2548429361805064,0.008096271372243117,0.009513576556746292,0.0007053037142284266,0.03595245960650801,-0.0015520766304343717,0.07994657503672874,0.043762912156815936,-0.0023018086445320274,-0.0011631841478119457],[0.01856653235983788,-0.029686578285846466,0.029931394315041337,0.08324509172191026,0.008096271372243117,0.25525521495577996,-0.004850724729338037,0.014976800747070682,0.0465325934243402,0.003031501005980347,-0.10145448186487054,0.037491814063957546,-0.006550211004996888,0.003264026723764736],[-0.060112510157133106,0.012249688943965109,-0.07859019320016025,-0.001465860804792239,0.009513576556746292,-0.004850724729338037,0.25850018251018564,-0.014515997785135534,-0.029286553912833805,-0.0007913374943755586,0.12405998355096781,0.07883518245525471,0.0017471285249970616,-0.006859455354558452],[0.013030953698019192,-0.019527444293596916,0.06678960228107333,0.006752545139583241,0.0007053037142284266,0.014976800747070682,-0.014515997785135534,0.24323997321071514,0.016096883202649927,0.007979948368396633,0.002763367659712596,-0.011016188576062836,-0.002734068413175117,0.0046937942593494415],[-0.03199636352467656,0.02592451666431204,0.13269781003761993,0.12608169923954676,0.03595245960650801,0.0465325934243402,-0.029286553912833805,0.016096883202649927,8.581768358662865,-0.036443515506936024,0.11560160163608588,0.2663130354887874,-0.008177239783731482,-0.00950535703922745],[-0.0025112006667214327,-0.01738532444237919,-0.0007294600485244021,-0.04651863994778787,-0.0015520766304343717,0.003031501005980347,-0.0007913374943755586,0.007979948368396633,-0.036443515506936024,0.23890535472721736,-0.0016819963184295107,-0.018676154052272916,0.0005079465055111644,0.0035941399745579566],[-0.7965055736470367,0.10336961962626519,0.05878917215647381,-0.3190000850698465,0.07994657503672874,-0.10145448186487054,0.12405998355096781,0.002763367659712596,0.11560160163608588,-0.0016819963184295107,17.30951249827045,0.002035666107785179,0.016798515130290338,-0.047545112220499716],[0.47445777787974647,0.015502652880137703,-0.295993618994767,0.2725957126023075,0.043762912156815936,0.037491814063957546,0.07883518245525471,-0.011016188576062836,0.2663130354887874,-0.018676154052272916,0.002035666107785179,15.779601217417477,-0.002482505051697552,-0.059407643565208015],[0.0003883190024824937,0.002991357323509353,-0.00916668775518155,-0.007537275956726275,-0.0023018086445320274,-0.006550211004996888,0.0017471285249970616,-0.002734068413175117,-0.008177239783731482,0.0005079465055111644,0.016798515130290338,-0.002482505051697552,0.03862129298279295,0.0002816442698612891],[0.0032713583263702184,-0.004082436733780062,0.006172157307267099,-0.011807649220814587,-0.0011631841478119457,0.003264026723764736,-0.006859455354558452,0.0046937942593494415,-0.00950535703922745,0.0035941399745579566,-0.047545112220499716,-0.059407643565208015,0.0002816442698612891,0.042931666581533856]],0.5876798672335053,[[0.0],[0.0],[0.0],[0.0],[0.0],[0.0],[0.0],[0.0],[0.0],[0.0],[0.0],[0.0],[0.0],[0.0]],[[0.5119961591386425],[0.6813616292507311],[-0.21402575833906007],[-0.14084626377094106],[-0.753550732287942],[-2.9877189002881765],[0.9286934146699594],[-1.5903536475818572],[-0.11132458676408513],[-1.4918650059306964],[1.5427415972165006],[0.6316832629010698],[1.2417674936534322],[-3.1921674384878846]],1,100,-70406293.86534408,-70406290.15499687,[3.8388369103704028,1.0,1.425286770998602,1.8148060513292514,0.8581009491863437,0.47199956424611644,0.8083833422355021,0.2661424446321383,0.7265240893702998,0.21045053549366644,5.565045121861937,6.3862180088887435,0.47281034949997736,0.2511395032786391]]
