["generation","mean","variance","covariance","_sigma","_p_c","_p_sigma","iteration","num_evaluations","best_score","best_evaluation","best_solution"]
[[[-64379601.2260942,-64379601.224395394,[7.894945522810292,0.49725272802339554,2.067180315020258,0.5372045018988195,0.5318069413344791,0.1821731268820853,0.49040917063228395,0.27780353763021354,-1.2715018167841092,0.3277800805151627,1.9957931577241936,2.1280418860782224,0.38245327638071813,0.3634278784772872]],[-65860455.50065076,-65860454.71967912,[6.540504884404713,0.2922597007921994,3.141592653589793,-0.05235858208169984,0.9656390768713463,0.16825994084386864,0.2558364580772026,0.4130124854284477,0.6564040110408325,0.3843624977026503,6.836199640920219,4.035679676204801,0.4116648208219126,0.3681337296080046]],[-81436053.19325896,-81436050.36185217,[10.002876755234775,0.0,2.9113417678981364,1.284311610015414,0.13141150391266193,0.046971806609027,1.0,0.2905518323428702,-0.3391783169118741,0.7439493465920126,2.759812388868695,4.164025162007977,0.5136166770786641,0.41129886590532927]],[-82316976.22177891,-82316967.07292819,[4.222253434007001,0.0,0.7281261230778571,-1.1181541172533689,0.367176269128154,0.24083860472481788,0.25848555326115435,0.0,2.3616738715797805,0.49159100437739844,2.750810607160725,0.0,0.48201224159880185,0.38318482821735117]],[-82476275.42638712,-82476275.2739793,[3.1854193047840873,0.0,2.9364197568763117,0.25109190253016256,0.7778492039455708,0.08495471144584038,0.11157785037189327,0.385007446244515,-0.38023387969442624,0.5314130369733424,5.272455440931105,5.087944533033792,0.5912510099851406,0.4453621753473425]],[-84975841.07801308,-84975790.4326629,[6.6648102721811116,0.0,3.141592653589793,0.4361534510687648,0.7586648888433243,0.3380704622975212,0.4046687330422385,0.05869463935697544,-0.21478912167411465,0.19211971631665098,4.400516669882402,5.253397415114518,0.5355519125931899,0.3966096356655258]],[-86264378.96319136,-86264367.81338024,[7.544334426611448,0.0,1.8976090191411163,-1.2619760894313086,0.7773408074290649,0.2795843335152761,0.6033048430164913,0.9500903702459536,-2.7444219581129246,0.23726960083882032,2.4978743105894035,2.8264245310832887,0.47697317837602415,0.455420090289229]],[-87167767.29353829,-87167767.2511673,[4.132980573521283,0.0,2.4017957240348884,0.9740567063608213,0.6249512818810264,0.31312411526618567,0.5484624130061861,0.7165758884142363,-1.038347421810223,0.1,5.906640478374958,1.3748701236263425,0.6951189735292937,0.45377754940391785]],[-88203415.92272432,-88203413.68076748,[6.124239757541624,1.0,3.141592653589793,0.40094433856845674,0.6468598428136147,0.2760017520616882,0.4953903924586083,0.5328573747019953,-2.3244825410124172,0.4750412840540039,4.530623515308367,4.126876893897063,0.4493745015054243,0.4188249288030307]],[-88819576.89662804,-88819576.82380313,[6.858952662019924,0.7937416002173421,2.944379221236578,3.002885802014585,0.8143976945690801,1.0,0.2820047255709614,0.75565852112352,0.0612956254008468,0.3707744115510918,1.9371755679223126,3.8192011130532557,0.5920487696231962,0.3469815067770565]],[-89054435.27551287,-89054435.27551287,[5.5324139814815885,0.25291388104251555,0.922575739316101,2.2350374761191634,0.11196408019871279,0.7539216242480902,0.5148753205970804,0.34539454816212467,0.25121391233814094,0.19724296089562005,2.942081533511244,2.9329653488394767,0.7391393043665124,0.3609804594105023]],[-90942116.7793894,-90942116.7793861,[6.383375445470208,0.09027300022414741,1.6009815923239603,1.7174652007619142,0.1991944708591677,0.6898451196826041,0.3375729956305449,0.6804400495863089,1.0964742416442856,0.150908150801504,6.607158399936431,2.139679902016736,0.46301447683671326,0.4000025578118367]],[-95147541.99322891,-95147541.97873497,[5.72042785219168,0.008077918456193267,3.141592653589793,0.43693487599723,0.2377499629697582,0.1759466025075288,0.5490529372915387,0.8235579572913283,-1.0950024583803584,0.43925263024224626,4.936524231690852,4.827412651002037,0.49264239320170833,0.5441436488602758]],[-96037143.32434122,-96037138.81394833,[2.2430603209105997,0.7550548819722547,3.141592653589793,0.3730001286023499,0.46743987856901636,0.0,0.707130500033676,0.3555725768132082,1.5710986332850894,0.1667108613393526,1.727822626217626,2.7250901473233933,0.3597017350626346,0.640530196377507]],[-100794524.37740201,-100794524.37740201,[4.132405590365707,0.08769574665500302,2.816326562691034,0.758509364390679,0.12489690168755663,0.09773173707475102,0.49712925116532825,0.7037045107891684,-1.1289963967581542,0.7224429981014064,1.9826908087662858,4.113626837468337,0.3493800358576639,0.5201572998583996]],[-101294344.57754083,-101294342.59353203,[0.5025387589532944,1.0,2.6540280145071784,-3.631264093519778,0.39071063448214394,0.0,0.6291095570868714,0.5201449160753806,1.4274548317085665,0.6393028503434367,2.723493648162915,2.3402169230764756,0.6166469901104583,0.5830537139323093]],[-101990207.68355045,-101990207.45993638,[6.669028354052591,0.3321442090209604,0.36566048694168485,1.2554101896735315,0.7320656777609452,0.40611890172240317,0.28275965596952424,0.7911313575072034,-0.35324878526347636,0.41925064616820606,2.191249233495946,3.1343085199268113,0.4538070015748129,0.4545636157385443]],[-103761955.69517629,-103761946.12186313,[3.287245568401584,1.0,0.0,2.232048510299834,0.48978675888618867,0.6280511522499816,0.29697376473330583,0.2529562269549809,0.9457044068595134,0.36226818904825103,2.6860059362977045,4.264224660608551,0.6778858375346652,0.3539812165766226]],[-104265967.40786335,-104265955.18949264,[3.928572300444337,0.0,3.141592653589793,1.6366899966879336,0.3774115187563954,0.7036344366026184,0.3241938340541827,0.7738797339022823,-4.0,0.48457830438222366,5.9576078426018775,2.877078743357502,0.3909671032383679,0.3916815683734074]],[-105822508.49052274,-105822503.88787258,[2.498155384675397,1.0,3.141592653589793,-0.9825443404192431,0.434954541324037,0.33644004668518784,0.5613762792114854,0.32125681641235176,-1.2430726058462198,0.5816105479198888,2.7938725238652284,3.371578254243288,0.7200998687704275,0.3864594432169686]],[-106686836.42492022,-106686836.38999873,[9.992258516684124,1.0,1.10091481273447,0.8163160616564069,0.5017140261171651,0.1074866621919181,0.774765461052698,0.5552120452330801,0.7711956238412667,0.6258793148207963,3.805177116527994,1.7273654676570898,0.4576078337052435,0.6031103412723935]],[-106764166.62327406,-106764165.90110493,[2.4467829099570633,1.0,1.351817086581793,0.41210661377183555,0.19738540712910113,0.10742932416975703,0.5504984482554318,0.6517198776612438,1.626649857228411,0.8128032083010015,5.439739637169509,1.9880080475222903,0.42519248979497715,0.5082059146125456]],[-106891453.4828087,-106891449.89621782,[6.484202893049635,0.47344163239434006,3.141592653589793,1.654794502486172,0.36845289980501905,0.7035855626885738,0.029523329499338224,0.43351409300610527,1.1612008826807145,0.6310407972152299,1.4485623008333564,0.0,0.3982629783562306,0.4256595857519634]],[-107469363.51969966,-107469363.51718825,[3.058934183598892,0.666558922877518,1.9469715009343138,-0.512622669473724,0.2151833275221549,0.036907976541876886,0.4777520140648496,0.6892776391982526,-1.3612674732078052,0.9,1.5558420252639134,3.2539223501782173,0.48594025736580215,0.5299792394219478]],[-107742678.3995096,-107742678.21869612,[4.000053235874423,0.6989650477636494,0.0,-1.013298166744745,0.788575135153508,0.19312243818180763,0.24346445557925372,0.7418057178294831,0.7842886880327102,0.6742599483086225,5.520795047589701,4.788945924187298,0.5106988018326785,0.5206053448302835]],[-109341312.39880538,-109341312.33668995,[5.18713183443038,1.0,0.6198785163898638,0.7661743878201768,0.3901011762624089,0.26287269655058015,0.6858929868730597,0.4556131044755395,-1.3272248431823626,0.3841331232487709,5.922817000601013,5.655870883979254,0.5471834208498091,0.6082276673701892]],[-109811282.80867302,-109811281.64257318,[4.475125060604348,0.0,3.141592653589793,1.7352971266516906,0.5166935253503958,0.22995824758471978,0.2330087219819722,0.6764562729830269,0.45097338309569623,0.8564167374445623,3.368565686578188,3.5960687466383563,0.4633773441959287,0.4566401403583116]],[-110234875.53843775,-110234875.47119433,[3.096390823860519,1.0,0.20228027699159967,3.4845921174369203,0.7079867911654748,0.3188198682032023,0.852231944348193,0.52491115086175,2.206445316083568,0.4681721927702611,2.3574442724533218,0.23312578315084576,0.30551260828083626,0.5038094050619931]],[-110621024.94461699,-110621020.05623299,[4.498702048427836,0.0,0.9905978495068192,-0.24589734097968458,0.675016257271891,0.21752125742329526,0.11776034281533565,0.25945882837651635,1.2331812236587967,0.5673527468203785,2.0163645491607545,6.044880714965873,0.5703203050863183,0.5591714175878075]],[-111620021.85247399,-111620021.56832492,[6.040018721838146,1.0,1.650374790791947,2.3209244155946895,0.35433853908913127,0.3249918861356945,0.6039189127950242,0.38873438188996046,-0.8632058855970499,0.9,6.703341683558595,2.8903459845112316,0.4926779743135808,0.4205961797832135]],[-114200062.29887696,-114200062.29688853,[2.5266004115840275,1.0,1.6538773128948054,1.3126141537292366,0.3669359639209829,0.20613944966330555,0.42682094622860245,0.6879406105681469,-1.104609975006524,0.620857918461108,6.443990547146761,3.0189642184224086,0.58294310704,0.504866503268342]],[-115077100.44328326,-115077064.26494145,[5.374674087638607,0.0,3.141592653589793,3.3328125941222275,0.9617891617191907,0.2179616463782577,0.41783476732409514,0.14143293630977016,0.4365838532842675,0.7893682557142953,5.925082169809375,6.582004749597428,0.5843438890928387,0.4737759871171619]],[-116605349.82312553,-116605349.16280842,[2.616242594487389,0.0,0.7085512144257081,1.3541688592554657,0.38724115426642697,0.3108741449675666,0.1128901526519524,0.5308014467515944,0.6618519961729281,0.6037553009072907,5.891849548477316,3.3482382689632786,0.5384551942289556,0.4293077058720536]],[-117048934.14920537,-117048934.14903814,[7.853750013088522,0.4797232025933152,0.08947101697773618,1.6107719666499833,0.49759512918469995,1.0,0.5754121035680309,0.328877032919909,0.15206014042363944,0.24313958114324713,4.496243379437309,4.3385393292400405,0.2690432909241339,0.5052338883339411]],[-117396938.82231757,-117396938.51783371,[9.097066744047567,0.6075623791503585,1.8959777046319979,-0.21237197443907668,0.3021020979250807,0.28630647769832085,0.896857802948805,0.45467795015041257,0.9610089549923628,0.3851409697798067,2.5472843485307113,3.738504827069346,0.6027704652348304,0.614028136566129]],[-118019298.0654971,-118019295.90649539,[1.7481019970045542,1.0,0.14148223630966594,2.09014092914342,0.24508357757529275,0.1345061943816681,0.47327910177555027,0.47555401558791405,2.4352035008494792,0.7746098680071949,4.111220966315515,4.978369759958619,0.4435762117158853,0.5250611302222655]],[-118596544.56861702,-118596507.56559324,[11.039763615619918,0.29299858589928757,3.141592653589793,1.895240604460232,0.41483110053632677,0.6076193487719268,0.6458929472640947,0.0021815913310347934,-0.7780087235843381,0.9,5.507364955628541,2.441282100140287,0.47311774700728815,0.43586912087704943]],[-119067343.04786749,-119067343.0473463,[3.6754957462209816,0.3513622707243851,0.06983921100201718,-0.2262861066883643,0.8771965534061169,0.3523858996667315,0.7512583578189993,0.7902339914881116,-0.39631237820564746,0.6187382503176846,0.17630886850920513,4.045486730544373,0.5421241041077138,0.5080901437670363]],[-120501046.87821727,-120501045.02058697,[3.503065525182015,1.0,0.6626182778221071,-0.5769268569285486,0.07028078997976023,0.14182014562322937,0.4788196119974126,0.3601313694085704,-0.45114899389558805,0.8730680953159874,4.754253669609546,3.8756662047695527,0.5561681398574213,0.5312186017168941]],[-120605027.69697393,-120605027.09407276,[8.806975951096003,0.0,2.2849900350371968,0.15932968880649356,0.4177910912584214,0.4722446845868624,0.14628551556567343,0.945750333684269,-0.5457898835034077,0.5652248520377672,5.108355399573466,3.5458613105397623,0.35122299968635756,0.3686033878066649]],[-120756363.64481603,-120756322.41301656,[4.690445512095494,1.0,0.0,-1.5672481750342158,0.7424328764693041,0.41465594012315593,0.4493525728727722,0.2878562591645033,-2.7462167731435967,0.21745479473133994,4.462267494032057,5.8748924228451695,0.635249994791446,0.5673346290810254]],[-120945129.42389922,-120945128.7078085,[3.961091460722978,1.0,2.385788436834564,-0.5422149906223577,0.02307459451274052,0.3813051636681061,0.9382720995479246,0.6074401319448037,-1.9921221449202073,0.6949854674815423,2.5702056459277065,8.37665394689785,0.5121903901974604,0.4571376394098845]],[-121912626.78458773,-121912625.16286862,[6.562655109691542,0.7924408802315288,1.6819254000318353,4.0,0.16361940330442953,0.9113019637278723,0.5054629817768588,0.15241108350153842,1.855051608696619,0.5033050104695397,1.0561102206716635,7.585797073888466,0.6194817590655268,0.5159101395372783]],[-126615147.77585813,-126615133.8830142,[8.833902605469902,1.0,0.0,-0.18171741049788043,0.401809438454525,0.3759533411643787,0.5710940898113016,0.07937628176673062,0.6794938968865121,0.6547504375688498,0.0,5.546026500119942,0.5981101036144025,0.46599794504455977]],[-127407257.51083368,-127407255.06721437,[5.1422825239760925,0.0,0.10842749517213268,-0.9656688494898399,0.21857907484657368,0.40026230152402265,1.0,0.6774928166730014,0.5963994229428413,0.5273488523199963,3.6512652027660017,2.121642954915024,0.4505987322850215,0.5571012481180306]],[-128959204.8049085,-128959204.79341567,[8.246146313242921,0.41163367538739204,0.1812224954748356,-0.7952399736687039,0.30354493239869407,0.3668888747117127,0.24549605563466997,0.5960190627025072,0.7568914070082301,0.9,6.128804177874089,4.391678487869194,0.4440728877108001,0.4623990341492475]],[-130152821.80863126,-130152821.80709422,[3.2784733063752127,0.7401826040221835,1.7643525679222143,0.4480610300848809,0.6944316917381185,0.367847277905881,0.38930451946890565,0.3399408133000673,-0.7313756789513045,0.2292567903059088,6.048018424959734,4.347694592335127,0.4782942278603538,0.6189444009411071]],[-132432733.72387661,-132432732.30451727,[2.998662421018815,0.6512594936772883,0.0,3.0203826473033004,0.42777513101865966,0.5640191960405856,0.8055472149035408,0.2915496023342118,-0.37835278335171385,0.512800285742199,1.7676069041983342,4.237917563505023,0.5346679327241927,0.5555053434160929]],[-133874526.43368031,-133874526.42745697,[4.5817734056921875,0.8198397223608476,1.3327075319090371,2.403605106732193,0.0,0.5786548084017356,0.5668964679572818,0.4343821335314633,-0.6362151279208477,0.6875863912854486,4.769200854592528,6.066128195198957,0.5130316237894749,0.5641311113961903]],[-134330832.08036545,-134330832.07198632,[7.0848028376209875,0.499058961000077,2.100857136108668,1.6898838113957533,0.9699177459104333,0.5498081769706382,0.1337266888934442,0.49291214725267307,-0.014176808725065597,0.9,3.553985348258898,7.0027607590129985,0.6594619133765589,0.42758775278749894]],[-137430983.42580876,-137430982.32598555,[1.6230543202181997,1.0,0.741500176618436,-0.8539322017061428,0.580860741411406,0.5299182305067167,0.7530184700762219,0.5972204253247884,-1.9389170693771565,0.23478023011440857,2.7116407731040706,5.14181501684607,0.48071489367417597,0.43494382746560706]],[-138436673.27491438,-138436661.30569994,[4.714421132721075,0.8759578167653586,2.071895079047973,0.31167289128388304,0.13332931977133838,0.4113201051850003,0.7532214811934375,1.0,-2.3613191760585477,0.1,5.858331530144753,3.090620185886458,0.4378279575515032,0.6126622282627909]],[-140624254.1011705,-140624254.09741634,[4.068636265994644,1.0,3.017943433805205,0.2927007842230916,0.24203038991725834,0.47037949869834506,0.5210637300512466,0.6081669190176594,-0.40319194802396097,0.5548220753779806,4.6202855886406216,3.799187440241234,0.3757118085535488,0.5135911431619646]],[-143383813.01878083,-143383811.51691544,[4.183307616486747,0.0,0.37335467743864514,-0.6386353052557467,0.6053995012456435,0.5426923082741796,0.30532700627615084,0.3534052175673297,-0.9049278357492355,0.4342094645331537,3.8510978869977532,4.407624182132064,0.5569889239340192,0.4498958067834735]],[-145287288.67243427,-145287288.2011832,[5.8046424494601245,0.0,0.0,-0.8800028577284298,0.3283091313835563,0.5883153991194955,0.590796536019447,0.5143423316308926,0.5960025961702129,0.3537549573242207,4.149016877828868,4.330647211591701,0.4117507116419395,0.37734494050689804]],[-148593757.24536434,-148593672.53266442,[2.8006259639404942,1.0,3.141592653589793,-1.7256051646651733,0.4951065078842007,0.48425501535858206,0.6267547784655272,0.07637181840906898,-1.219081987640463,0.4957135589111844,7.867475209808607,4.210868222296249,0.5010281279475066,0.5345191749929168]],[-153650294.35006487,-153650294.35006487,[3.6712573696442714,0.5151898891569846,0.4276674060126793,0.31884073811824876,0.5164784071849636,0.5551270835392044,0.5545263740509565,0.2799237510948033,-0.002510027794675954,0.5098392460955276,8.46849853654226,3.7034732872543747,0.4911660244528184,0.38784017529225134]],[-155191646.20133147,-155191643.98493123,[2.5380683294426607,1.0,2.565708026295255,-2.1562507923893,0.4313634609816409,0.4634623185142906,0.33099172391043274,0.6089455549045937,-0.9465856971300575,0.5454709108539302,4.192628177028945,6.731750032660491,0.5909440003483878,0.5909698859399475]],[-158124291.91954744,-158124291.91954744,[6.82180648390561,0.5256980849404375,3.114092369447887,0.07820443609679084,0.6370945853883874,0.547637178956438,0.4911982329528406,0.4751844109788367,-0.7959743988293593,0.8262611460752332,2.3437728132261406,3.056398179587838,0.4441367366272817,0.44877492217176274]],[-159636223.81097165,-159636223.55328608,[2.2313821351070158,1.0,3.141592653589793,-0.1743255059602889,0.7603740040800384,0.3693213157900011,0.41586775574891544,0.7426544014684066,-1.1011063789020732,0.5397265551753795,4.268802887153472,2.414129890766849,0.4979372131111501,0.7047794576321291]],[-162851222.64702827,-162851222.50880718,[9.660759970111986,0.770313699862239,3.141592653589793,-1.195489535316863,0.49888239304069876,0.5394459571812137,0.6651229163116417,0.5114208710361766,-0.3583114508120133,0.6029218133791092,3.80838434271599,7.153234512691515,0.43500108146595995,0.4906301397717182]],[-166946118.58795732,-166946066.1625775,[7.969932916833755,0.9491237582624581,0.12916871724581092,-1.4146332629523721,0.6547769624479902,0.46837199686080067,0.42563641193655255,0.1777348904820782,0.24070723165406577,0.8711736174356479,7.234873804111184,2.830079035918797,0.6305027994533277,0.5093582641083437]],[-173417698.19440106,-173417695.11746347,[9.812686655114241,1.0,3.141592653589793,0.29620205344870115,0.4284615189095261,0.5567019506924344,0.5810466720275694,0.4267854585037574,-0.8703260822898244,0.8807296099560877,3.7867586806075795,5.017661719582524,0.6203332549342689,0.423841187403957]],[-185133375.28525794,-185133353.28254807,[0.0987000101198019,1.0,0.86648163333216,-0.8585876431325458,0.6049680674760243,0.24823772220958717,0.14917777325829568,0.5351485754845802,1.823093304234463,0.5008389774590948,4.658900886256451,5.357252106517564,0.45367201618897063,0.5531851961014855]],[-188550665.37294134,-188550663.4070027,[7.004108983085303,1.0,1.4784239751104913,-2.1845051051552877,0.8051980315743482,0.594447091489935,0.7720216347460362,0.48673332299134636,-1.4424706266242953,0.3188124929209749,5.1702642505775405,3.566707031061286,0.5398532086324452,0.5984154065212184]],[-188898214.6875847,-188898209.5225346,[10.83098580201681,1.0,1.5689693165729233,-0.13726139431367249,0.24444052190944743,0.7120188569421485,0.5566507470319813,0.11528607737640673,1.949142647621509,0.1,1.8570418033725504,4.625712576747795,0.5436608014534497,0.3550587937222759]],[-189487560.3308491,-189487559.84025168,[2.851036690058846,1.0,0.996908241921654,-2.1260126330352405,0.8794832754764869,0.566606375829626,0.20118926653658775,0.4153294999458021,0.14662627706430778,0.3080251753106915,4.012495605680205,4.2549039545696505,0.6303717140941486,0.5609562815387774]],[-189715984.9409124,-189715984.93041945,[3.3316982597692046,0.5965220168901516,3.141592653589793,-0.09345850327753154,0.583363541234833,0.6286723428361328,0.47516674072426796,0.296414828612249,1.046751185615059,0.581743599610196,4.238162713785187,6.691990049600886,0.5911619451056013,0.45328972800480805]],[-190448442.1836702,-190448442.17976654,[5.199819348302493,1.0,2.050680767840197,-3.1113703846554275,0.8384410852949509,0.5835922120165945,0.4279890555595797,0.35451373308188244,0.8921227985656187,0.544723573201574,2.741705240543781,8.004067185185093,0.37620938746430005,0.6199317599409981]],[-191057320.30495656,-191057320.15398848,[6.890558420397454,0.0,0.044630845689946685,-0.49394009300401975,0.2958186657752848,0.6785097418901385,0.5701862591407377,0.5568704515794313,-0.716911598213064,0.49866389013462115,8.237829217580067,3.387265944314572,0.46568275890882194,0.4394923428176696]],[-195363931.8404657,-195363916.446321,[4.138632328945918,0.359795750411848,3.141592653589793,-1.2022656448237383,0.5196894139147817,0.6376355695296008,0.7220249475228493,0.2681800995389496,-1.536890408311795,0.5198322249910987,3.7093772779873966,7.250175675814068,0.5985033327628149,0.584396563856849]],[-195678603.6994648,-195678603.2632153,[2.944268825327905,0.0,0.0,-2.24681437696436,0.7255449916962844,0.48353226435817365,0.21028258897388807,0.487891617618751,-2.116443612003388,0.9,4.784054481481188,7.5258649704724245,0.6107310807699826,0.6631725282810624]],[-200222078.56229597,-200222077.19366574,[1.383545228298094,0.8489567906468346,0.9790225949144992,1.18013399137959,0.11238262041768193,0.4855543618685493,0.5395884321066834,0.3442075903545522,1.72330211799303,0.38257391448673084,0.0,5.562658852788416,0.6131886041672603,0.530402085578686]],[-200749635.50450853,-200749635.49879575,[6.009969781928207,0.8152936884571056,3.0636967215063278,-2.057798489913601,0.6712894222214331,0.5765919507798223,0.7538936310898656,0.5841372766085645,-0.2497312985509412,0.4424126200844867,1.007737831783082,6.675706297313528,0.3982083871279576,0.7160741514514669]],[-201308970.01152912,-201308968.08045352,[10.9697538723945,0.41127391336916536,0.0,0.7628029332219592,0.7864758777944165,0.8515982858818612,0.5054870793128037,0.4720924821720483,-1.1674529744652067,0.7644885616390579,5.1607452726344345,0.16401613897619294,0.3901349437481446,0.5683669588709354]],[-207276972.6237307,-207276972.25693035,[2.6473889779488555,0.0,3.141592653589793,-0.06424898514219818,0.42879850987043894,0.5891421761436588,0.3843848140430819,0.5172467053712902,0.9504893796342482,0.8630830665732634,5.899965653420083,6.664625901074514,0.4422996116085392,0.6066105032863957]],[-209311796.77218628,-209311795.7458769,[7.6118753275345785,1.0,2.7566603983032523,-0.7644275707648106,0.586219875870791,0.6613280384799088,0.6341926905283145,0.4214351961462103,1.0637558144252701,0.46776919067841155,2.6995314740629945,3.821434252694518,0.47285000801594484,0.6498419081760611]],[-211675296.72526428,-211675296.521253,[8.865751403120193,0.0,1.9077563631966907,-2.0652286518731002,0.5827412323081615,0.7082268707297714,0.5543012682720454,0.3420084815767202,-0.27738542046917336,0.7582809096059888,2.406226328009595,4.37302855713905,0.42627567248750786,0.4906576826510038]],[-217454563.33846322,-217454563.33177835,[0.9177912538284785,0.0,1.3627531226589382,-0.3842970268457775,0.16110820138609977,0.5399474706303007,0.51682401521689,0.6562780689812926,-0.9885485673136515,0.647773744410552,4.514528014879658,6.716770277809744,0.37609941260576135,0.5039363832303033]],[-218130640.1538417,-218130640.14137542,[2.6611366104152996,0.6510586937071612,2.990922949605925,-1.3138245499527024,0.8783712888106823,0.6338284984476381,0.3871085093463875,0.5976395245636357,1.0990909438528933,0.9,0.202709386767002,3.272707041552869,0.4278283749978775,0.6057110491034154]],[-218343851.8684837,-218343780.48903745,[0.45438656774996566,0.0,0.0,1.6753500183468368,0.2637880613244338,0.35708341517570896,0.0,0.007394878167333752,1.5726331559038589,0.6589417325301423,7.802429195976418,4.731663600843661,0.4149536869891243,0.45995120567204795]],[-220090969.25773945,-220090967.13692963,[5.1155755446509135,0.07009086897310707,3.141592653589793,-0.4254528236215648,0.20711887167261356,0.5185370050143966,0.22171818611669258,0.6759025698110822,1.4422567679212641,0.8162437455010598,1.1415532716176524,1.6579071575281508,0.5420294074543291,0.7321644497798953]],[-225437295.66712674,-225437289.3811152,[4.469895501857671,1.0,3.141592653589793,-1.1896419145031676,0.9978418676936636,0.6490539863875018,0.4733768692547197,0.23488729163425015,-2.201411113049236,0.4143432860187894,3.623772995164742,0.0,0.45794236076060846,0.48230143800632563]],[-228139892.97747043,-228139889.02069688,[3.561004706869939,1.0,0.0,-2.2757847098407153,0.6015578241435304,0.814330088451221,0.2646457896532236,0.27801811327166137,-2.370185763700116,0.5516003381239138,4.279846089757842,3.4980004810241665,0.35542872040475737,0.40698016307723106]],[-240865992.11353257,-240865985.64087927,[0.990496890307293,1.0,3.141592653589793,-1.216858794619574,0.16961191694534583,0.748517210002639,0.31136540940785273,0.7944363714005211,-2.6926341963691343,0.6448044778890789,3.109858586533979,7.725479718235869,0.2929046174430374,0.45893166839374755]],[-245017903.45193744,-245017903.45193744,[8.605157384686075,0.729886420765818,2.464400938259072,-0.4219251297479828,0.37359187180047515,0.6437756995108204,0.37967207245938367,0.48025335723578916,-1.3788626261540884,0.8581302012972533,1.8048172072601911,7.254452968696821,0.22997381042927056,0.6863464352616504]],[-245943715.65071037,-245943715.62944233,[6.0172472273539235,0.6491060836538177,0.8397532030831207,0.5376470119939383,0.4642850755738058,0.7848152645669315,0.2193712044581808,0.5845280827591266,1.7490977696727645,0.47863792059530713,4.330769303372648,3.1815771886870325,0.42986379905404537,0.5742305536901722]],[-249415632.1133688,-249415630.3476075,[3.2389404151957795,1.0,0.0,-0.7219626263331509,0.5806527804658995,0.7541761308986732,0.44744340119703296,0.4046654414072708,2.1534134806857006,0.294252815555572,4.3608044027481885,7.519747661766317,0.5595183291520577,0.6808065942878895]],[-250891123.25445777,-250891122.7154112,[2.748168877888017,0.4541422837672011,1.6857816076753191,0.2979596805152624,0.47421130573830206,0.8307932532251963,0.9148674147646386,0.46527799684557763,0.2643719688093175,0.1305687909940964,4.232631092446081,2.2856769770296896,0.4819156955564534,0.5473367699412046]],[-259362826.7327453,-259362826.7327453,[8.692387199071431,0.2549121438080224,1.3183766891449684,-0.5887074669110953,0.6089578606974151,0.8312655750447906,0.434709121145621,0.4958692292800741,-0.4673796352601968,0.49261455029024803,1.1207233199516589,3.6819866407042694,0.32888689854345743,0.5823888401527091]],[-264476897.99742192,-264476897.9112854,[3.062912792415103,0.8238920705356549,2.459609553335901,-1.037250507024225,0.8492920310300942,0.8308154889578132,0.8545045606152923,0.661028578374333,1.865754020129859,0.1,2.2780912882610735,0.10801989514259747,0.5318840592427725,0.5948268466466013]],[-284569714.55957913,-284569714.55170965,[3.727220983433775,0.06409311513328725,1.8675831634271742,-2.164898399978827,0.4882501605744093,0.8283513896920396,0.44681453752346223,0.7271671487503405,0.8766649460969854,0.9,5.200909131829618,1.5048405226602632,0.5000693576406383,0.5340081331359774]],[-302767633.91388065,-302767633.12667364,[0.49548882228904034,0.0,2.8386125709912204,-1.0693519417788773,0.28632657722953697,0.5781519869184929,0.0,0.34932733474546995,0.25524928701905986,0.7889981026947805,0.0,5.733592161039678,0.5606568566945753,0.5707968563145829]],[-308258182.47946066,-308258182.4728246,[9.111996066166151,0.0,3.141592653589793,0.3117327008379461,0.9121491301905719,0.9380564803952112,0.34413667179186397,0.4815703289514503,-0.26244792989376015,0.6229168265647195,4.68952288314821,4.067068202717456,0.5788600657819964,0.5041152318801765]],[-314189893.61648333,-314189889.82927406,[3.086970325434918,1.0,2.0378408633436926,-0.4039059902994578,0.08053009444457021,0.943668273332976,0.6447834439391847,0.5813884733953542,-2.393552817252661,0.5633921940361882,5.363774463346274,4.495191707127937,0.7039943413874427,0.566828471483378]],[-315456544.0953833,-315456521.56404877,[5.630558657972708,0.0,0.0,-1.5083569069495568,0.4833104723307422,1.0,0.53702308031354,0.7741174539368989,-2.5301571777339475,0.5363912861255022,1.8734703119829148,4.31608656347706,0.38480709501209764,0.33124954711021704]],[-318380355.1531421,-318380329.00598466,[5.1352948591753185,1.0,2.6676714946983413,-3.0803300239048235,0.5118484520086833,0.7663328027031303,0.07146107725178774,0.23368433565415409,-0.8422032681784399,0.8149114547941065,5.022637008278802,2.226951598412741,0.4827598010309249,0.4832286782377737]],[-324777470.61804885,-324777468.5235193,[0.0,0.22314518786799953,3.141592653589793,2.7791556556251757,0.5120009407466115,0.43158130372556913,0.15312700814829266,0.31976355283878266,-0.3243667190020503,0.8603690510202787,2.4690888078997526,3.6036072439481934,0.5527479672996419,0.61705461815755]],[-331491402.07885265,-331491395.75811136,[8.091018683877236,0.0,0.0,0.0730047528836543,0.7560466675151165,0.9791217011275517,0.0,0.5261970244674369,-0.11016803075339583,0.29307149760998374,7.0113744878109685,2.722454880720486,0.6166164549091511,0.4395399555337357]],[-351934511.92943084,-351934508.75766206,[0.0,0.0,3.141592653589793,0.7004910130134758,0.17889206662576346,0.5136440498167752,0.41685372051741065,0.8026670023743652,-0.6392161879331231,0.9,4.770896792368678,5.653434863776566,0.3359667747739478,0.5060698376247812]]],[5.828659704194334,0.3298891907576226,2.284572273902433,0.49440257844835983,0.5293629662726375,0.2812887825173173,0.45920928070211636,0.4499273816341643,-0.24349540742109851,0.4244751577765266,3.7678244812412216,3.172270410681653,0.4983474151693091,0.4278660323134576],[24.644586458404692,3.588604423762379,9.326920379665353,8.73123214336796,0.2523876756390239,0.26962087433546683,0.24455301115581662,0.25140547029631327,8.846596713877705,0.24055173915456735,15.499556377741676,15.399632546019243,0.040288307892590455,0.04009863763378195],[[24.644586458404692,-0.1467139090531179,0.38768450275315747,0.61033773906225,0.00543229095739396,-0.08062705631187951,0.08406197225338026,-0.03390973956716788,-0.5209670306037503,-0.03113122487733865,-0.3600975004441937,-0.15007780910584398,-0.03278682050766923,-0.059423003407091245],[-0.1467139090531179,3.588604423762379,-0.07484751601551838,-0.03130725001204204,0.0008388339093601581,0.02222178588612639,0.006100420788619582,0.007592972937684891,0.03228477373813476,0.010539057461373602,-0.04348412621050509,0.05449162514245391,-0.0008848011150422312,0.008096107111597337],[0.38768450275315747,-0.07484751601551838,9.326920379665353,0.16733504553520487,0.03850536086760044,-0.0968449271750971,-0.004337437709916572,-0.006694767274412955,-0.28651880952874476,-0.018730668941678817,0.121116397170456,0.049375484441577286,-0.006644750780735328,-0.02312966999068374],[0.61033773906225,-0.03130725001204204,0.16733504553520487,8.73123214336796,-0.017726683008719595,0.03154106690367262,-0.002261483917619163,0.005605183379972796,-0.12593140654028417,-0.030852108586479254,-0.059269719390478294,-0.040577131779091995,0.006765080823349453,-0.02919491022111286],[0.00543229095739396,0.0008388339093601581,0.03850536086760044,-0.017726683008719595,0.2523876756390239,-0.0023811229927750716,-0.015176653024741601,0.0023105471053659387,-0.020925736754902835,-0.009819025505385081,0.0726879837919341,0.03671448135911919,-0.0010648270644229522,-0.0028150078221316826],[-0.08062705631187951,0.02222178588612639,-0.0968449271750971,0.03154106690367262,-0.0023811229927750716,0.26962087433546683,-0.004381657819887458,0.011990917800649984,0.022692109939958526,-0.0011258051050670335,0.019223109206755764,0.06914339140366527,0.004322460614649601,0.0038125024400511762],[0.08406197225338026,0.006100420788619582,-0.004337437709916572,-0.002261483917619163,-0.015176653024741601,-0.004381657819887458,0.24455301115581662,0.002542298438288223,-0.029039263792549414,0.005606377239695997,-0.05459984912045714,0.01748879804321186,-2.3122861710050354e-05,0.003786945851784796],[-0.03390973956716788,0.007592972937684891,-0.006694767274412955,0.005605183379972796,0.0023105471053659387,0.011990917800649984,0.002542298438288223,0.25140547029631327,-0.0736956062279132,0.00048445578564666807,0.03678478541185884,0.037022849948513,0.00017329723748285154,0.00489921846432814],[-0.5209670306037503,0.03228477373813476,-0.28651880952874476,-0.12593140654028417,-0.020925736754902835,0.022692109939958526,-0.029039263792549414,-0.0736956062279132,8.846596713877705,0.021400495598423004,0.059611090877871614,-0.1984321716444296,0.004338558589728233,0.010946892254956304],[-0.03113122487733865,0.010539057461373602,-0.018730668941678817,-0.030852108586479254,-0.009819025505385081,-0.0011258051050670335,0.005606377239695997,0.00048445578564666807,0.021400495598423004,0.24055173915456735,-0.01817381748235975,0.04891439839320481,-0.0012753307265213382,0.003980420864031301],[-0.3600975004441937,-0.04348412621050509,0.121116397170456,-0.059269719390478294,0.0726879837919341,0.019223109206755764,-0.05459984912045714,0.03678478541185884,0.059611090877871614,-0.01817381748235975,15.499556377741676,0.44458098982902905,0.008184077498773116,0.004891135234661809],[-0.15007780910584398,0.05449162514245391,0.049375484441577286,-0.040577131779091995,0.03671448135911919,0.06914339140366527,0.01748879804321186,0.037022849948513,-0.1984321716444296,0.04891439839320481,0.44458098982902905,15.399632546019243,0.01148160269064469,0.032030567642409635],[-0.03278682050766923,-0.0008848011150422312,-0.006644750780735328,0.006765080823349453,-0.0010648270644229522,0.004322460614649601,-2.3122861710050354e-05,0.00017329723748285154,0.004338558589728233,-0.0012753307265213382,0.008184077498773116,0.01148160269064469,0.040288307892590455,-0.0001898562395340267],[-0.059423003407091245,0.008096107111597337,-0.02312966999068374,-0.02919491022111286,-0.0028150078221316826,0.0038125024400511762,0.003786945851784796,0.00489921846432814,0.010946892254956304,0.003980420864031301,0.004891135234661809,0.032030567642409635,-0.0001898562395340267,0.04009863763378195]],0.5877767885573388,[[0.0],[0.0],[0.0],[0.0],[0.0],[0.0],[0.0],[0.0],[0.0],[0.0],[0.0],[0.0],[0.0],[0.0]],[[1.2553373958957394],[-0.6442525780098831],[1.7209422086452606],[1.2482849156134666],[0.44481986308607474],[-3.3132583715390784],[-0.6179390053713867],[-0.7585505850820061],[-0.6147857178634442],[-1.1441265730958887],[-0.43965365039796145],[-1.5674104549511545],[-0.06258755938522655],[-2.731895453975622]],1,100,-64379601.2260942,-64379601.224395394,[7.894945522810292,0.49725272802339554,2.067180315020258,0.5372045018988195,0.5318069413344791,0.1821731268820853,0.49040917063228395,0.27780353763021354,-1.2715018167841092,0.3277800805151627,1.9957931577241936,2.1280418860782224,0.38245327638071813,0.3634278784772872]]
