["generation","mean","variance","covariance","_sigma","_p_c","_p_sigma","iteration","num_evaluations","best_score","best_evaluation","best_solution"]
[[[-70384372.7762331,-70384372.72305661,[1.9189233566900517,1.0,0.4775857788313058,0.43977217705809013,0.0,0.0966852183376356,0.6195186354116342,0.39328027046292086,2.3445512423815313,0.6169575264711895,1.3987956996709485,2.4080034107863337,0.35691097197445476,0.35471518061171114]],[-71903563.07074107,-71903562.98112309,[6.122965245198797,0.010843020904361345,2.2699719538889114,0.35965648942175077,0.484754201071382,0.13058301084066393,0.37661799964083015,0.7647969839185103,-0.3056527375055368,0.1,4.9127394113101275,1.611240351904132,0.44006284268146173,0.46045848672090456]],[-74907658.00268364,-74907657.66207218,[5.167350350884882,1.0,0.895413721048972,0.768499243409861,0.33230456461008756,0.13724147417180033,0.60690349046515,0.4183142423842104,1.2807917223550511,0.27731851744344893,2.8570518662497304,6.063931012700547,0.5210897173149797,0.4683338225537423]],[-76995327.6171724,-76995321.01413107,[5.151622828089115,1.0,2.8268697608119213,-0.0012431303075893722,0.8994260555406175,0.0,0.40288988773373025,0.22651205497709148,0.6286367109626823,0.6557777472875255,2.487143283367727,2.5313264348141873,0.5060504233603071,0.4282772197685437]],[-79189937.3263185,-79189937.14109462,[5.061860503661667,1.0,3.141592653589793,-2.4196535645288897,0.6627226380257043,0.25900688069866806,0.7791706986856772,0.3105934178154249,0.812396828261505,0.2887058823195682,7.498425056327143,4.9064996961587894,0.4164964680681954,0.41654941782805754]],[-79996861.64559837,-79996861.56709456,[7.286404375077083,0.25773253165578824,1.954805188281069,-2.8890784550074176,0.1691855075592345,0.2779576688084986,0.43924567590126345,0.8451160010440786,-0.6031521829237374,0.22867411856247233,1.789625493473019,4.943549983329637,0.549631869484147,0.3901368085694899]],[-82103034.16730447,-82102998.87034291,[6.451549743851605,0.2607601313478372,0.0,-2.3779744452219003,0.5266008467908825,0.30882494098174285,0.44013851993648356,0.24344932826616605,2.6014680173171314,0.1,5.883924153216513,0.060466540299532134,0.6011673290314298,0.39086311350545505]],[-83378138.97332467,-83378138.85536563,[5.3740212857286505,0.8834809821722203,3.141592653589793,1.0412280853617715,0.6032260640937572,0.25655849536972286,0.6942451890417451,0.7032874100233485,-1.190840386075172,0.1750863310853255,3.0853949141553256,7.3715156995897395,0.5203416428136015,0.4778316063912639]],[-84715815.8493187,-84715815.75959146,[5.775921781311899,0.0,2.444532192089365,1.9005970541010484,0.5494972932573623,0.21964608650144524,0.6925808838486484,0.47504153313039194,-0.5188630228881992,0.29653307672547136,5.704425618837179,0.8952603136343726,0.2873150110046318,0.4628945521254184]],[-88812289.11166155,-88812286.60657722,[2.6987035936488453,0.6082135761273969,0.47041455511183417,0.07545078368201188,0.6138075937610932,0.4333747126950338,0.7568912721822977,0.34628037961309366,-1.2746749152788233,0.3297922758465635,5.574438120586658,0.0,0.3599567995951123,0.2793376761154083]],[-91079011.48406056,-91079011.37275904,[4.720329629249159,1.0,0.07360202068889277,0.8909089974131861,0.3101920116663004,0.1273973834899581,0.3967354748970528,0.29382648262366073,-0.005284467931194416,0.3609623560319424,3.7072392891459733,4.6143966245128984,0.4249121337344461,0.5489907476631913]],[-94059953.85703982,-94059952.4274649,[4.086662864395507,1.0,3.141592653589793,-0.11424356970922518,0.7579249547104399,0.2232751893637135,0.5168823408129445,0.38816232396779016,-0.04280488860664709,0.6094739926963251,3.0612758814786405,4.955542963351337,0.7299967319187659,0.3879893781049608]],[-95162027.04474214,-95161974.28722715,[4.28924137964705,0.46684694090200063,2.6106970619577026,1.7554797249909955,0.09459200493690373,0.49618923301412915,0.6089177873345536,0.2162746760309106,-2.1082844454668095,0.42433605324214446,1.306970529202062,7.153596706909925,0.6275249399443741,0.3775538270742742]],[-97140255.78700128,-97140232.04200536,[3.884332425350575,0.6719717454124903,2.4924908966293637,1.5378135566971893,0.330732614756089,0.580506071807769,0.44356223638105957,0.25872961621329965,0.36200784311310263,0.4760499204156824,6.270721544894476,0.2918492135201243,0.4929672587235194,0.32411116631782655]],[-97385560.4316169,-97385560.4263078,[4.45353440381815,0.12268498622813606,3.141592653589793,1.7484417168193134,0.252595337096037,0.6008453413166761,0.48224087976208574,0.6614166466086973,-1.4515574288355415,0.5756700316042628,4.473161378284091,5.940258777162544,0.48505070470398365,0.3200576845751861]],[-101096366.9616709,-101096366.22222579,[0.0,0.9309181186214277,1.9646164874208634,0.5491888342297113,0.5776803714905263,0.09942076296541869,0.5559765933560182,0.5106607001843807,-0.5099180120469892,0.46879155121535876,0.1862729752911334,5.253259693792133,0.5337908639864504,0.4742051941522417]],[-102324085.29636247,-102324085.29036146,[7.071338578413238,1.0,2.3146097110566823,2.0345539918772992,0.5554096473562415,0.2561815985111787,0.539366711234801,0.31837691367988274,0.4401114279994611,0.6536826248064911,3.943424690784587,1.9780357992251516,0.4507003063232057,0.5013648200097834]],[-102710306.67693959,-102710284.63192081,[6.463265515962022,0.0,2.286876745923262,1.1975187132018092,0.11076785778355885,0.4195859328966518,0.25357324259450775,0.1637785118247409,0.45238668630358214,0.20547084107461827,4.38098616802221,1.548558502166487,0.6074532445208525,0.49782189726682874]],[-103073625.42593823,-103073625.35195172,[3.1758191162260943,0.0,0.0,1.3266272941811377,0.555897160580923,0.23020992665512902,0.4903575773444822,0.3446153296027007,-0.9182896408899852,0.16459108911924042,3.223389844613962,2.4151731002664447,0.6897989629509957,0.6190753711512007]],[-104864177.31420203,-104864175.92449498,[4.1352434966582,0.8374985754798214,1.942046508484586,-1.6433236450168833,0.3532200873589702,0.0512496565512815,0.9982749365407635,0.28634564345323094,-1.1989839028980143,0.4796788465151125,2.908123359162725,0.9046835014658483,0.6083563928422087,0.6515957655834013]],[-104961923.5414731,-104961923.07790935,[0.0,0.9167907190921362,3.141592653589793,3.6915557427749137,0.23112726380763465,0.004880933080483263,0.3170101864868706,0.4217376122273797,-1.1346220990557572,0.7954916794877778,3.4895589642935407,1.6779949091559248,0.5390586625382566,0.5544260668799825]],[-105565881.58805595,-105565845.31082582,[5.036091920912913,1.0,2.310763048368496,1.8681697112805358,0.531256299463835,0.6466071929400619,1.0,0.7964881070969008,2.8663854147965466,0.5520008139898596,5.8819739351443525,7.958950483430631,0.4603867285772925,0.4282821179035402]],[-106419462.69321911,-106419459.82994497,[6.6894267400497,0.9072957346874051,3.141592653589793,-0.6846177309488422,0.43326284006083565,0.31929195802759613,0.40651926820232676,0.5036194386868887,1.6364540112394912,0.34736725820935066,4.800321299580463,0.0,0.6478193035316501,0.5440672482408071]],[-108546154.14506178,-108546153.0015009,[6.635518970581091,0.0,3.141592653589793,3.342855961823199,0.4427710796193613,0.20273554760023538,0.1795652276456034,0.3377985749116939,-1.6133743077171283,0.9,4.331376571297923,4.835183273524221,0.5161226088084492,0.45219943123924433]],[-110807195.88225456,-110807195.56750697,[6.099186370053923,0.0,2.3403532539172387,1.047192146409245,0.31269965882915707,0.5880903075196371,0.5587954457618676,0.8144294482530654,-0.8526788916461803,0.509428905950325,4.791798949048042,6.146101523668882,0.6184181135130192,0.30059741917432603]],[-111031034.61596136,-111031004.5681538,[4.3091676918194395,1.0,0.0,0.9648449576043916,0.7867256066833266,0.3664839035575653,0.5485649288507866,0.0743626196306113,-2.309290348291319,0.3452048871092591,1.8538094374338288,4.177657628480932,0.4845605096972735,0.5250648695903628]],[-111137035.31159401,-111136990.62671202,[7.124356505668855,0.0,0.0,1.6318366902149903,0.2396741967468236,0.33036980185389053,1.0,0.6836065903840788,1.8425140519193064,0.7532443249497163,6.575743500747957,2.6707106380503363,0.5328356230274999,0.47879217141374386]],[-111491265.26377524,-111491260.74372208,[8.088978138889642,1.0,0.0,-0.16625451764181698,0.9688812551459527,0.03174718234927559,0.2626567139730567,0.15280649563788556,-0.6987162617866489,0.5124658705741093,1.6587332716019412,0.9355375061839006,0.4920848880496832,0.6943494279868643]],[-112249141.6517766,-112249141.65127987,[4.374270987431564,0.9866312914829483,3.103602836042601,1.719707271637779,0.28955675198919445,0.3289109929771412,0.7428827652655643,0.520359252009559,0.6033952212184148,0.32039032873701684,1.8402060046886102,3.7808493449453815,0.43231800437893686,0.5918633182350252]],[-115331786.43649112,-115331786.43228376,[8.23590038213251,0.0,1.6201445945565125,-0.5422468963652249,0.49564102343415034,0.5531267820261946,0.4458412076836922,0.6075321233391369,-0.5497457662405857,0.1,0.7164148942340289,4.656423653816236,0.6202587257978641,0.21761326305426804]],[-116984116.68296786,-116984101.3127532,[5.230375485035112,0.20710765330426456,0.0,2.2237633060778177,0.3206101988511937,1.0,0.1814448872704923,0.9135448846574629,-3.433842317072642,0.6247078037932138,3.400902668054783,3.3224065794225357,0.29837788157120104,0.4451238496758432]],[-117580424.08433974,-117580424.0619778,[7.192122838332123,1.0,3.093805690249925,-0.20949844837595408,0.539225739665854,0.15866836262119238,0.4729655042770306,0.46410148530217793,1.505516764212365,0.3815920435747857,6.229280652239224,8.34840373375832,0.5109308035014474,0.7092166880604402]],[-118401675.27468523,-118401675.17252684,[6.161330129949829,0.3526355970060369,3.141592653589793,2.2105476605538548,0.3264868152377787,0.6299036892369367,1.0,0.7462814441215698,1.8147049601092606,0.37377731127952063,4.514311604676249,4.40299601363295,0.4594872370615581,0.5699873392088048]],[-119277395.45640188,-119277393.75117254,[5.690427973910159,1.0,1.9977137026494087,3.1857218924091306,1.0,0.4257325930559314,0.7946345531695831,0.5373576502833588,-0.09118827134198627,0.7590148587814731,6.579633423034641,0.0,0.5159852752542053,0.506335535370146]],[-120371622.27648598,-120371622.27648598,[3.987256111611032,0.41261004604423057,2.585516301331803,0.0008098780341587965,0.3428490455517649,0.30658633652178946,0.42057970329825545,0.6357209838899744,0.922596581917894,0.5006195161832605,7.197909324658352,4.985596947125929,0.4015234647047936,0.5748604367701371]],[-120406534.68398127,-120406534.65158743,[7.545847012037985,0.6215152714424657,2.723055006036221,-0.2884561580968956,0.27842806055704583,0.4086181575721057,0.6219030497852123,0.7441859223534697,3.052738346897197,0.43994219226990805,2.7823638486242483,0.3281292698277718,0.32011061855116885,0.49374902684535416]],[-121475376.49521089,-121475375.4473995,[2.6600663438083045,1.0,1.2392577841324717,2.1405919619926457,0.3143748785042089,0.7728177624257477,1.0,0.7143289951832146,-0.6414447220550378,0.6492757353996338,2.7579025822554586,4.463283680631512,0.5968943021438111,0.3051510846734802]],[-125286214.29096626,-125286214.23354948,[5.783926977463595,1.0,1.1611593290991957,-0.2862984959993608,0.36755864604124866,0.3608722860353002,0.1991846888019666,0.7777809666128355,0.4957609582666408,0.3778457748807435,5.322144424885476,0.12814887333167624,0.3312782622794851,0.5687796763977073]],[-125950868.28931439,-125950867.97136354,[8.642123514305032,0.0,1.3992729732616283,0.21112547590525668,0.823088784333528,0.4132987286672843,0.41565697949465163,0.8547848303447227,0.13491827971592651,0.9,5.249989367398964,2.6756869412033772,0.4134054362964619,0.3835462110424529]],[-127446570.46883005,-127446565.7127682,[5.171047136813924,0.2409003147208566,3.141592653589793,0.9934401787371234,0.4869616091993478,0.8008487050053852,0.6067427731827635,0.20790522843540504,-0.9772319769034219,0.2363276286503631,4.794892236053203,2.1652295686279217,0.48017975296438214,0.484402166879303]],[-128321721.35134602,-128321720.16932118,[4.651437998050033,0.35965942302008974,1.2482380438611682,3.418176777052032,0.4710261796967306,0.41499622452697565,0.6005022365462149,0.310461240502223,2.3982785294726248,0.7227344403118174,4.067761123292777,0.0,0.2812189648151937,0.5465818098924109]],[-128360394.11504108,-128360376.81206465,[5.306085044501301,0.9315024981853329,3.0098792823545324,1.0616196444915231,0.4325893752699006,0.42890620814019065,0.17324264173333337,0.3909561055993755,0.9090084712579376,0.39179035078348856,4.147636263966651,5.0274108002715625,0.4625169902685648,0.558723195007852]],[-128592816.01428795,-128592816.01428795,[3.6326835870748133,0.947541995783548,0.9815995864445329,2.0035818234485996,0.5116845222574334,0.6885416408131981,0.4483193863153248,0.5348976870089585,0.010443628098725814,0.49497419087932487,6.781185987337096,3.645034304320159,0.6252888246398689,0.4993790594447599]],[-129487437.66524003,-129487436.86893839,[4.871343551815963,1.0,1.7179833350856146,-0.45049331058722847,0.19889145554598187,0.45141491836662045,0.8893423295394574,0.7833677726155207,0.3991034410320931,0.1,3.1635803415754937,3.622847294780229,0.3989034803758161,0.5268459534904623]],[-129525353.83182782,-129525353.48989856,[7.576251431077552,0.0,2.723608941855857,-1.2155025115738833,0.8718898281034415,0.4406512579048298,0.787013338350962,0.3470536008646036,-0.08734563805505463,0.28294370088621457,4.21665800709179,3.8452719057953986,0.6612790638473612,0.5515030791332591]],[-130372412.41893393,-130372412.25915587,[5.998965239089439,0.22817213465688585,0.6350068768460893,-0.16426867370581388,0.5598766686773434,0.36712845798709703,0.0824287800670847,0.9869077557539119,0.09794291709195863,0.1,4.952571463955019,6.695985773208051,0.5745543757976567,0.5944097255757241]],[-131509533.78688844,-131509533.20963669,[5.762198232959829,0.07022157454407546,2.004760494054198,-1.714088596248781,0.37662386293349626,0.21689108995066353,0.2317685196478328,0.7182297194626136,-0.513311739343111,0.9,9.0,5.738680065181647,0.5661711464417665,0.5770272408336179]],[-132373703.37199296,-132373684.32592034,[4.1637872535135205,0.0,0.9718891758993062,1.2195111210194294,0.7135333770378268,0.38665184222655824,0.3610852311361943,0.8903320615217807,-2.8327922049949756,0.5756500005610642,6.2678622916360345,4.2166310448861095,0.47092602095502517,0.5892337220266238]],[-133096959.95258881,-133096950.60004234,[3.6991137223349377,0.11160452896460449,1.8161997109251908,1.1938456327220328,0.24662468030814266,0.5368699467454302,0.29552025542272997,0.1775237830929356,-0.6662441891464661,0.6374193996459523,5.785295352482672,5.660255809349059,0.6062673895798274,0.4706556077871635]],[-137159583.04166505,-137159582.54160464,[7.049127401878636,0.0,0.0,2.157209579806517,0.5305648028944145,0.5900826211981742,0.5665834460583503,0.7006094646081942,0.9255791828256841,0.6969882453383917,4.753132334157074,2.866869156356702,0.4119266998368746,0.6001939788370949]],[-137712319.76499704,-137712319.6497715,[4.693800829073858,1.0,3.141592653589793,-0.13197826388474926,0.4575561613423083,0.3600277936348661,0.5654480998928236,0.3203508161310147,1.3395592047316367,0.5379336361399596,6.905755596278679,1.6944174809629482,0.22210087462291334,0.5941149317162253]],[-138178029.0108099,-138178028.8928126,[3.7310079603566493,0.0,0.3932951187559701,1.6725925437164042,0.3666922341683104,0.4600675500097555,0.4292174991742447,0.2590094318989047,0.335891316904391,0.4840368727426503,1.71844819265283,3.6104324124778993,0.5214492805867654,0.5939363946174167]],[-139968910.9609176,-139968909.91918027,[3.9104831910531885,1.0,3.141592653589793,-0.6299428956749684,0.782436146793418,0.40776378002121605,0.9113687249438149,0.7386044983146713,1.9427239011760202,0.9,2.119795666683279,4.419143104924448,0.5115443946939587,0.4516525096913817]],[-140567290.65192628,-140567290.65192628,[6.250853438350796,0.2730801067464568,2.4088402427415843,-2.259697795137803,0.33486058815229625,0.5086731211376115,0.4215291170435383,0.40051116908048345,0.059070589066414325,0.3552431459673603,3.0607504432440518,0.6775282529563604,0.5939475660228168,0.5044739965657962]],[-145297294.49301067,-145297291.05849934,[5.629494597455974,0.0,1.7131219483338231,-0.17353244130083031,0.3740538480924632,0.3886464426058176,0.17105597341932027,0.7170081072486248,-0.21716685379053913,0.21500873144340416,5.0244670784018455,4.551574487562222,0.8275861009579697,0.6841096699531262]],[-145735845.98768678,-145735845.69444,[7.016074352185163,0.0,0.5671202092234406,-3.6758907070260713,0.5122930536812144,0.5783831448922085,0.5785805972362779,0.8729859813312422,2.6730776266435092,0.5026695736661383,4.772301964037525,4.720916460532841,0.540733206412944,0.3042067278241725]],[-147150860.0078367,-147150822.5723318,[7.2841745284820565,0.16671081300593588,1.6021731478902703,-0.13402831364398524,0.5444891025936907,0.43743672691584157,0.18097748111241413,0.04836590867462631,-0.9309263609869154,0.39282038018141463,3.3086981969719913,5.060026748954785,0.477090639700939,0.5960490605217523]],[-149205915.59138215,-149205915.59135354,[7.325938503131925,0.8003940800744638,2.4703735028729663,-1.976416334847095,0.38532320523347285,0.5110586757278668,0.7507804839562591,0.5520621996102284,3.3522803689181937,0.35571423910300437,6.606867517112432,3.7777934865025427,0.3493168035957449,0.522124613156699]],[-150721480.778366,-150721450.77401304,[3.9573890516394035,0.0,1.2936340715305423,-0.3400394751481828,0.1971393136078312,0.5914991119142947,0.2689444708648855,0.23789118028722506,-0.09903407847851331,0.1,5.394266663710607,0.3975088472866859,0.756606252933091,0.43973401088574987]],[-151160054.25774017,-151160053.31447285,[0.0,0.8905405777650093,2.710180605292633,-3.553605954339697,1.0,0.25010260572982346,0.5775757016074967,0.6497334103314365,-1.5567887041691306,0.38865710378322404,3.0131028842117193,3.319228651738153,0.45673690189012023,0.5356468421569436]],[-151323877.41376528,-151323870.1982165,[1.6810150908493688,0.29133759931831227,0.0,-0.33197079030652615,0.3621081832980967,0.3299228730836504,0.8663180321970303,0.2690868387060382,-1.4173582187900253,0.7993896360832569,6.057415888334318,2.211035894852378,0.5423408378248096,0.5950582831528529]],[-151890653.30568987,-151890652.0433541,[1.1839322762174396,1.0,3.141592653589793,-1.9509440481239424,0.36622697965786066,0.4308873057537244,0.4857080436833004,0.32819525060197724,1.0060467036297216,0.2843403257327663,2.1117343747223933,0.9066242229310864,0.3921704450121755,0.359118902137646]],[-152659285.50425223,-152659264.3268001,[3.3747255659320468,0.6938179960283918,1.0117033426955158,-0.40823910969271887,0.3313055647326683,0.536479205585135,0.6033328539296446,0.30664472322585784,-1.9359739533784917,0.3885881313139137,2.3908472271236874,4.57902979162556,0.5735689677213568,0.49210937431701]],[-165817321.7287619,-165817321.71711195,[7.176006887079151,0.8383231966198226,1.6003039152514713,-1.8169535490256106,0.008428367450302565,0.5234362320069256,0.3803597845796346,0.6610191597539649,-1.4684682066687857,0.4436632277898597,5.89205734223617,3.797550835910704,0.5724012600188323,0.5979366478850361]],[-167105989.36646694,-167105978.50860083,[1.6702182439433395,0.0,0.0,0.41305057708703885,0.44767701460021625,0.487726181644418,0.5319357935625086,0.24821185142298685,-0.3959736436052952,0.2576113582301923,4.170957476328906,1.8192258774504602,0.34449593135839557,0.5150389928253667]],[-168253896.0059569,-168253895.90770936,[4.190123139520132,0.0,1.4994399446656572,0.008931241075829469,0.8067730611100075,0.34318997339823043,0.6923137651472797,0.3914127922530978,1.5850544056471998,0.7232108898453776,3.382331582760728,4.810932738877895,0.5499403624366144,0.7657824419728892]],[-168696119.42359126,-168696111.4459448,[4.279893634465784,0.7169160906008603,2.523090135610249,0.2660056706825546,0.5560669260467115,0.5171681551143951,0.5952809063759951,0.31201404260859034,-3.837479852303759,0.6067739258515191,5.015435049734699,2.30226648857781,0.3441841736902265,0.6139570395058326]],[-172207330.68880087,-172207330.07880688,[5.8112223874804245,0.4785566318639803,0.02503589450081445,-1.832187403378545,0.503983482385467,0.45382944459251395,0.17755166055117722,0.7385380125800859,-0.7793603399331119,0.9,2.0274594860256956,4.648874181959638,0.5662884362715734,0.47048603216775087]],[-174234284.31659526,-174234283.6329466,[0.18426502004954592,0.0,2.797492476172791,-0.8551639928035597,0.7086897556758474,0.2658549203583066,0.2693586747745851,1.0,0.02057319116246296,0.570359465953485,6.627940963238627,0.7445266914819242,0.35061894908196256,0.43974237155451706]],[-175398052.7947663,-175398033.9410751,[4.791058331475774,1.0,1.5503044523566547,0.6776781899287424,0.00579909705002063,0.5401150368107561,0.27321500654474346,0.44988772283760414,-3.098529875815093,0.19054720324271873,7.264367329236955,4.245033153682681,0.3861618185189592,0.5999176073414714]],[-177050381.9779576,-177050381.9779576,[1.230001280732452,0.6592301625054167,0.6650242716168098,-0.7564855790619511,0.43900906875124074,0.4870413423673942,0.6494959866675327,0.8020697176591864,0.7014588212403241,0.37784696788551864,5.151428052019744,4.11461777760548,0.6798443488668203,0.5112056106524573]],[-177482901.65755334,-177482901.38599396,[4.536358364593959,1.0,0.319798084641544,1.0963990915460997,0.15654615856543797,0.7565742936897071,0.39192136809038375,0.9044821347857561,-0.16876693183336666,0.32970311630660737,5.101202580826957,0.0,0.5153713714161472,0.7298959225009772]],[-178217526.96667483,-178217526.9569236,[2.7348407562258874,1.0,2.01935268456,-0.48834517969302893,0.275627113308472,0.5337616669566339,0.24842271720259046,0.5639382430950293,-0.005335632209379186,0.6090080881278088,0.819391553810382,4.870078760846887,0.6404016373738285,0.5994013688430514]],[-184520224.65854278,-184520223.54663467,[4.254428170564439,1.0,0.0,1.0369922336060173,0.536655145810167,0.8076330237116889,0.2698801867537888,0.5874553701807199,1.2402133041761862,0.4382638643684477,4.768508805016471,3.960253161921782,0.3755206472343371,0.6388737582766637]],[-189124685.72849235,-189124665.1360824,[5.97334365810715,1.0,3.141592653589793,-2.5439083791402677,0.8540220116973298,0.7767614127091882,0.34188540579441484,0.27604889010464906,2.0197115444237603,0.1,3.948795897823751,0.0,0.4914389502958287,0.3023570619183339]],[-194709798.27453253,-194709797.12884855,[8.93035416789639,1.0,0.3136501819955566,-0.632948554647389,0.07808277063741087,0.598563058956328,0.36974641748406706,0.5459876584922176,-0.8093473378142444,0.6058024358668661,3.0218421340213606,0.0,0.40853530652794035,0.5210315957693686]],[-195147098.26210064,-195147096.29092026,[7.495014940218447,1.0,1.343999568691902,0.8516670023947917,0.5141347642301121,0.5975249575931665,0.5177636687371701,0.7307856514425195,-0.5060885372073487,0.5035943694514101,2.0572137483113284,3.3674471103975985,0.6004875619276568,0.5817719399003837]],[-202418120.2305352,-202418116.20175028,[4.409313819221643,0.8777294853334168,3.141592653589793,0.24902820433420803,0.37296936135494996,0.755361271266449,0.4966160386330577,0.4308224504351589,0.8502374895981213,0.3833287455175733,5.652488710584995,4.32631975114188,0.5310374078866003,0.4076451161073107]],[-205286207.51909631,-205286190.31708515,[6.416076720608535,1.0,0.9396003794873189,-0.005171701373546396,0.7616686698332967,0.6870119591565242,0.0,0.3691195530857507,1.1479846512320293,0.5389545545318557,3.881975017899471,3.0616605714890266,0.5019747069596192,0.4450563799486589]],[-205935409.18469378,-205935408.6946813,[5.241682616465263,0.0,0.0,0.1798241323106757,0.6214057694153583,0.6916249810458984,0.3763333740094584,0.5955413631792656,0.7559919792615091,0.4234360230302974,1.0420489642459034,4.528168125706349,0.5927898187081693,0.6026447352372742]],[-211129785.55590954,-211129783.8090818,[5.226143961166343,0.0,0.0,-0.5520692532171275,0.45380167868659343,0.6984245627077699,0.43995225067547145,0.6813041608879993,-0.5019558510846341,0.6702397746902669,3.032837864006064,4.2502875847622725,0.5225578285974648,0.4678642151653181]],[-213650715.73480693,-213650714.49609852,[4.4897002675447455,0.0,3.141592653589793,-0.7604520205283808,0.7164780380220086,0.6996331037183585,0.7436580024323319,0.6510857936792255,1.2789818341507058,0.7263646110814123,2.710852810333189,4.321275568590991,0.4193035854154481,0.49310568666940613]],[-215381548.8262521,-215381548.75019503,[2.5135425918335947,0.0,2.9371898425103478,0.3239086830192799,0.6188931822856345,0.743527415265016,0.5582328669855582,0.43884456156305585,0.02807328442119368,0.10914404899686625,4.315910374922093,6.533837431394041,0.4375468058480808,0.555793627105675]],[-227532834.84013295,-227532808.00515902,[3.387919997028284,0.21182796438114193,2.059867693049841,-1.213233556262602,0.09253248836078748,0.7756495647930339,0.8030038986377768,0.059363121611638925,-0.7349590858956417,0.39350619583401786,2.185173392975641,4.646367989867839,0.5747413449286729,0.48994783166914974]],[-231336637.88219488,-231336637.33961165,[4.865011738243715,0.0,1.4905560007280134,-0.04213065850315769,0.28148139397843014,0.6824411574551933,0.5735139359633398,0.2790084375661851,-0.5830611955185785,0.1,6.266701881074087,2.4529910320764903,0.3987250235122894,0.7294616540896023]],[-234942767.75284383,-234942767.3018117,[4.532658610487193,0.0,0.4206109787599215,0.6438506749693174,0.33654822636512655,0.7285167353710815,0.4680571621416423,0.6213690814333116,1.0727872044994033,0.3335799600799743,4.210248538072037,9.0,0.49246486682127444,0.6070836072841638]],[-237232983.92119557,-237232973.2569139,[6.757004722215621,1.0,3.1023920421173825,-1.1516769789892154,0.4430554780159863,0.8347980123791527,0.8525277029262844,0.1849331984488896,1.4024166267712403,0.28559849774464974,3.197851275182459,3.370740879899828,0.4218637111420088,0.43086409837367523]],[-243429691.96122712,-243429691.77519393,[3.6394506225451106,1.0,1.63150862713851,-0.5774793259538089,0.4398134468877238,0.8530719383277096,0.5375682387682138,0.5897168064298127,0.6219626808669217,0.43291772413784846,0.7293234431228797,2.4612102827327362,0.534504468137544,0.5110822586529634]],[-246750708.93144992,-246750708.46274388,[1.6672353326182527,0.4232128377990357,0.0,-0.32241754384182875,0.5042885831323045,0.6637265466204553,0.5358900837123151,0.2318412318157983,3.794426119277899,0.9,0.20751658312486443,5.218578622028792,0.5230346645230819,0.5173463546229421]],[-250330776.31418845,-250330712.21504426,[6.680912620687346,0.0,3.08489792256062,0.2274372734234395,0.21292219483889813,0.7462458298370517,0.27863147897228674,0.07916406364078415,-2.7336194060366434,0.5796608801512727,7.27910942018566,1.9620581204280607,0.5342580468310637,0.6490597143720856]],[-256362921.26269943,-256362921.0169208,[4.555090776483489,0.0,0.5656694060699232,0.6940126281345425,0.68324544878288,0.6604630192606118,0.579290732895068,0.5462347418782274,-0.131694884633912,0.8717946459925466,3.9188590802611447,4.535549871672601,0.6983090021360312,0.6833862162352587]],[-256565027.509854,-256565024.5380609,[5.571961540322183,1.0,0.966649532835775,0.11202711910899149,0.833157194984119,0.8152517304467692,0.49372778101329334,0.39162383217516317,-2.4364469884815128,0.834856697400674,3.0287931438509865,1.6963873871425719,0.501327007052536,0.4601049119546857]],[-267796665.94058967,-267796665.94054484,[4.853730973076167,0.6351732009895503,2.178821628640189,-0.02340370853623711,0.838591850098588,0.8819074508755997,0.7173758264600963,0.5818226251269089,0.12358406507678901,0.41577589939065945,4.527806240723515,2.7452028371301163,0.5536033314760653,0.4967806394882294]],[-272885640.86850566,-272885640.05323267,[1.1637450195300927,1.0,0.0,0.6196572090230225,0.5702314641921032,0.727035477463408,0.5934645139708761,0.9123391874474835,1.8537578318779975,0.218207276218723,6.716844221599555,1.747900057447798,0.39814698411578187,0.6980686973939716]],[-274082649.2475068,-274082630.4059683,[8.585265123591306,0.0,2.025274611960421,-0.4925930471046708,0.3417760798939159,0.8830442096751266,0.705491747946136,0.11527739504246926,0.2086661426641796,0.37664101251798865,4.324571287678883,2.371959238398296,0.6940156337674885,0.5956850261157671]],[-329318043.28315365,-329318043.2737771,[7.494109179285747,0.5641146823503236,1.3798210003439404,-1.0901018233822408,0.36813214503048997,1.0,0.5053178455802798,0.5483811613850608,2.24043725527601,0.5840735618949259,2.8820565859267653,4.378375114760302,0.5829930834754118,0.4429221891846336]],[-333625898.2000965,-333625886.0764142,[8.832597468842586,0.0,0.0,-1.400624385077501,0.3571999239502611,0.9386091299847084,0.0,0.8328576769465571,0.4110016119393729,0.6717449776342512,4.94973451568989,6.479029948876734,0.3623373804103819,0.5899223755662136]],[-348616720.81469023,-348616720.52469003,[0.0,0.0,0.7764422361277993,-0.11211052330659281,0.503002323687584,0.5211763529814122,0.1970223447911716,0.6558307016330664,1.301596126935825,0.6399793556359417,2.418060685399248,2.1861745815951874,0.4939392845265973,0.4841951833689639]],[-354264351.05439353,-354264351.0536945,[8.056882466002323,0.015694196230864654,1.9466798641453864,0.12153450227583482,0.34951478359054194,1.0,0.3598098973890831,0.38252895865528047,-0.3772376634907072,0.773617317814891,6.094917523900137,0.0,0.46051422622204785,0.4958040779846801]],[-386907207.92028016,-386907204.6224357,[5.22672207590824,0.9932963426960078,3.141592653589793,-0.9909555938978797,0.024163112442824708,0.9633925538188745,0.7778554040252004,0.17396140641787933,0.3334073130424814,0.25750780835894416,4.079917397216199,4.8293748730924655,0.3296603678854,0.5066406632969963]]],[4.753256990607254,0.6400941430977124,1.8150357114447055,0.24453347345011664,0.4271474568177666,0.23273631181434062,0.5484930425956833,0.4457221810157561,0.2810716561326102,0.38502553522203026,3.713812505306152,3.3681552521858245,0.48771022247255874,0.4318184490152364],[23.51084923751504,3.6001459481744673,9.296054406429837,8.99430619595796,0.25221604275904963,0.2661772276025883,0.23352329988330672,0.2405740208013461,8.791734898048084,0.24543409620650647,15.74884618327907,16.724154787473424,0.04019402102002008,0.04038971520243928],[[23.51084923751504,-0.17756718947372327,0.19415110300624483,-0.41529067483548804,0.06744688948539126,0.05714323618982071,-0.04205159377200795,0.05409215792311054,-0.15556209867074283,-0.07103137416369829,0.6231098108182341,0.15273653293601613,0.022544544954755788,0.02188725808185344],[-0.17756718947372327,3.6001459481744673,0.004594385734887242,0.008578852879778212,-0.0003490633307983794,-0.028789654754919944,0.01427754015047037,-0.020675907023761497,0.11359849949633005,0.011713167352958763,-0.13478641502771266,0.0917462036242663,-0.0023222358089111587,-0.0037847028958543243],[0.19415110300624483,0.004594385734887242,9.296054406429837,0.10351001514520627,0.042479805294171814,-0.019863175915610324,0.002810871355623805,0.01839769648287547,-0.2698173477518576,-0.0018780362840116105,0.175677104394884,0.28095313356870744,0.008631660329232727,-0.005993471226573272],[-0.41529067483548804,0.008578852879778212,0.10351001514520627,8.99430619595796,-0.033206962538970035,-0.020176484302213804,-0.0043771323499790255,-0.012856231577272207,-0.22037408278451237,0.042835225154207415,-0.23367799062483358,0.055708513078525174,-0.01285821196486823,0.0018851763338563613],[0.06744688948539126,-0.0003490633307983794,0.042479805294171814,-0.033206962538970035,0.25221604275904963,0.0067722890515487634,-0.0019405443638839804,-0.002251744343783792,-0.04420144432514997,0.0015744698727338826,0.09322303577911052,0.00233331726639529,0.0024469530708536263,0.004378481814074502],[0.05714323618982071,-0.028789654754919944,-0.019863175915610324,-0.020176484302213804,0.0067722890515487634,0.2661772276025883,-0.004206203526499115,0.008676989574676906,-0.06495383808582074,0.012229665263299275,0.0918230977548565,0.10480985248021088,0.0028876802431233375,0.006074648491024433],[-0.04205159377200795,0.01427754015047037,0.002810871355623805,-0.0043771323499790255,-0.0019405443638839804,-0.004206203526499115,0.23352329988330672,-0.0015913294484484104,0.018518655092737424,-0.0018749303214272808,0.01554726241546739,0.027342988612418496,-0.0024567691634256265,-0.0021770417290060758],[0.05409215792311054,-0.020675907023761497,0.01839769648287547,-0.012856231577272207,-0.002251744343783792,0.008676989574676906,-0.0015913294484484104,0.2405740208013461,-0.038028268705620726,-0.003707417520334899,0.0016397059696070225,0.07534787349438564,-0.0004244997719717088,0.0013984346345621277],[-0.15556209867074283,0.11359849949633005,-0.2698173477518576,-0.22037408278451237,-0.04420144432514997,-0.06495383808582074,0.018518655092737424,-0.038028268705620726,8.791734898048084,0.001069426409637726,-0.01004959692014734,-0.3953784527990098,-0.013187730796963646,-0.01777426870307744],[-0.07103137416369829,0.011713167352958763,-0.0018780362840116105,0.042835225154207415,0.0015744698727338826,0.012229665263299275,-0.0018749303214272808,-0.003707417520334899,0.001069426409637726,0.24543409620650647,-0.049596480421201704,0.0412200511122115,-0.00026184796045251684,0.0024269686804408675],[0.6231098108182341,-0.13478641502771266,0.175677104394884,-0.23367799062483358,0.09322303577911052,0.0918230977548565,0.01554726241546739,0.0016397059696070225,-0.01004959692014734,-0.049596480421201704,15.74884618327907,-0.525397492132346,-0.012943810979315535,0.006353375720049509],[0.15273653293601613,0.0917462036242663,0.28095313356870744,0.055708513078525174,0.00233331726639529,0.10480985248021088,0.027342988612418496,0.07534787349438564,-0.3953784527990098,0.0412200511122115,-0.525397492132346,16.724154787473424,0.033083119932870476,0.024856315578074627],[0.022544544954755788,-0.0023222358089111587,0.008631660329232727,-0.01285821196486823,0.0024469530708536263,0.0028876802431233375,-0.0024567691634256265,-0.0004244997719717088,-0.013187730796963646,-0.00026184796045251684,-0.012943810979315535,0.033083119932870476,0.04019402102002008,0.001263787095659967],[0.02188725808185344,-0.0037847028958543243,-0.005993471226573272,0.0018851763338563613,0.004378481814074502,0.006074648491024433,-0.0021770417290060758,0.0013984346345621277,-0.01777426870307744,0.0024269686804408675,0.006353375720049509,0.024856315578074627,0.001263787095659967,0.04038971520243928]],0.5955544210727732,[[0.0],[0.0],[0.0],[0.0],[0.0],[0.0],[0.0],[0.0],[0.0],[0.0],[0.0],[0.0],[0.0],[0.0]],[[-0.3737912261194352],[0.5305718858005557],[0.5888708743418571],[0.6174066632668859],[-1.103643888798521],[-4.048780224817046],[0.7346215762996732],[-0.8222552103559463],[0.7096595443696284],[-1.741749290792528],[-0.5419321443236361],[-1.196477782611945],[-0.46544489973830455],[-2.582207455850686]],1,100,-70384372.7762331,-70384372.72305661,[1.9189233566900517,1.0,0.4775857788313058,0.43977217705809013,0.0,0.0966852183376356,0.6195186354116342,0.39328027046292086,2.3445512423815313,0.6169575264711895,1.3987956996709485,2.4080034107863337,0.35691097197445476,0.35471518061171114]]
