["generation","mean","variance","covariance","_sigma","_p_c","_p_sigma","iteration","num_evaluations","best_score","best_evaluation","best_solution"]
[[[-52512110.45785992,-52512110.178268254,[5.1166062330024715,0.6000216586914403,2.563321714804928,0.2220553198963504,0.8479595780157312,0.1387567922437002,0.8049705609764,0.4873650781557674,-1.591757069741878,0.4482450029596955,1.872392366174005,5.414055332476853,0.37654260720212296,0.2707777486194775]],[-53180943.77470779,-53180943.24166441,[2.6210430305447403,0.0,3.141592653589793,-1.3399088922042943,1.0,0.0936233154371332,0.35759930874606116,0.6546498705998534,-0.32057962203650536,0.3420817630642995,5.427810291162572,7.112356520153192,0.5541296420079281,0.2849330872360004]],[-58250063.95228788,-58250062.874096274,[6.609799337847431,1.0,1.006229108405659,2.4054995482645327,0.4061543018864527,0.2625530011650541,0.9830378682737009,0.5697567349076097,-1.4165366823628793,0.3059875615811782,4.431901106883665,0.42060647721073563,0.47652771393857507,0.28382354253660136]],[-73158295.78370981,-73158294.30401486,[0.7647957356048769,0.9757816043193748,0.0,3.36138926585499,0.0808900645164003,0.058460638831811684,0.22620367411069536,0.5417392015260963,-0.4812312044132697,0.1,0.631146246415875,4.631664716479277,0.5503028234446917,0.4974910712063908]],[-73284790.96932068,-73284749.45198125,[4.07132913208024,0.7134451520537848,0.15824012917403962,2.7401075548767992,0.5831226890666926,0.33778882949631284,0.28782145500703854,0.15737699839608676,0.7109013875701515,0.2543835107724398,6.39605643432204,0.0,0.6345671779148289,0.32033770530837236]],[-76537841.65536371,-76537808.082686,[7.444151645574134,1.0,0.5233798488877746,2.1774318287612475,0.33584762554739356,0.18812730250298132,0.061944569161262175,0.5592234834485469,1.6965616242839792,0.47905378307366625,5.713423439699475,7.509914035333217,0.39443816262649944,0.41532338695147053]],[-76889940.4939133,-76889940.48462436,[0.5709906161954716,0.3097622710909793,2.68647465821605,0.6842535946559314,0.2560262865685573,0.0,0.3381625222758454,0.6343192589989872,-0.2011809745112385,0.7526163187963044,2.9503647389640997,6.583359782216821,0.38629369391529084,0.41889538472611076]],[-77187664.08354713,-77187658.41953415,[2.220874377435244,0.0,3.141592653589793,0.260050245691113,0.4682797527246831,0.011834105220630498,0.2540059378196042,0.8560608248096979,0.3930866976976325,0.4493072039498864,6.623927679439877,3.945662910560069,0.4715501121066009,0.5007067126888359]],[-79148184.6802828,-79148184.39049011,[3.7049649069830295,0.5538386708567173,2.084956010801775,-3.0911830301942205,0.1503458255648341,0.15683556062926912,0.9996735305879411,0.7827106337228593,1.346039431457511,0.1,6.409530817457728,0.7149940849493177,0.5815443380430566,0.512494678519504]],[-80009557.62592079,-80009538.38637632,[3.308457764305321,0.7936290031154669,3.141592653589793,0.24085898728620694,0.5384219911131757,0.0,0.3835226018860557,0.6252049448502419,4.0,0.5661274468573269,3.784837487083645,3.8439171847818745,0.5587111812506772,0.4745478902798328]],[-80285187.75443433,-80285186.79747802,[5.826089665441386,0.0,2.726049405963537,-0.6918495718023893,0.6743163191007521,0.08685469323359118,0.8317750321659527,0.5633513226382837,-0.02383732490331352,0.16466107685435993,2.5143071806433137,4.613693078958218,0.42060756336091787,0.5354082561672899]],[-81080073.29326126,-81080061.13986725,[5.75750464209541,0.7404232151530483,2.0376211991288757,0.3456189767158688,0.5905979849351751,0.14079885018724453,0.5891716678874743,0.22501622333597288,1.5219371172856007,0.2772747767499707,3.4815831212485397,6.781755860009088,0.5803153362066485,0.5177146217038815]],[-83520929.31084687,-83520928.77004081,[1.517912483656482,1.0,0.6171132607603168,2.2813916297845402,0.23037829126709908,0.11066579990807451,0.627653608304348,0.7371154814519592,-1.8563307225320806,0.2604580255989962,4.634129485067998,5.136077811486935,0.3302762501479384,0.5108158285289519]],[-84550162.88325487,-84550159.27419019,[11.200490359229102,0.7273060730983729,2.8171058104021807,2.083537911240452,0.745966163387269,0.4628279713310647,0.7281573116951091,0.1603990543617403,0.030261785869380935,0.45679811781363516,5.240543615603628,5.785240753195742,0.44355518518945697,0.40442030678131424]],[-90024727.21362735,-90024726.78474092,[5.559240761072569,1.0,1.7779686432069748,0.04730960737419748,0.6565900493783456,0.27058413009072096,0.4471506242194081,0.5173877445811079,-1.9151202725999066,0.771072649749489,0.757984980949221,2.0082618130839176,0.36227622685346245,0.37337885918776365]],[-90894625.89713101,-90894625.23076898,[4.693077110808033,1.0,0.06860217416802206,0.6788124736896087,0.318171816158034,0.2014812949862697,0.4501402847486329,0.6464010842103161,2.2527561375024874,0.5241588787067752,6.895956171217632,5.613193508720335,0.4616744805769838,0.46394493562924916]],[-91973831.74236202,-91973822.19677019,[3.5288835276285,0.966392183627052,0.6027828970015079,0.3755059371718682,0.15596657807533876,0.16760628689622947,0.35132615149161195,0.16158369086125257,0.30005989426414637,0.27305399613652837,3.069041192725496,5.688740202682218,0.6380354392733142,0.4749386058994647]],[-92658241.49995078,-92658234.38605863,[3.239905808984885,0.10226698593943434,1.4377337582585379,-1.0561252132671548,0.6645372220251919,0.0,0.8412200046594224,0.3903838254018942,1.6567721893122682,0.5574773470077721,8.483485237845763,7.865291629610752,0.6412266086011092,0.5552944626347824]],[-92959290.42865174,-92959288.33036494,[7.888109888185137,0.0,1.0311308356696882,-3.215011360206386,0.4386447461359166,0.0,1.0,0.6154420182938347,-1.0788485421198633,0.5540898472342264,5.969539992590516,5.873298147673455,0.5270708762956778,0.570852280495958]],[-95555857.92872992,-95555857.92753011,[9.694678557598898,0.9370228692051661,0.2137458543921107,2.202326426786403,0.45159084625876744,0.5540036198355042,0.5226623186844843,0.3559932183515836,-1.2528660017872184,0.39883390151176956,0.6668516635295192,4.830052453498426,0.571705967960242,0.44914012372341566]],[-97493504.63791999,-97493490.4655394,[5.688241579811017,0.33471482353334925,3.141592653589793,-0.6597201337758495,0.5792746840226806,0.2774015650364794,0.7426476092357659,0.07586754717364053,-0.1072703250562253,0.1990666602690797,2.877855323964997,2.183030140728741,0.5026428141846726,0.4882642594298212]],[-99579868.96479133,-99579834.70208728,[6.762056266231885,0.6893610197885935,0.8097506118872301,-1.4514037424729098,0.45340440877410637,0.13007388297072164,0.5757944975120415,0.2585438928564082,-1.762147460877637,0.761379912310927,4.504354515672526,5.846672679372679,0.5682182468167917,0.47546909500809087]],[-99839150.32778443,-99839149.74258989,[9.250160989530784,0.0,0.2724316955366517,-0.5389202624099831,0.3401659969876394,0.3561351239980617,0.36467329080945576,0.3928294544987471,0.13391573085755606,0.23647817915354752,1.6095320741875279,5.394156354448976,0.44439449866489683,0.4633461481598466]],[-101135874.09068057,-101135873.92018235,[3.550575837432204,1.0,0.14206146392247754,1.3740577646129863,0.32555976417327215,0.24098122986798431,0.7974815642696005,0.5206403798509923,-1.2049053368873615,0.6813133923950463,1.8434718885896286,3.2921437400008613,0.41880006741081716,0.45327173497755624]],[-101456815.6530087,-101456807.64846009,[4.6732638849092885,0.0,1.0404970288782405,2.5913281498181955,0.43617691360253535,0.5499334588309476,0.4254208488419773,0.74468000781135,-4.0,0.43816077080972843,3.881562605413723,0.9123949784344028,0.45894559064686885,0.4375711716510558]],[-101685133.72345023,-101685112.19764358,[5.927178257335593,0.0,1.9944141286554073,0.12189847715495354,0.2786146270502778,0.35067451155448304,0.6750537355211739,0.24641706327112117,-3.493391360762263,0.6212948537833292,5.89346455441745,4.028676419099061,0.6142547157374185,0.3592735766011368]],[-101884670.98082204,-101884668.64059031,[2.4438260200536432,0.0,0.8048620192819309,2.2809388975187788,0.6736331796154902,0.11865319897729543,0.4107052978927792,0.8034382275643535,-1.8080100434935922,0.5594898153046844,4.466001189292783,7.718666356639718,0.532995323972203,0.5767248866358539]],[-103162804.47181474,-103162804.43582827,[5.976927953927958,0.5754805979721864,1.7920812725060813,-0.35563869716100194,0.19756615098518937,0.0,0.40682498343334367,0.521495194197515,1.648875266250379,0.7143349951524199,6.904804382623922,5.545289998058491,0.3820064341362891,0.5864507646554183]],[-104262578.37512645,-104262571.55354542,[5.548052686969177,1.0,3.141592653589793,2.662839703405064,0.5232859386715142,0.6561103654806252,0.43217792099921304,0.640767947912037,0.4241426997929105,0.5464350431070769,7.714523789161683,4.425544907416066,0.5138675285858871,0.4174789860157413]],[-105311575.27481025,-105311555.00230628,[3.966190609870557,1.0,0.19057803585956967,-2.631918897583454,0.6220586828569246,0.3012190354063968,0.7404599143491419,0.991869040221568,-1.0955746191848081,0.12783622550530638,6.890748327851767,4.308967773586064,0.3960027089168957,0.5510720464164934]],[-105491436.88683721,-105491433.5333789,[6.034262848972844,0.0,1.1871652249329563,-0.7140759484040873,0.20067559741326424,0.2957509056797619,0.31040803959932683,0.9300836212108448,0.813112723210154,0.12493938951581379,6.47000108315757,4.44267173042675,0.44693520636398243,0.5702158210037311]],[-106906578.1396921,-106906577.28722584,[3.6558553464123618,0.0,3.141592653589793,0.4723817805958398,0.8749352011629924,0.17395411093334973,0.7348677175594855,0.5587577594698964,-1.5945553629235607,0.4450962856060443,1.5050252263501744,4.136041631651589,0.5842780783062755,0.6198533736174092]],[-107287425.25151698,-107287425.2486636,[7.075674999171312,0.5136747004460058,1.879256972080292,-0.3849571290380852,0.5112962958570506,0.30492900466864037,0.6844028009759422,0.3523818211443092,0.06389666414087959,0.448197193404056,4.763903562243751,5.357052364373783,0.5243342094997148,0.531814775453671]],[-110534716.30056629,-110534714.47278816,[2.9689595002319344,0.6643731447272616,3.141592653589793,1.7719833424350007,0.7388722301822878,0.3350686227697547,0.33861123243557445,0.0,-0.44605515591627654,0.5466159267666357,0.0,0.5744128210169444,0.5462572679925567,0.47781605278739064]],[-111458093.7638009,-111458092.84412467,[4.88957512598455,0.0,2.5852667388007804,1.507586414605304,0.7688442512364169,0.6050024126764585,0.49064721528348637,0.5644443276042781,1.0250358661241157,0.1,7.4632169130318164,2.885985247149008,0.5765595991868234,0.5364688628723767]],[-111810320.05974166,-111810320.05725253,[5.609418915370396,0.0778889547675799,1.0425544223766634,-1.0879830107370434,0.6786564774893158,0.21538445057744687,0.6648102592318312,0.5372671237549592,-1.2444819504265645,0.7841642732127113,3.009599501685505,5.507265381005761,0.3662529617507101,0.5260101310286402]],[-113632620.20297568,-113632571.39655519,[7.1548915879535935,0.8874284525292601,1.3619857463641238,-0.1668014927248639,0.7794107835472444,0.44015675676527416,0.6267069498823978,0.0,-1.0677269419878046,0.3924592983500388,3.712513846453113,5.834209980785157,0.578479413620554,0.40292716645841753]],[-118649131.05695835,-118649130.56065291,[0.6766097335138932,0.998621440590955,0.2573204922771428,-4.0,0.2983056766438364,0.16920323089360068,0.22451047692953952,0.41577788701533414,-1.1740453142080116,0.3599507585058269,1.530067047454346,2.914634320016133,0.3770115015719256,0.5045635861857183]],[-120499782.22327651,-120499773.9001677,[7.350254408985615,0.7688729504846558,3.141592653589793,1.4248646549439905,0.7565940693132129,0.7725643920943365,0.03522934378528342,0.4023051937412703,0.4337972891149975,0.3312142081115169,2.810945895529266,2.881403840522432,0.4045449118223111,0.558186941128381]],[-122745408.61221902,-122745401.73781425,[3.0964328826638465,1.0,0.9787181727268888,-0.26834016288475726,0.43836048463376237,0.365924880404082,0.5358886408147928,0.10306630996670002,0.18910763891414972,0.5977457624774584,2.3876119967303175,4.33839386742041,0.3415582997719555,0.5033198285438567]],[-123641483.19756554,-123641483.1283657,[9.669346149852014,1.0,3.141592653589793,-0.11300109187037927,0.8852188135263239,0.31771768748530294,0.6303936451159532,0.8809544490793478,-0.8413544068241146,0.8189222018823996,1.8798136904175404,6.580792549030662,0.48526572650728417,0.49005222170598856]],[-123760108.79873602,-123760104.43482697,[3.0567767451618546,0.7300542155559978,2.1019532697135976,-1.2832355841448901,0.23539457899915012,0.45846656818207476,0.40933564627796004,0.7973353654692166,-3.0742197455906934,0.44276540956246835,6.649154413085823,1.6616605609707813,0.5518506083114421,0.44452604152858816]],[-124910790.17349386,-124910790.02291226,[5.2705439138704255,1.0,0.52341833777685,1.7979380528361455,0.4806998687935558,0.9694149041285504,0.5889876765494486,0.6970829156993752,-1.118882555703387,0.7000112962199035,4.791190101990379,6.807650016267095,0.5569972378581893,0.4392248215261482]],[-135836168.99978092,-135836168.99836218,[7.187586730995397,1.0,2.9666088948510563,-1.0994881556981861,0.29589122592161954,0.4588462577449611,0.5105783848289656,0.3042951785120993,0.25739505536911467,0.31218827527518933,2.788954521256831,5.221425672886728,0.5855727334605827,0.5127056129612492]],[-139757634.16597936,-139757613.7652334,[9.546901748791267,0.2787853333900362,1.3253504546781074,-0.014575124784360035,0.3648211107505144,0.5071031868975178,0.5239744975318466,0.2879429104504646,-1.4254240110865335,0.2940683897664399,1.709852852871442,4.508890234891172,0.6581095109702259,0.4788656556108774]],[-140780994.34702063,-140780992.06107855,[4.145194187716198,0.36919839330923754,3.141592653589793,-0.35504023383671734,0.8494775059763457,0.32896722741016426,0.16470107280268437,0.45754446536523735,-0.9496369211662313,0.9,3.8437988397695375,2.960166833356622,0.5866887974209634,0.5283778963041847]],[-143293699.8356394,-143293699.8353775,[0.4592525025259864,0.5843615026916286,2.6211851397126273,3.1765640064215663,0.30519976961459444,0.18115447444920507,0.27917445123207174,0.6383336513318589,-0.560706270936919,0.6726643181398175,2.7100946799511885,3.0825785732597244,0.7233773213503232,0.4528970626548732]],[-143509824.78788075,-143509824.74909794,[2.6201141421203076,0.5600536893767496,1.7205457806641649,0.13457940552678266,0.3484824553517406,0.4371843454342018,0.3302739265973356,0.32466321330373693,-0.882287927412223,0.3376700930488503,2.321997248068746,5.398049619368634,0.556729894044854,0.5955313716735187]],[-144962178.3696739,-144962178.2563169,[8.45424257199619,1.0,3.141592653589793,-0.8060000684213231,0.2518573792444192,0.5216345556487544,0.43500753059667563,0.4729480179280485,1.8272970520039553,0.35542590349345093,1.7309959703633773,1.9151657487162326,0.33476902782129325,0.4852877593894643]],[-145022829.6801411,-145022829.26796383,[5.019618607789533,1.0,2.6471807454758602,0.4942658452206987,0.4125280911672439,0.5268190735317861,0.3640430317343091,0.18684118645648107,-0.633195992763097,0.7263306782672732,1.520892069726496,7.061687213322758,0.3935329467393994,0.43355267559065813]],[-149735464.06126598,-149735458.95627308,[4.6134108365285815,0.0,0.0,-2.4563926755130425,0.4036218091186924,0.5342464699536715,0.0,0.5152892754869146,-1.2463274288485162,0.1,3.8439856553623692,3.426825379464854,0.5715594295374848,0.497389821406661]],[-150568144.55436248,-150568144.53901947,[3.4453668552308816,0.0,0.2541167285788508,1.9773295484213944,0.2599347738139778,0.8085977699943419,0.5561308185127077,0.7733145082028323,0.6175912253390503,0.5877289174133344,3.9971618313688064,4.801198539963949,0.5296033336592525,0.586083809494744]],[-151498106.381788,-151498106.29456455,[8.078061703791917,1.0,1.841817891811647,-0.16053079093616662,0.5359879553850319,0.5269257659787845,0.25427352142314696,0.6668491287810083,-0.42813252876961055,0.6820629286851358,5.278036631673892,5.623829807864238,0.40436564749335985,0.4395248380582717]],[-151758182.85243607,-151758182.67449534,[4.988555652766238,1.0,0.8435923169716502,0.031033035782218815,0.5564409990705109,0.5550394365377033,0.44219804621213754,0.5190286687556095,0.793671789757048,0.4843095160251664,4.718618026022022,3.4259884792746527,0.40910611254377394,0.47504542221430884]],[-153056394.26384076,-153056369.18794745,[10.032755415450092,0.0,1.3555670764496672,0.8740942504330216,0.5703426710774269,0.4101000407522713,0.5081888714362959,0.0,-1.7709675727820628,0.7123355356319943,2.519559631686616,3.613392638194668,0.30247518452770655,0.5378634060603864]],[-153497717.36752778,-153497717.1759357,[4.691304691251121,1.0,1.0469472732915672,1.58233630158474,0.7546603149558433,0.42582241832371376,0.5485874112070047,0.7171010290595465,-1.7782389140993606,0.7230102758898137,4.589423924426977,5.751411370491257,0.4857312642230883,0.6794340689216583]],[-155607305.40367875,-155607300.9806378,[4.712703589839299,1.0,3.0932245035870314,0.6685422263839665,0.34353044028772417,0.5166366978190269,0.38915506456628074,0.3471641158213046,1.0448823854695692,0.556320079662689,0.0,0.9171879737974669,0.6439582120947277,0.5193751373994927]],[-155905766.72652987,-155905763.06139863,[7.374459832209803,1.0,3.141592653589793,0.11490632861341496,0.2987474093935497,0.46427842630736854,0.3223793323124021,0.8411886667635672,-0.612499672254795,0.9,3.217774249043355,5.860543907742436,0.5665851233276247,0.4522070710038728]],[-157115095.27471894,-157115095.2731793,[3.1373378359909996,0.9545838054292985,1.9820584437084086,1.5346835480680459,0.9135676199921909,0.8570308075525692,0.21917560038815864,0.5900119509516542,-0.22851341733468478,0.49998896867074394,3.493412061677114,4.153872189387278,0.732027359368752,0.5613281089104446]],[-158046226.84541744,-158046226.15524518,[2.5712251817478142,0.8037651266153361,3.141592653589793,1.5164137182503485,0.4430854452221852,0.5273271236523656,0.2301862090630063,0.7802045966775718,2.5437766941601447,0.5784028368056597,1.815819209960639,4.2345435666561615,0.562956610744521,0.5850784131718377]],[-158131428.57315573,-158131427.6967101,[7.815979821052738,1.0,3.141592653589793,-1.394060336682488,0.6964577159418959,0.46748979212452624,0.34589541142673574,0.3493659364332891,1.0445373375749631,0.9,4.274788118990801,4.196250435247985,0.5962761497433136,0.46533916585229673]],[-159157194.7825317,-159157193.47540915,[0.2006701067282437,0.0,2.431832931022517,-0.24785333765975504,0.3475902548687891,0.2189063462272604,0.7808833175194243,0.40650442266141107,-0.5946073245314569,0.1,1.962285570006058,1.080702601016784,0.5891538694126266,0.6033277819952008]],[-159805413.44131535,-159805409.41793025,[5.0590005925393315,1.0,0.633084298285386,-2.3750556256399165,0.5019424440280714,0.5717531321864753,0.5983912302815444,0.26978048489206957,-1.9675092215945567,0.2825076583154522,5.310452027196451,1.7395005276304034,0.5203930346965069,0.49057326202980067]],[-163959487.57302514,-163959487.2767601,[3.4505000436340088,0.0,1.3701046585612155,1.0487776067553929,0.5443506359968185,0.613366060562969,0.20000042978657412,0.41605138674813663,0.11168016333281637,0.4245828189237979,2.299046139688388,1.9675664189076243,0.6180620140087585,0.4457034084599271]],[-164274486.29841426,-164274484.77607203,[0.0962189791164132,1.0,1.2052648409858424,1.6991712503786651,0.8386893063851366,0.3752599274533662,0.9454457190626901,0.46622344944208793,-0.27046978742408867,0.1,6.180886748366471,5.150125590725342,0.33817665404848735,0.38550802007532914]],[-165928726.71238422,-165928726.5366752,[4.408248178663721,0.0,2.232283948312536,-1.140624176527922,0.6729414539112373,0.5281224015527234,0.6479335123196637,0.5879410519955711,2.89734700959114,0.5969152448708396,2.8396043830191955,5.347071808759993,0.5248096191233383,0.5443420308482498]],[-168372376.70625055,-168372375.82343984,[2.2065519415643675,0.9669608832177417,3.141592653589793,0.1809472787468685,0.23502537801341422,0.48667181028164386,0.5777730073942688,0.6957714808279111,0.5210566356482872,0.9,2.4494974697891987,3.182537995368605,0.40874433697542356,0.4833226382676077]],[-172547680.57435676,-172547680.1105696,[7.558165362680303,1.0,1.050573215183335,0.7094988363774122,0.5050704057614563,0.7596136748265025,0.5554564018453231,0.48528106727084436,-0.948049157899662,0.3401197499087501,6.678810982707251,3.418577841598395,0.5310571389259634,0.4475345346283028]],[-178135218.1372355,-178135199.2526983,[3.6398341796508284,0.011190414840877072,3.141592653589793,-2.973537906341084,0.5562366167228655,0.7252209666389855,0.5468073168025229,0.11268278444828755,0.6127877854673996,0.1,4.238616948554559,4.178085022441925,0.5525558107804383,0.373580139459233]],[-183400840.23084903,-183400836.1361624,[7.92273220708869,0.8797133969866258,3.141592653589793,-0.4126986593522385,0.11080288572326669,0.6853344377246655,0.6728797140781246,0.2856384440781205,0.8470506507665733,0.20223966445263014,5.377488812833359,7.9691466185310835,0.5677631124645427,0.20205933444203517]],[-185300103.74880925,-185300101.3415323,[4.355804044171128,0.0,2.965556255906525,0.9830617165963522,0.42382606073680773,0.8910549575871245,1.0,0.7163275595320182,1.8278131669095385,0.9,5.2599932950478285,6.364861802681432,0.40108699655086893,0.5990990924986571]],[-186908094.6397573,-186908094.63956165,[2.0580732546810268,0.3426202359300573,1.432515748801132,-0.33643110199859666,0.2898040030257738,0.6440644620368597,0.7111067815063206,0.27503381791890663,1.28666442519955,0.7539144405160154,1.8990137796265851,3.2282564643862246,0.4562450331739634,0.4527673139511706]],[-187718534.73921123,-187718521.35509253,[1.2306438013768144,0.31974014958007047,1.3844667295617719,1.030170626415995,0.6387260342985532,0.617022833463234,0.5782556642443666,1.0,-0.6523255335028831,0.15189617625633622,5.015655121255386,3.6427975811294555,0.39815918424241936,0.47236609353423054]],[-188726834.457548,-188726829.00459135,[6.532708110911136,1.0,3.141592653589793,0.7248899540177333,0.5526639728190589,0.49342989648525437,0.6823900518877708,2.829355242617293e-05,-1.1063337357408218,0.6929316259424254,1.8130812655811677,0.12259615613429586,0.5726261476877856,0.74614832766045]],[-188736286.14389768,-188736280.99678445,[6.648860878665026,0.0,1.626952116834434,-0.9411044180027477,0.5843691640111321,0.6881953024835336,0.7310892709956538,0.38388652238007287,2.902505246804987,0.4136765188952536,7.174711508923664,5.221685278972608,0.3633800094967801,0.4021280931695908]],[-189928500.56626165,-189928499.97350812,[5.435465829632696,0.7738159471565325,1.1407164371848082,-1.8581457994198205,0.17426708632322702,0.6012659935561065,0.8274223289854152,0.28747794356684736,-1.3257820221930252,0.566192176978679,8.754247780993001,7.439775701435918,0.4198242233383931,0.6226047986902614]],[-190368085.93474048,-190368082.4207757,[0.12982541110848533,0.0,2.8672846536034076,-1.7697838027451902,0.4408680527902241,0.27939151231870274,0.819739246404005,0.23454520879120871,-1.0285850255475357,0.6267345914976117,0.5253461212421575,1.4531145387280149,0.6065781547897231,0.4154685664295051]],[-193830270.71229985,-193830270.58071756,[3.953615118499622,1.0,2.006618341676862,0.5168133794502732,0.5407479718059591,0.6558596129674269,0.7625823662452784,0.20930178497917779,0.8017053298733168,0.4812324787222116,3.543613062302981,6.531638120531715,0.48199266131061785,0.48443512306566283]],[-200575164.10378218,-200575163.84404504,[4.515030408469761,0.0,1.8500218771063313,0.2796830543490987,0.28252995114263424,0.6664224851100906,0.38929851438469365,0.47509201260710404,1.9481097386528414,0.5354033357365986,5.71115602008943,2.6741050661333086,0.47769040564021464,0.49012053958070306]],[-200842213.2450763,-200842213.13629842,[0.8315121554237805,0.6520461744444442,0.2863973864303675,-0.6789349006545853,0.9899244695749866,0.49857115976971167,0.6359484155183498,0.9089306723225206,-0.4154351708398652,0.12050692814616448,4.073634198734781,4.399138607596263,0.4169541118632905,0.64211680276141]],[-205207381.69840202,-205207379.90736127,[5.494462768877799,0.7919844361173032,3.141592653589793,-0.6857994665918822,0.9839915762919423,0.6877501312568299,0.5181811093136053,1.0,-1.331794537424988,0.2890984312314746,3.1719022536543156,1.2241452597094544,0.36506458031561106,0.3884575240306163]],[-212561177.6126638,-212561174.06013072,[3.1503947943806576,0.8960338438060472,3.141592653589793,0.2883008309595483,0.6854601649658888,0.7552244643722633,0.8981711198401094,0.13986615006540548,0.23965369394520952,0.490191298923641,0.7349201453480396,3.3156949196512673,0.3543493694376478,0.507424845809591]],[-212577564.21270022,-212577564.15936184,[0.7120320515388574,1.0,1.63678102418291,-0.794442449523689,0.9805402826628178,0.5115745888039032,0.32392878368830746,0.36489715916898846,-1.4954623372617313,0.5436687367158299,2.678508757172971,4.4253340781220825,0.5491654280033194,0.39748885339576356]],[-214013119.02344418,-214013119.02344418,[6.289842111645355,0.08216699786126236,1.0201366773841,0.29395084164492813,0.6440648922612622,0.7454666639999405,0.5364562240218924,0.6875034489106242,1.7344748332482436,0.33117514553382976,5.664884845576059,4.0125722377285475,0.5761899063706761,0.49994832679032586]],[-217798646.80757195,-217798646.32976508,[3.663082144008235,0.8635922944114153,3.141592653589793,0.15717677748536826,0.2074673652504011,0.7358716357697443,0.4866444084324328,0.7001958381908888,-0.8212871644464317,0.6243336660898184,5.174322906691113,5.1922646032453175,0.482191358128311,0.47612624968978184]],[-225696907.43449914,-225696825.09749913,[0.4219949511134464,1.0,0.0,2.648049435804519,0.6877687960376241,0.34347324846723415,0.10184166543759482,0.0,0.8691563559497804,0.26243675162631663,8.856296605857965,0.0,0.5084535680622791,0.6479055491106824]],[-230452180.47466016,-230452179.681154,[6.104257865139879,0.0,3.141592653589793,0.6404544005827628,0.6047143325565034,1.0,0.5727150028010677,0.569137825409932,0.770685228626542,0.4806350082976786,5.9618901891403935,6.133190396700541,0.3776972798893565,0.4570108309688311]],[-236059348.31821877,-236059348.02442312,[5.391369220493127,0.1403962795411683,0.0,-0.11418014644800484,0.39762839412338036,0.7148177854949113,0.2629769133428742,0.3661383762765055,-0.4336735507193114,0.6035659294637865,4.7778938250296905,2.9081588320388363,0.5578668347760036,0.592544114358474]],[-242303781.19915324,-242303779.78826308,[5.535232451426593,1.0,0.0,-1.0691395789553617,0.3234893121792731,0.8070846160377729,0.2917288230919844,0.9249542322430957,-0.5082048601525588,0.3114012776776378,4.743951561849106,5.1044256380668465,0.3394337368612828,0.4980367900781855]],[-243702096.0117738,-243701999.13632464,[7.586300152864862,0.0,2.5763882521067085,-2.476972487022428,0.09852160030817397,0.5081015547502399,0.4255550533686904,0.015668839712469518,0.08667383646414425,0.7649241083220069,8.229301508541441,5.345495938188165,0.5403875152071522,0.6437278292573163]],[-243973338.47316673,-243973329.64286637,[0.5835861938016214,0.3761422318626034,3.141592653589793,-2.9924043163596306,0.8368102785334897,0.4819028941396918,0.5163071286275881,0.6002007400339053,-0.6911580042446577,0.6428918483620816,3.7587987607536757,3.8270468436988714,0.45305296840565984,0.5609206230652505]],[-259365687.98714775,-259365680.0506792,[4.307882503475687,1.0,2.0886559726428624,0.7412083059760823,0.4103912869765184,0.7187984288771473,0.6723426567902171,0.4342825509533513,1.8868278703190953,0.8504494044005899,3.8406020784083568,2.4085055319355932,0.5403779993608571,0.5793363897695474]],[-259602356.94250667,-259602346.98485708,[7.677863266754574,0.0,0.0,-1.359465932535342,0.32264872101352104,0.9213082443481493,0.596590350919499,0.42738155846895315,-2.37607321746774,0.22630957868179252,4.999998164324876,6.637512590750611,0.3406454801855227,0.45057808424662604]],[-291224608.7420623,-291224607.5247395,[8.406790078155495,0.36525037499709007,0.0,0.27218996501665454,0.16425827473536547,0.7834971329821881,0.20724580873713955,0.9252377359650972,0.34081913623172727,0.6548468400788899,8.319915122230984,4.465492977297057,0.4175455057147068,0.6885797083995024]],[-296271412.97354966,-296271411.08081174,[1.380374746303405,1.0,0.0,-2.2426108672544336,0.25931689119091794,0.9316129182295592,0.39651637687626645,0.26324259642164893,0.47321273826736593,0.6250714973808285,6.103293161068972,7.138763483524064,0.6290311599207833,0.3516081903110504]],[-302188008.4469062,-302188006.68640137,[5.7146841520346,0.24808671362307394,2.197805353218504,-1.783019038928471,0.4571359003026376,0.8589191441033994,0.9565861992990934,0.31074495633351834,0.6080692252467346,0.6842156599374543,5.6021541923941225,2.0805498502097093,0.27435871564206765,0.6526400227776967]],[-307938085.6023417,-307938077.9641721,[0.9474905858409581,0.7368654995316509,2.378235826896856,0.4922429401397427,0.2898620158748485,0.8191377556362798,0.0,0.5186067646603282,1.4429698418097952,0.8103464977734381,2.6904222135465554,3.477386629376699,0.3638078374284849,0.49252351093754726]],[-326719237.4366079,-326719206.394264,[4.102950379133242,0.0,0.0,-0.9640874250989377,0.936660332918624,0.8768641076632387,0.09662722152375847,0.36677602312702107,0.33698987518052975,0.7788344907854803,5.067595112824519,6.92831938992423,0.4206523235135035,0.4255594969923145]],[-335036826.4202416,-335036808.31266147,[0.3038892901797965,0.5906106302398422,0.9156709185149705,0.971047013934448,0.6285857723018009,0.720068334749089,0.0,0.2931305527693198,1.7093175237407114,0.1,4.149307522269876,2.843222126916819,0.48144606293941516,0.3932109445838623]],[-381924717.9919627,-381924716.3807423,[3.0835030520186315,0.01816623051802585,0.0,-2.9766017555178106,0.9893519414548018,0.7909778838032557,0.8544948319395835,0.5596853912908646,0.5315549842494687,0.4083927058303791,4.438357819917659,0.4354892800229404,0.5849299940043995,0.4988640996751116]]],[4.491386116474887,0.5863223324249822,1.699026437169307,0.6553414429624334,0.5134556993399906,0.1638506422032628,0.542500944079058,0.5235491306100732,-0.1059776106850178,0.38925493798597016,4.117532659636375,4.5089125542329915,0.48888693287170315,0.4111082911975571],[24.959331633932692,3.584092909294473,9.303746296747153,9.50329742302732,0.2534749162570531,0.28131321138914694,0.257864165758141,0.23796418386794257,8.95683302698618,0.24128044505831195,16.064918655985544,16.85404235205789,0.03906078566845446,0.04361557890923297],[[24.959331633932692,0.06536669376867574,-0.15556546270933105,-0.12844684534292886,0.05780336080657769,0.1819237401523121,0.10835656095551582,-0.10185242107952815,-0.07130093399303553,0.04705667489703314,0.12115884845059087,-0.3274443811098292,-0.013524194333756524,0.005518185509040647],[0.06536669376867574,3.584092909294473,-0.125012902998527,0.22134008778813868,-0.021870161196141522,-0.0056995704358697675,0.0011401547856913154,-0.008232201841846268,0.01363200502661491,-0.00735426895749323,-0.09197321766444772,-0.1061551409432883,-0.002272442206066803,-0.004726692189542474],[-0.15556546270933105,-0.125012902998527,9.303746296747153,-0.5046125746533241,0.08953183958357484,-0.04485583429449903,0.030186345462156233,0.02806142071815262,0.043412446267380375,0.019652061543295136,0.05802186244540778,0.36528573006435744,-0.009596686706103108,-0.015378399833089805],[-0.12844684534292886,0.22134008778813868,-0.5046125746533241,9.50329742302732,-0.07108678981542708,-0.06464934208192095,-0.06575356333235009,-0.03575956734732474,-0.18425987039405686,-0.05221885773452397,-0.3742835120609983,-0.27513011265808535,-0.010420212619000955,-0.03870923578032751],[0.05780336080657769,-0.021870161196141522,0.08953183958357484,-0.07108678981542708,0.2534749162570531,-0.001310655832915786,0.005801969531882397,-0.0030292176719952366,-0.030659365482076376,0.0031819029295243957,0.014731749629929397,0.07879709039502046,-0.0008017757736990224,-0.007896117069696043],[0.1819237401523121,-0.0056995704358697675,-0.04485583429449903,-0.06464934208192095,-0.001310655832915786,0.28131321138914694,-0.004409664240527619,-0.009698960597647755,-0.006798195875141336,0.01625297993909256,-0.01421349276850628,-0.1446594391205309,0.002165845090308798,0.012373392719626602],[0.10835656095551582,0.0011401547856913154,0.030186345462156233,-0.06575356333235009,0.005801969531882397,-0.004409664240527619,0.257864165758141,0.00020333969966764026,-0.07184515657822525,-0.005084946322171986,-0.008657081606087729,-0.09507746076223557,-0.0018364888523472248,-0.003281886126881799],[-0.10185242107952815,-0.008232201841846268,0.02806142071815262,-0.03575956734732474,-0.0030292176719952366,-0.009698960597647755,0.00020333969966764026,0.23796418386794257,-0.0029416339182064743,-0.00028451004487037757,0.029492057872365904,0.026055824884435735,-0.0029132813029119635,0.0003825743781145926],[-0.07130093399303553,0.01363200502661491,0.043412446267380375,-0.18425987039405686,-0.030659365482076376,-0.006798195875141336,-0.07184515657822525,-0.0029416339182064743,8.95683302698618,0.0020332703722656794,0.5973874232127759,0.16477744003647143,0.023878033378032716,0.03138765880782666],[0.04705667489703314,-0.00735426895749323,0.019652061543295136,-0.05221885773452397,0.0031819029295243957,0.01625297993909256,-0.005084946322171986,-0.00028451004487037757,0.0020332703722656794,0.24128044505831195,0.000703813926806564,0.04129849255121538,-0.0024218649634080974,0.003820392637917137],[0.12115884845059087,-0.09197321766444772,0.05802186244540778,-0.3742835120609983,0.014731749629929397,-0.01421349276850628,-0.008657081606087729,0.029492057872365904,0.5973874232127759,0.000703813926806564,16.064918655985544,-0.1159186679957777,0.028684163746754386,0.0031399086757122052],[-0.3274443811098292,-0.1061551409432883,0.36528573006435744,-0.27513011265808535,0.07879709039502046,-0.1446594391205309,-0.09507746076223557,0.026055824884435735,0.16477744003647143,0.04129849255121538,-0.1159186679957777,16.85404235205789,-0.025222977499003353,-0.0046555781360363485],[-0.013524194333756524,-0.002272442206066803,-0.009596686706103108,-0.010420212619000955,-0.0008017757736990224,0.002165845090308798,-0.0018364888523472248,-0.0029132813029119635,0.023878033378032716,-0.0024218649634080974,0.028684163746754386,-0.025222977499003353,0.03906078566845446,0.0011662000173357965],[0.005518185509040647,-0.004726692189542474,-0.015378399833089805,-0.03870923578032751,-0.007896117069696043,0.012373392719626602,-0.003281886126881799,0.0003825743781145926,0.03138765880782666,0.003820392637917137,0.0031399086757122052,-0.0046555781360363485,0.0011662000173357965,0.04361557890923297]],0.6543338981417426,[[0.0],[0.0],[0.0],[0.0],[0.0],[0.0],[0.0],[0.0],[0.0],[0.0],[0.0],[0.0],[0.0],[0.0]],[[-0.7704996693203509],[0.326924464425901],[0.3091678982134651],[1.6546289875626412],[0.20384052083047263],[-5.092329907110092],[0.643847217298777],[0.35674600980386434],[-0.2675759766990817],[-1.677678026979352],[0.2225629262135931],[0.9636901573345837],[-0.42087990639095507],[-3.3665534139032913]],1,100,-52512110.45785992,-52512110.178268254,[5.1166062330024715,0.6000216586914403,2.563321714804928,0.2220553198963504,0.8479595780157312,0.1387567922437002,0.8049705609764,0.4873650781557674,-1.591757069741878,0.4482450029596955,1.872392366174005,5.414055332476853,0.37654260720212296,0.2707777486194775]]
