["generation","mean","variance","covariance","_sigma","_p_c","_p_sigma","iteration","num_evaluations","best_score","best_evaluation","best_solution"]
[[[-103009616.36185096,-103009615.39977568,[4.1354197323848885,1.0,1.441602358750984,0.8065773447612026,0.46527709136242634,0.06164363051377042,0.8718041450874359,0.4371338440855237,-0.07827878791898055,0.854341329135418,1.5644331874595925,6.654179140279302,0.5931260121580186,0.3131903624373565]],[-108684290.41183586,-108684288.9584282,[6.888452620190182,1.0,0.0,-1.4446721765598376,0.7984567208344546,0.17821837875548013,0.4774893251479095,0.42747498107044807,1.6430718928203152,0.18924895510176654,1.8304486350246134,2.2530135458166374,0.43305987377765537,0.45862386924540255]],[-113406270.16513371,-113406270.08645904,[3.085337079478111,0.49854682506446363,0.4663449805557742,2.493688361588126,0.4237886228425483,0.41902862796087365,0.7096164352438192,0.3869552645678728,-0.3357386383099762,0.1,2.91782087448016,6.321830398466751,0.6317123229759457,0.3745270089958818]],[-113487166.75403252,-113487160.47813457,[2.5269695762647686,0.0,0.0,-1.5291771885254253,0.4776972709489517,0.09024956946881346,0.3203522310681993,0.6261726429000573,0.44871248214339443,0.22953859729472215,5.797266468643652,2.9840778482580195,0.47446376542931046,0.4944958383574264]],[-113787344.81877834,-113787343.83533448,[4.9114559321290105,0.22293002456888883,2.6863930762135104,1.2130349672166243,0.278700391767829,0.3920811078924795,0.24036674361196386,0.8811266130437552,-1.663318597650331,0.29058844717646237,6.980131725144289,2.6721494526817757,0.42409842298110745,0.3548507996398145]],[-114919308.65540853,-114919295.5760485,[4.118610852279778,0.7598844044426034,2.014985275324051,1.3582887451426138,1.0,0.09609869050121966,0.14194835152300994,0.29359866056001693,-0.9051495141129816,0.5051467933323404,7.00095805032813,1.59473189414692,0.549629895279001,0.46297003095799294]],[-115560248.4186282,-115560248.37480018,[0.4040365704740738,0.45485001676741943,0.9760045654996343,0.7478683593175411,0.9473808642060282,0.0,0.600595511050074,0.6684155258998841,-1.703045092746644,0.9,4.374020642622485,3.1299051874169175,0.5173444996593439,0.397149976551642]],[-118160075.27709362,-118160060.91304934,[5.181306921675079,0.10084786178469518,0.10106531091860749,2.706390154979431,0.5793744751921127,0.660041205553112,0.6006261763588204,0.19424769239651596,-0.2709301750143916,0.5072622442890685,4.142287706344359,7.5419707974349475,0.41591824260094196,0.37486114027731277]],[-122396221.9617088,-122396211.89051002,[5.288608752617392,0.0,0.8236942487453279,-0.7456774867754772,0.45659804513654734,0.2564211824822098,0.31284528018035695,0.5574791021809146,2.3508476503831286,0.1333256450667632,3.091767880289871,0.8986403718224176,0.5862099670826716,0.4996603692248567]],[-122567758.44705908,-122567758.08188081,[7.125583114924185,0.018410708009532206,2.898491638676622,-1.0007954690478984,0.7772961799041838,0.1696252041264355,0.8921572244009512,0.6653567909249166,-1.5741431910234502,0.8784006228671233,5.709026234219706,3.363960673597631,0.30474782253915056,0.42669342961544954]],[-124059069.81303085,-124059042.24818218,[5.665905960171863,0.0,1.1128764086839982,-0.4667465234149315,0.11318487806951749,0.21994029173864316,0.09298150382054854,0.1650282616328167,1.189183440304745,0.1,5.2055740881757835,2.738944896799521,0.5598685615811225,0.5106848300852495]],[-127014206.31953299,-127014204.97064835,[5.657632032927641,0.19416894097059184,0.7926364355324553,4.0,0.38451486955741476,0.3554709330684547,1.0,0.3886649329833749,-1.5199543439211358,0.6289285224796138,1.7993486064501916,4.492002504141438,0.4891722050004484,0.4252772759536192]],[-128112678.02609617,-128112678.02609617,[7.25108755819394,0.07191456312952277,0.6532681780334451,2.4853580028723283,0.4264462201851829,0.20149761270812727,0.5188086002702271,0.5598245888056351,-0.14192909967098918,0.5941904927118727,5.8024685306367525,1.710705523729692,0.6567304075685343,0.4614928168302581]],[-128599794.09394658,-128599773.46210372,[4.617971710181,1.0,0.03139264438857814,1.7259796540685521,0.6588744476772765,0.2124337054080943,0.31387396005474294,0.22089295604738152,0.2389730729596447,0.2623081749148,4.499202051668183,6.554916451583422,0.44782301829567434,0.5169487034390513]],[-128757574.07924297,-128757572.7816152,[6.0918283466894465,0.0,3.141592653589793,1.9967535944413868,1.0,0.6662649652450214,0.3865006318318948,0.43961249797552976,-2.458907428426733,0.6951421562870814,4.684842190231407,0.0,0.4585890164039424,0.3715839736920352]],[-128765255.01225485,-128765233.81172085,[9.07937125402271,0.29131823439532234,2.1158611882395677,1.059536283751712,0.7520755217134223,0.2504124911953332,0.455373764113112,0.0980581797167091,0.776422216094721,0.5880748964648044,4.542484371470422,6.221730356125415,0.4524636574786147,0.44854832325351374]],[-142721506.80568212,-142721506.80481607,[4.0065023077144275,1.0,0.8915802385839368,-0.832987339805827,0.3376486286230311,0.3204950374950389,0.6396937721322211,0.4212377337635855,-0.05578153651099755,0.47941348738279366,3.997773122781674,1.6841917350793354,0.4882526985589152,0.4977001208566207]],[-143550110.49995002,-143550109.56047952,[5.68461551255039,1.0,0.46316385385017567,1.2820765111140795,0.7621708878306823,0.8085954009649212,0.6342477140369195,0.286737181988592,-0.8085745504690134,0.14535494454594616,4.29383836719985,1.907580748248248,0.3626709055256716,0.4642010965595919]],[-144159873.99825242,-144159873.87468374,[4.522898962343637,1.0,0.0,1.347331188135441,0.6971479781395007,0.3535555800969907,0.14188774611405358,0.41473304655049414,-0.5809933906634235,0.9,7.542789562614778,4.877989484573674,0.4825312529390963,0.3601312069666221]],[-145025623.91802162,-145025616.30028522,[9.72592663260862,0.2594312320494535,0.0,0.44709500627247334,0.7625816913417222,0.46270344056728835,0.444210091029793,0.54354296250605,-0.40319429799076395,0.21463268746414976,1.4138136201304081,4.236066035086541,0.42332195267664496,0.43913337037360817]],[-147061211.13709986,-147061193.1550278,[4.580827474291245,0.0,0.0,-0.38736213052162966,0.3572023624007367,0.4967696761171999,0.3291857969482185,0.16213393139570664,3.4501044719324194,0.44688873391108713,3.885370457376583,3.927568920936469,0.4915741546807017,0.3566870974846128]],[-147287188.9513122,-147287125.04216284,[4.440296480091581,0.0,1.2175659748453198,2.1751807476151237,0.4467829120599665,0.6591049400193422,1.0,0.47389097298023264,-2.9031564221531334,0.39899709946167017,3.5806579420433597,7.929412049933996,0.6480507792063277,0.4811099687601016]],[-148269820.398075,-148269807.82146168,[5.0772003680678335,0.24230815754577184,0.0,-1.7905565210732357,0.22031093634233823,0.3079130559819412,0.47639517375556606,0.35939765814257774,2.9781633658786038,0.32225987147897056,3.2647038300870297,0.0,0.4813417084141872,0.5521503176776197]],[-153361218.33793274,-153361217.0222276,[2.753291232343643,0.0,2.9354568789538256,1.281120223268405,0.901531686653789,0.21961391086929205,0.43196046374850744,0.6162792578551771,0.11735088035422478,0.4134009672065781,5.797679320757728,6.834242559773255,0.5732244760391858,0.5670160063458519]],[-154112120.46898043,-154112120.1711415,[2.8199890403226364,0.8720818359193698,0.0,2.2760377181986766,0.19259922956114578,0.3870141568129427,0.5823174097266824,0.7452039802923931,1.1643229691197166,0.1,3.5770155357623397,5.485998856335514,0.5549961529813967,0.5302229583051783]],[-154921656.80448037,-154921579.22598624,[5.1687360709414705,1.0,2.1061558465103616,-0.6289640290960241,0.5441707055075546,0.35309209556192206,0.0,0.7491184227864258,1.1705684251576816,0.7662180469968299,8.795042798083108,0.6958285161692181,0.48711531186984347,0.4680737978316567]],[-155094234.2005665,-155094219.5728758,[4.005738524882145,0.0,2.673811869869253,-2.197970342651535,0.5660584855769658,0.4264609560501328,0.5473604117222364,0.1962953917762647,2.1727873033196565,0.5992968445612618,3.6187601767567883,3.1652849668082705,0.2961832497943992,0.43252090133128507]],[-155286967.10343775,-155286966.0973819,[9.668011636127623,0.14051144800181548,3.141592653589793,-2.9584658939458204,0.6697179716878636,0.36154709051167366,0.51590550133887,0.3722278464939125,0.5636641541328661,0.47079519595213976,4.6341784348947686,6.945794685712249,0.22104548934164353,0.47028921338319984]],[-155641038.67154634,-155641036.88128835,[6.796011497238096,1.0,3.141592653589793,-0.7891162101669786,0.4678199400472511,0.3106045605000819,0.5084892183269643,0.6914405493485866,0.27019566351904056,0.18592395654928245,3.5370757088966744,0.8848685748089751,0.4793545382929619,0.6073546755729756]],[-157030056.76208,-157030024.89310288,[6.675542099046963,0.9431075708400292,2.070849859414844,0.3648792872736065,0.28994888479998876,0.5207866819351168,0.445394841777317,0.08944412045771444,1.5172940526764362,0.1,5.578571989420106,2.8906990883081227,0.48816761636505535,0.37664593698098664]],[-158009404.5500159,-158009403.80398107,[4.688338272157527,1.0,1.9237618085655652,-0.24733753821539642,0.27930756054166217,0.1066352583481554,0.12701643325280498,0.3850053919881018,0.16098990909193003,0.559722923159792,2.729023627707587,4.723474801391303,0.3090901062599093,0.6239735024690862]],[-158061031.57151386,-158061014.83576602,[9.158300327118488,0.04580485035969423,0.0,1.2187184812809564,0.07674542734831746,0.2242158408039645,0.4539683387512422,0.6482554816838713,-1.9982544954059902,0.6788866494150746,3.9230079249732253,3.4934682597144495,0.3917253283647605,0.5890616310067329]],[-160283648.61868405,-160283648.61868405,[6.507547131242477,0.6252100946724568,2.889411040776208,0.08476944342119005,0.2100912109483427,0.5770996308146459,0.4646334933670137,0.4743580285173379,0.1883872965014382,0.42318307869778393,5.039280096317144,3.7985009482603145,0.5248084404920057,0.3096585003696849]],[-162964837.02951822,-162964836.2481798,[2.741651124631744,0.44740464189978574,3.141592653589793,1.2169955974051565,0.42778561333065135,0.5895477320641036,0.6393900537197079,0.428180383870208,-1.763170316944097,0.24213426365718466,2.2788218155284,2.632851044387376,0.5018615535265244,0.4215358237133223]],[-163931405.72858799,-163931405.51175052,[5.320604387639991,1.0,0.0,-4.0,0.7329804466371452,0.4264494814963636,0.6364801216226954,0.5777639417407583,-0.12585205664495341,0.1,2.904236843445787,2.6971483563800827,0.33421386168316747,0.5169395836505106]],[-165467303.6191239,-165467282.23279876,[3.83676248196756,0.0,0.0,1.2001816774204412,0.4286315861167532,0.6324290429013483,0.639089980007967,0.22030962474601817,-3.338368582621479,0.3456014904508775,6.321024053015876,4.12736635566588,0.2814619259891377,0.5004694875620647]],[-166447830.4019818,-166447830.40015936,[4.123677431015495,0.4864359411598019,1.3816996059362185,1.5658716745658623,0.2758856349644572,0.5705260054625947,0.6986957473651352,0.3699284541758143,0.5375185186290509,0.6593057367883673,3.462698705860274,5.573874048736034,0.5481686208737547,0.47916437974389053]],[-166632197.89084876,-166632196.53538096,[4.358615461388149,0.1751684712577392,3.141592653589793,-0.9483602727121367,0.15546883295831426,0.39343984975050916,0.4405294226158255,0.7070354103695398,1.1431060183072366,0.48181639984920566,4.267534975233872,2.7899769448840286,0.43700540619610284,0.5564950859319215]],[-166690482.15053412,-166690481.69120264,[4.8107661947081635,0.0,1.329410701031254,-0.6179185194091851,0.7081481389317631,0.4309937353975288,0.2673174357087406,0.6353631115449312,1.2764539117176619,0.636919386245315,6.860962727347079,2.0904472305986115,0.3105502292743288,0.5054749458272824]],[-167648188.01958817,-167648187.9442237,[4.086699017614305,1.0,1.2759324336042577,-0.11920016379489864,0.542918410395218,0.4590548582807711,0.7499135644856008,0.5777393775324535,-1.4337497790299654,0.7190315253910246,5.484888504140644,4.305643001863021,0.25000837574574847,0.4591326583708565]],[-168244272.12124294,-168244265.37913865,[4.3546084485698735,0.10128395749188612,3.0108448650288837,1.324556235047288,0.9958951808074286,0.8465234655229593,0.23860488458241874,0.39567196536142035,2.145249557889642,0.2915302606634944,2.557469467326227,5.038943761242928,0.45790700101088255,0.5320528418891943]],[-168477342.06338227,-168477329.96682024,[2.972562980594237,0.483381911628611,0.0,0.7422755730759479,0.8446867552856846,0.2101734259252383,0.39455895095141663,0.31742326299120416,-1.6899012511565021,0.8266551012253107,1.6718141240086282,1.1666800074971801,0.3967968896622876,0.5521563248897683]],[-169683381.7950327,-169683380.4315837,[2.6960455313117078,0.2760939772847003,0.6205002859813947,0.09758524767284234,0.492282921557253,0.5710196955126763,0.24595976519943868,0.1955298741394062,-0.9464636945816443,0.36266422635235146,5.069408419262209,4.784618270080512,0.2912699813073531,0.32091252869584286]],[-170197172.09518614,-170197171.17736816,[1.4704365741062504,1.0,0.6499803123690107,0.7959272317302841,0.4016117509927402,0.3923907643653537,0.4617861727145002,0.7260994095500107,2.3395906868897915,0.4032910323108978,7.065948088781874,7.0408430491996565,0.4476853544072702,0.4294492939584475]],[-171924898.84083304,-171924894.47201455,[3.014257900757804,0.0,3.141592653589793,0.7637838002997146,0.43266799764412944,0.13161592187269566,0.3928540447560563,0.4833262980516685,-0.8779573439266948,0.1,2.0138926029782596,2.186342775671635,0.28290881862496065,0.6730049949308252]],[-172903447.45520267,-172903428.34651732,[5.362375267074105,0.3242467013360778,0.7608157236295964,-1.8894678180418933,0.21487742146316924,0.42612407724129864,1.0,0.5468250621023282,1.8928139938234627,0.5465629899883536,4.364852536987468,6.378396339170626,0.46234891666465916,0.48851195385463314]],[-174484935.03950444,-174484935.02877414,[8.80513102850057,0.0,1.8979859251250568,3.1761101908177274,0.38421525062836004,0.4899370647325389,0.5765654251264698,0.35638179583398266,0.06889545195548447,0.9,2.259878865937805,5.427329439061964,0.5504900628329037,0.5417247081682618]],[-177697700.80635136,-177697700.79827702,[7.90797280941824,1.0,1.2756110543270553,-0.38122763607849214,0.4415227368065029,0.5086487130515209,0.417346891919487,0.3026623824491218,-0.09619316645195936,0.5303760223221257,1.8572804532970437,0.9597083750234816,0.4542346499196569,0.47545245355593946]],[-178625064.16170502,-178625051.0483806,[7.320746461696905,0.0,1.4322527380864005,-1.9577291946325623,0.7900124500536994,0.14844315696944255,1.0,0.775114924420228,1.9245397110442315,0.7513928290708158,3.583840848764683,1.0209507903753159,0.6729024054066238,0.6621514319445309]],[-179198985.00945362,-179198935.62352657,[5.954049791019283,0.5541380002275064,3.141592653589793,-1.1984933501925124,0.33428689262439526,0.4618834523685765,0.47576946617565363,0.0,-0.44267519504249,0.29297328444244264,3.426676647131741,5.962461027664924,0.7215913298071921,0.5788662843037068]],[-179610935.0078874,-179610905.99244124,[4.81171609632742,1.0,0.5487199637401083,-0.6998312989428565,0.7688845231575103,0.3956513986461593,0.33984072213278094,0.14807333253212052,-0.5059571730744464,0.3753172370737389,4.674186477033507,6.5337091401570735,0.5299198004411126,0.5812668393614147]],[-182455095.18322173,-182455087.67941862,[6.183275200774915,0.0288889736242523,2.041902504475688,0.33871741695073665,0.2951965699115572,0.28770159455176236,0.25161613922218207,0.5176325525544268,-3.861872133927387,0.9,2.099018743983196,2.6009083875566947,0.43335155434518774,0.604133112868154]],[-182848213.53355366,-182848210.9535113,[6.690947825368987,0.0,1.3131752903940277,1.176703969925737,0.23456369784592257,0.363917605826565,0.6094771677126319,0.6533273674029471,1.1203510671647159,0.8424354179374952,2.5083976380176045,3.9583943901108354,0.3519625500297162,0.5434572936700266]],[-184805126.13574097,-184805125.3429278,[7.437659348590644,0.0,1.3931969468072125,-0.9457386874670439,0.6988941479614589,0.37802821547523047,0.3226803874848451,0.61340511609065,1.7148260473380543,0.41413882115561695,5.642329880456742,3.827097681932281,0.472046779752384,0.6455194200220122]],[-186594573.40175644,-186594568.50333315,[5.3543300104098,1.0,0.0,-0.20202916613783253,0.8363160102229794,0.32676471062128204,0.3839847595278532,0.5536742752616047,2.0120525685935955,0.45735002682745235,1.501727098215063,3.228168506979009,0.4831542625358764,0.6886367540427641]],[-187095759.70383877,-187095759.5906185,[2.0525218749268315,0.31413804796052724,0.11943048983009419,0.48650882536848195,0.6207039996007202,0.50561614924824,0.4212226046742812,0.8586259713718289,-0.5375315798641989,0.3144133387871371,4.930318899608152,5.052723912475243,0.5480901511534731,0.47753255065491385]],[-189454579.94845954,-189454578.79936343,[7.443160030003633,1.0,1.6686996595607004,1.290508269685784,0.39728818351972484,0.548735003437489,0.27528027354205775,0.7097176053420189,2.903702107695289,0.8745375828668482,4.478815181711196,6.85987543969067,0.5037490568260934,0.5521065556334523]],[-190294185.28722933,-190294185.25726002,[10.433711599123452,0.08967959673162607,1.507545152001509,0.2279732054786145,0.3155734780567051,0.56623022644712,0.19290310974250124,0.8016828816123578,0.19297729097497346,0.33079758145582927,2.1153098605624523,5.426504014533477,0.4100609097285534,0.3950367748399991]],[-190441135.21831876,-190441135.20995307,[6.74059598371872,0.0,0.33547383970375,-0.1545796533692416,0.22221948915176698,0.5127619366153106,0.40359286237940517,0.39207858558680875,1.114083243529852,0.3863557061473803,2.338899150079375,4.928451845082444,0.541202827560056,0.5521956979786367]],[-194631455.38758573,-194631453.7670381,[8.161649131251885,1.0,0.0,0.8358211154636073,0.9157672594717925,0.6772416918651665,0.8398866278132642,0.32458658657488704,-1.7308571362536622,0.557873798731505,4.064223281142822,3.0775983344459164,0.48346995827832356,0.4672757357097984]],[-196168100.85512635,-196168099.55617428,[3.334170422651443,0.27377375765803136,0.0,-1.9666493660588529,0.9984842532437289,0.47447974490224787,0.49623450377241535,0.6043124895118928,-0.4499381249811282,0.5241219917460562,1.8532958991416457,2.395568389676569,0.3801879024691016,0.5046557784620013]],[-196874618.35890314,-196874618.226395,[3.3625603862896454,0.7797108260071841,3.141592653589793,-0.13577242767326936,0.0,0.39600700101912817,0.5663925236855258,0.2712632925488786,-0.4242446410582967,0.6764152554862161,2.8498959485734034,2.5660324074852117,0.4306256388685573,0.6002314425563818]],[-197835150.00464237,-197835148.7333728,[2.4288307469444232,0.0,3.141592653589793,1.1503893698629035,0.6171872779673578,0.5307885727406745,0.4118762514003713,0.5549444599950597,0.1882824102591814,0.6919412326102212,4.151565199277439,5.281775894832203,0.6456459492544029,0.47606072473335626]],[-199018318.67467326,-199018316.66813087,[4.354780703335004,0.0,2.7803452772330464,-0.9357155197065659,0.4231936478177787,0.4169234641549783,0.1536929740491949,0.47714263240889576,0.28468062069357053,0.5996612388624825,4.2406610996184995,4.915215797932483,0.5789284965248178,0.6360252823712076]],[-201558414.95381325,-201558405.51135957,[6.081969302555854,0.10048111835283213,1.6149640747499485,1.0835234193543137,0.7798085131673761,0.3850626878567318,0.216111439173584,0.3635076462991971,0.026418620432877987,0.8198391122138401,6.252251824399831,2.7977155571470096,0.3893284229244314,0.5949474080861722]],[-204216821.26951706,-204216819.50022793,[9.199803120176476,0.0,0.23958456362424974,0.47610388234711515,0.2733161302395942,0.4259519236596769,0.5018399800080985,0.5437199957087694,-1.4632728026006583,0.7534986179953022,1.613335943672758,4.696301299682196,0.6614829247300759,0.5847990327831287]],[-206395545.46944508,-206395545.43965566,[10.624132960859386,1.0,0.0,0.08828813011948712,0.4352529164677223,0.6431121840524123,0.3291843285350088,0.524694551096759,-1.326142376630894,0.7288281977714784,5.271948500485744,3.9922361674030795,0.5415965447117038,0.3817292741797679]],[-207642979.66593745,-207642979.1366459,[9.242195390298253,0.0,0.0,0.4561649085178646,0.5468503301419264,0.698224654602833,0.24474356549369197,0.9274277032302551,-0.06080315184194565,0.24178668920910978,5.803213025200157,6.125924737519065,0.5733086185791423,0.36309038194059956]],[-208472861.4079087,-208472857.40153164,[1.9599864833017513,0.9428522886534103,0.4881975614953089,2.5677482437174546,0.7196814733448027,0.5395394946663582,0.3187132093430821,0.035916691223111585,0.14638723059152123,0.3914980238732543,1.9772925703742361,3.537541322349514,0.5073548872457788,0.516491464175916]],[-210467685.8639747,-210467683.76855588,[4.6413273551246395,0.0,3.141592653589793,-1.188307634919998,0.5987108545711264,0.5957048716578723,0.20306364162818408,0.5137599019955065,-0.23987584305288517,0.5688662563370901,1.2436037698813731,8.125497191402097,0.37864565763930363,0.49516783944165443]],[-210899815.78138572,-210899815.78138572,[5.042808317940157,0.3563480191395303,2.711987293653989,-2.328110668400178,0.5665508701028639,0.5901829050306969,0.4801470091613176,0.29812270395709034,1.0978487421358547,0.6779418054006174,5.618560871701254,3.806657998202744,0.4579437667851831,0.3993843391201524]],[-213000061.5965844,-213000050.44538093,[8.165024535825784,0.0,0.6486942453172649,-0.4518320964387382,0.46977461153187233,0.5452966587022158,0.691251368195402,0.12164301550598638,-0.8164517825876215,0.7136585434988126,3.8219140479379416,2.0041057978764405,0.568141767088387,0.5109301780862102]],[-213921582.0520417,-213921582.04956293,[2.9043326441634467,0.9890668887481591,0.49790304935838847,0.6853572336469936,0.39600439076769967,0.7357539574120678,0.7392006194512879,0.39844168557056636,0.3108618011802,0.4207819798441876,3.845855982804056,3.4077726445464176,0.6230710156063021,0.3883780084649088]],[-214021367.4174538,-214021366.14223027,[3.0070475392483687,1.0,0.0,-0.9027533199528905,0.730603610223915,0.6310914779503307,0.5489701189053579,0.2450089991682608,0.3816661664764417,0.1,0.9050850340748506,3.540652156262256,0.5931132807501349,0.5184243739581734]],[-214574109.27922004,-214574106.8126706,[6.5511104936707,0.0,2.5747791949199086,-2.7570737183026273,0.2859401036471316,0.6132558468290322,0.6527689372082968,0.6118752161914927,-1.493352848756813,0.29862459954254283,0.5504070984878662,9.0,0.6656770064638724,0.5380720657917673]],[-220753254.61500952,-220753254.09422255,[4.988032807078408,0.0,0.0,0.2807586878659536,0.3894538281919038,0.7043136260925538,0.6526016153961158,0.905664473337346,-0.44992856101447687,0.21749364812874888,3.4787110429709633,3.8088381447776607,0.5093757550273443,0.422155664213258]],[-223163537.65311092,-223163534.36553597,[1.611815005864759,1.0,3.141592653589793,-1.217973217145518,0.452009279568914,0.667399028619597,0.7017191588500044,0.5212194765878954,1.0079641616453483,0.1,2.9552912626393564,6.303270817946199,0.4807700689661553,0.5147316208810436]],[-223322671.4713052,-223322671.4008509,[7.437467411432973,1.0,2.0313356481500318,-0.2040556839152573,0.5352635332984735,0.4865533758014579,0.6751587604203553,0.6615802876445935,1.6049266885734683,0.361957086498146,1.4033824483473003,5.443666632242447,0.43963875355017523,0.6958390557707695]],[-237162146.1803447,-237162146.1801238,[7.7369365645249,0.32334458549037814,2.4029571174267956,-0.27122638619465816,0.13407364627965435,0.682926228402762,0.35774709869293314,0.3524405227778566,-0.379765943595057,0.589853182794264,7.43443193376512,4.560129895911171,0.5345100772018528,0.47450666198967606]],[-240109050.1245065,-240109045.08336568,[8.036100370541806,0.29924263477929813,0.0,0.6265130091627089,0.04450152315534345,0.6159753223226779,0.12614766733596805,0.3232113001794906,-0.24765583995124524,0.1842876830283891,2.0329848416640544,3.152274229093774,0.4071204767271352,0.5963732716514042]],[-247852171.2970655,-247852167.9117211,[5.213569724375027,0.0,2.3144447586512022,-1.9065129775984495,0.5393391188193754,0.8573670815776883,1.0,0.3654275344453156,-1.2856490060663193,0.7683647492009625,0.0,3.324737640648941,0.6514885141737313,0.16567444846632773]],[-257283968.25410485,-257283968.25410485,[3.759223407024268,0.65269936785898,1.7681492536049956,-1.8580104831665913,0.7041690104301089,0.8378822614767614,0.469367895713616,0.39408361040877926,-0.32871985780458896,0.2952459163424531,4.207912069423553,4.443208226251312,0.6946475741209693,0.3788435870985875]],[-258630620.19494298,-258630618.93530738,[5.880617052206349,0.9911710961319988,3.141592653589793,-0.3312170540300451,0.1458533026049963,0.7597953392016467,0.5160915635252883,0.47220444133190037,-1.4368837462316675,0.2961059864477845,4.116782261254681,4.538769756690303,0.6268710687406563,0.4067253005060283]],[-259093721.16767633,-259093721.15678144,[1.8384606896395561,1.0,2.2642882368742914,0.29036551918520487,0.34336744481653536,0.7575601808958843,0.41743209154987015,0.4192591605890309,-0.1083252648472862,0.6085251463732987,1.891220150665121,4.322532171741339,0.5844826303589314,0.48490302831378185]],[-259556345.30435684,-259556344.04711068,[5.641029880812099,0.49061327856407494,3.141592653589793,-0.3897726432192881,0.6955750413506532,0.661445717289119,0.5178080930811536,0.716012741955374,-1.5456376724562348,0.8263056414285779,0.9415481871555031,2.9958438969886796,0.5630890681532977,0.553224713171693]],[-266741250.25424814,-266741244.17880237,[6.257920352484144,1.0,0.3184788162122245,-2.17301380785188,0.3985178111450343,0.6160258954328026,0.16711587090784785,0.0,2.3313225004938234,0.5024690370763899,1.9011087920303074,4.967195504454862,0.6231103353053108,0.6171901129944551]],[-275858205.95748377,-275858203.22191465,[9.352188823677313,0.359766217928698,2.88998315226001,-2.2094271254599143,0.4609425447604188,0.8286627770188449,0.4259772231464998,0.30749604381581863,0.40202600328132904,0.1,6.834026225092357,3.04910513642102,0.4865089373244286,0.4684715001085723]],[-286539016.69275665,-286539013.64784825,[4.045490116519748,0.0,2.7018125157025508,-3.391360476922399,0.42918078121606645,0.8029446122425068,0.30374802931102707,0.5793695731840269,-1.9629103743795424,0.5802322341741428,8.039306705265428,4.6295219335647815,0.5680999585826516,0.4884138704674799]],[-288423748.63955534,-288423724.3586036,[10.295741725341786,1.0,0.0,-1.160568473260649,0.44650229744431175,0.6449899775485362,0.9696587891356749,0.2893639692060873,0.825644174344113,0.6008598929188699,4.710475215739994,3.900112541831247,0.49978324591563555,0.7268134749229769]],[-299670427.3562411,-299670426.9523759,[1.036109972780622,0.5192004461837404,3.141592653589793,-2.007327654927331,0.1485011613368707,0.8409899331277656,0.5391941455568298,0.7073451576544096,0.6157635812450463,0.1,3.0287891258557362,0.737624912719606,0.47157969263228866,0.45232902102263384]],[-305699976.7978465,-305699976.79572,[4.045597796863435,0.17423623181875997,0.13989076966531777,-0.4167454409124917,0.7931976052143147,0.7075886177940061,0.7224894200577276,0.7266201728274386,-1.718060871590152,0.9,1.4785552542810514,3.3679294731268317,0.3408053716582401,0.6624762752105836]],[-320631729.0620651,-320631647.6239723,[5.169245753162024,0.0,2.0263166614330337,-0.5379506696930125,0.26465736289572983,0.9499512276767974,0.021188374493052053,0.47057987038629545,0.6439326298253505,0.5099063487601434,9.0,5.370094509913538,0.31352576273234267,0.3493380236079534]],[-323509815.3622255,-323509810.7027329,[2.523028544356275,1.0,0.0,-3.090557373460144,0.493794930042275,0.7272171201595117,0.5974976398047941,0.6582149478313524,-1.0603932012969584,0.8532809881045733,5.386264295776204,3.292977799559164,0.4788649340043372,0.5267510203172927]],[-323535265.5897131,-323535265.5897131,[6.00987258026761,0.3543169334739841,2.0309109332067,-2.1309684042989523,0.48125980795735473,0.995863272037565,0.40111742175214904,0.589645810837077,0.6980794406982485,0.829178413024478,8.232346223771675,5.740814300461257,0.419997184183855,0.336332897173407]],[-324134771.5445527,-324134770.19184685,[8.117520382043411,1.0,0.0,0.4151652517532014,0.6152391194144697,1.0,0.5975810258831512,0.5796479688214221,-0.6307728128587966,0.4250020548606848,4.858213526070406,1.5796745207222607,0.5754127881438149,0.42258897240118454]],[-325387850.3292364,-325387849.74083316,[5.698542065059304,1.0,1.6772065069428992,-3.609710440578918,0.5709622743241566,0.875768164265422,0.35861585668217444,0.4657441265513568,1.0510950058135922,0.8828445324468785,4.636390786847026,6.07059221219788,0.596337741745756,0.4124249917936034]],[-339478505.17741257,-339478505.0154208,[6.539424975468693,1.0,1.6001623241510143,0.15693460783817156,0.2256798953850302,0.9448945991819329,0.6512718348880524,0.48624590941914514,-1.2223654071426477,0.6039647345992059,5.966075813150759,2.362507908777441,0.4630456837748013,0.4316083398484309]],[-343658868.8304007,-343658868.8304007,[4.705698656016686,0.7613220228458266,1.623278487276993,0.4627256242199822,0.37344625972447354,0.88791359322498,0.6645861439370774,0.4394919608892493,1.8725692572956891,0.5539326969471972,2.228732442271342,3.254692258743688,0.4087607255475252,0.4631448565329842]],[-471143424.3053376,-471143399.6370582,[0.0,0.8306574531532301,3.141592653589793,-1.116772835595055,0.5430816438918042,0.7759040827195494,0.0,0.2555174614756794,-0.4171872398368841,0.20750495806350988,4.1700843715235845,6.3153772617054855,0.5957492028083448,0.37996371380847843]],[-525614047.66231745,-525614035.7467966,[0.0,1.0,2.7799827622027777,0.6586889641871367,0.514062608086232,0.77128701975588,0.6938437532150563,0.3002815336849856,3.011004113160773,0.8757540899975252,3.1955889345852646,2.4523697211317153,0.5491415243146697,0.49593782959462746]]],[4.846661270800631,0.46909508475805745,1.062093066876839,0.6501097683148463,0.57343493754796,0.2716004620806441,0.5161160380366894,0.45631371802371395,-0.05979236252174148,0.4485178130094309,4.107113200110917,3.865236185818899,0.5014602666429719,0.4267620342099114],[23.704464161679674,3.5912101019577682,9.256154249118183,9.237428770856491,0.24897554360157018,0.2621873660585233,0.2508343893853522,0.23738211327662023,8.734629452394264,0.2586129513449704,15.72476694482227,16.370447184347917,0.03899655079157864,0.039839873693127394],[[23.704464161679674,-0.01620319399160634,0.1610145555288526,-0.22073713353721722,0.004603843623370993,0.06547937621277858,-0.01123851413196439,-0.03696220542012722,0.2556773283414421,-0.02636493835934999,-0.21503516959599067,-0.2969636027925771,-0.03300531464564258,0.015340999153581386],[-0.01620319399160634,3.5912101019577682,-0.025581060401934183,-0.018728495796038688,0.009512295375893294,-0.00692504068485974,0.007944591007344154,-0.00624628962212521,0.02950915884528729,0.008540272993062101,-0.13746585021184204,0.06880137859856249,0.0019194248014876717,-0.0016619376591742816],[0.1610145555288526,-0.025581060401934183,9.256154249118183,-0.10507644347557085,-0.0024797992529887987,0.05306255703676332,-0.004925300138143269,0.036061293984030116,-0.2899082606218934,0.06625527470356198,0.3102416401495801,-0.11421541428302906,-0.007385742031270783,0.01048386284303615],[-0.22073713353721722,-0.018728495796038688,-0.10507644347557085,9.237428770856491,0.011958272626470924,-0.010191438135236184,0.05987388460696081,-0.038115487231143864,-0.5699202087863757,0.020054573495376458,0.03549743191468867,0.6853727092547388,0.025142865752910123,-0.042126780209213906],[0.004603843623370993,0.009512295375893294,-0.0024797992529887987,0.011958272626470924,0.24897554360157018,-0.01121524924258817,-0.0012965955475172104,-0.003395730286334797,-0.03705431089122704,0.008050635272412775,0.02139384636795296,-0.052321845816077406,-0.0028710270137190293,-0.0022041127710097485],[0.06547937621277858,-0.00692504068485974,0.05306255703676332,-0.010191438135236184,-0.01121524924258817,0.2621873660585233,-0.0014104714348985553,0.0008089335550373545,-0.012972201215493993,-0.002764234877522333,-0.0019268017042084742,0.033214607472570594,-0.0020470223735315147,0.007462181049962234],[-0.01123851413196439,0.007944591007344154,-0.004925300138143269,0.05987388460696081,-0.0012965955475172104,-0.0014104714348985553,0.2508343893853522,-0.0007651510265452948,-0.04487297158989186,0.014165628125171156,-0.1474504150827589,0.14463063515470898,0.0015217159605296602,-0.004242381315393062],[-0.03696220542012722,-0.00624628962212521,0.036061293984030116,-0.038115487231143864,-0.003395730286334797,0.0008089335550373545,-0.0007651510265452948,0.23738211327662023,-0.03859084361651616,0.003233022715784391,0.043286589190858364,-0.05667024740601814,-0.0007902393118078136,0.0010646063525485295],[0.2556773283414421,0.02950915884528729,-0.2899082606218934,-0.5699202087863757,-0.03705431089122704,-0.012972201215493993,-0.04487297158989186,-0.03859084361651616,8.734629452394264,-0.07718581318947376,-0.3672014569996503,-0.19739397236633793,0.003283736141809787,0.01794889378901509],[-0.02636493835934999,0.008540272993062101,0.06625527470356198,0.020054573495376458,0.008050635272412775,-0.002764234877522333,0.014165628125171156,0.003233022715784391,-0.07718581318947376,0.2586129513449704,-0.00015366782468000255,0.06481316242116901,-0.000319080904233747,-0.0027511722110099787],[-0.21503516959599067,-0.13746585021184204,0.3102416401495801,0.03549743191468867,0.02139384636795296,-0.0019268017042084742,-0.1474504150827589,0.043286589190858364,-0.3672014569996503,-0.00015366782468000255,15.72476694482227,-0.7188404022862378,-0.01780868813598151,0.010520747178859893],[-0.2969636027925771,0.06880137859856249,-0.11421541428302906,0.6853727092547388,-0.052321845816077406,0.033214607472570594,0.14463063515470898,-0.05667024740601814,-0.19739397236633793,0.06481316242116901,-0.7188404022862378,16.370447184347917,0.019670571207775985,-0.0277338031803506],[-0.03300531464564258,0.0019194248014876717,-0.007385742031270783,0.025142865752910123,-0.0028710270137190293,-0.0020470223735315147,0.0015217159605296602,-0.0007902393118078136,0.003283736141809787,-0.000319080904233747,-0.01780868813598151,0.019670571207775985,0.03899655079157864,-0.0005263850473317736],[0.015340999153581386,-0.0016619376591742816,0.01048386284303615,-0.042126780209213906,-0.0022041127710097485,0.007462181049962234,-0.004242381315393062,0.0010646063525485295,0.01794889378901509,-0.0027511722110099787,0.010520747178859893,-0.0277338031803506,-0.0005263850473317736,0.039839873693127394]],0.5685314249698251,[[0.0],[0.0],[0.0],[0.0],[0.0],[0.0],[0.0],[0.0],[0.0],[0.0],[0.0],[0.0],[0.0],[0.0]],[[-0.23229299075215443],[-0.11704471577364296],[-1.2265038002695996],[1.6414198725000209],[1.1124665867377999],[-3.460026832537209],[0.24414201775147215],[-0.6618039126905173],[-0.1509658473849923],[-0.7799041539565691],[0.20283236443847505],[-0.25519229229258944],[0.05530398412108909],[-2.773706649131021]],1,100,-103009616.36185096,-103009615.39977568,[4.1354197323848885,1.0,1.441602358750984,0.8065773447612026,0.46527709136242634,0.06164363051377042,0.8718041450874359,0.4371338440855237,-0.07827878791898055,0.854341329135418,1.5644331874595925,6.654179140279302,0.5931260121580186,0.3131903624373565]]
