["generation","mean","variance","covariance","_sigma","_p_c","_p_sigma","iteration","num_evaluations","best_score","best_evaluation","best_solution"]
[[[-49565235.48173725,-49565234.99222058,[6.179555583177555,1.0,3.141592653589793,2.0085126079276048,0.6283898034411389,0.3245249827294019,0.48181814466597034,0.5825557245203901,1.740673352933797,0.39527193467866917,5.740459390818354,3.4717034478399142,0.5868683528047451,0.30469447749086354]],[-51350338.681710675,-51350338.465483844,[4.0379870224289345,1.0,1.724993110464638,0.8385951738961193,0.5010693684690903,0.2994373756313522,0.5988736473924008,0.44762152533996613,-0.6494031507549513,0.32353209877743516,3.8596614928696047,5.2260546224276965,0.582179396969561,0.34550676473833974]],[-56268088.86168141,-56268088.647057414,[1.5628375898855218,0.5766193109558081,0.0,1.3734386521415858,0.1793728122895828,0.0,0.4020592356320406,0.2758513403995099,-0.2120529387525844,0.1,5.0779669638335445,1.010725182072624,0.6157931980047823,0.5189956958587234]],[-58616538.80166877,-58616538.801525414,[4.672066841542835,1.0,1.752087371502019,-0.7551737887046441,0.058772046968957214,0.10248290271005456,0.5104317561926394,0.6173417423935883,-0.9419884758783439,0.3491925217750199,4.069033796690773,2.5619555872155355,0.5672056913467624,0.4512983649231094]],[-61604927.32576886,-61604927.19105971,[5.399714452142782,1.0,2.2153448275323875,-2.298150432639529,0.3979613441900296,0.0,0.6865606781976188,0.38726571443828073,0.6966476968253321,0.2049942318705521,4.494872101069679,1.763384022434051,0.290854129110537,0.4666288649677017]],[-62160250.27337272,-62160250.06590295,[6.04717981858359,1.0,0.0,1.2904878089658594,0.46847561212392974,0.5015424098319562,0.44233285531769406,0.7477714119729337,1.2968992484302773,0.3889714601785101,4.896531328631504,6.7524007124552465,0.6781566455475394,0.28153962959442097]],[-63622165.47305786,-63622160.41010046,[4.41013586817338,1.0,0.0,-0.12295437250374773,0.4358752700832466,0.2599651346124724,0.6177184625401277,0.6073874821975555,-0.4077643724327085,0.14743984563713636,6.21029214892075,0.5713669614898591,0.597401844208138,0.4763230455421517]],[-65404512.65316376,-65404509.75877166,[5.085273263444,0.011214632298208016,1.6372416551476645,0.27601278685963915,0.5488310981581139,0.0,0.503291335737951,0.2122276845676757,1.353878689441645,0.45806884849934276,1.6732789329461881,5.217558923775663,0.49234740474751487,0.4932444442510909]],[-66679814.69254056,-66679772.40267682,[10.24924984127782,0.0,0.6216067915682857,-1.2972321699858886,0.768222161810821,0.07567713467597065,0.6019250902339642,0.3305295068272995,-1.9374750862267356,0.19008821725506353,5.2556149612676,6.465165124792707,0.49173225995572223,0.5569584976989943]],[-67385120.71521053,-67385120.42739922,[5.080883897732816,1.0,1.5521993709855486,1.5175553700161128,0.3245478191599497,0.47221084843649513,0.7900970239003158,0.39437456837759677,0.2587732406727421,0.4714621466598314,5.467301374386322,0.035624099673630116,0.5422832724616463,0.3376822670467162]],[-68416535.86139408,-68416474.57663274,[8.175659463257343,1.0,2.0541612274194736,3.865010849074314,0.4980665755753892,0.9456568319630582,0.3823008737312913,0.0949521942892631,-0.6896585310484347,0.6849710563656543,5.312721770691352,5.707311108789526,0.6549560638554401,0.2255513545282673]],[-68713808.12075017,-68713753.74091363,[0.0,0.8909887141719791,2.6236805639616465,2.378204206641217,0.6224493180507401,0.05237953936559753,0.2244711877444257,0.17404821624256034,-1.435391128919431,0.6050660299938411,3.545177427998297,7.781525601383571,0.5249973571399271,0.42000888403161146]],[-69905704.0832326,-69905703.31722754,[5.758409705487001,0.1359859492511558,2.3507578282353228,-0.2759657526833778,0.1436632519016393,0.18884176669435976,0.6459641603819799,1.0,0.15496924227684053,0.7158285602858827,3.7933546603442103,4.506402135969782,0.5362261591289657,0.38707283555107497]],[-71624321.62903248,-71624321.61504865,[9.433357874795128,0.7227071983843198,0.05771408186452143,2.579554618687862,0.6755526603953339,0.7444459235708052,0.7837755906917694,0.529966333738936,-0.4804966398548882,0.5640939840943049,4.435754192447754,3.076017596852669,0.3353073831482587,0.3448738900851488]],[-72781953.07206047,-72781953.012972,[5.690992070003771,1.0,0.8551717271431925,0.5697537991167618,0.45982997770560025,0.32950972086936314,0.2652089368931495,0.2807616290523869,0.1197511195074317,0.6220097477922769,2.774674035236618,7.165842744600989,0.4979452907170494,0.31749153372102723]],[-77263988.74464823,-77263982.79047644,[5.6109072777982485,1.0,1.4895225881969936,1.0946733982491408,0.3159415601175388,0.5237073057393209,0.599237020243452,0.6232241357267666,-0.29586310409923333,0.2868735705923403,0.0,7.554018945013231,0.5469615703313836,0.36293484551131616]],[-78997686.78380728,-78997686.78380728,[6.677289036507082,0.9558675444719891,1.5997333526535953,-0.05046181345407743,0.6863010309382552,0.22065693788811208,0.30585145204186814,0.571886530795942,-0.9018937313700961,0.5123270480971225,1.108709448958002,1.6029371875090255,0.4850957716836989,0.5327762228714678]],[-79079786.98317647,-79079770.93197763,[5.768749416486797,0.0,0.43644419938762136,0.24248035390067157,0.620605532905788,0.40819234394103054,0.46088697325409544,0.05762216019210337,2.5324897613204005,0.20113445961998827,3.843308641110131,3.98548622392928,0.5084623659016495,0.42472104623995344]],[-80964552.41500728,-80964528.280653,[4.179369234540495,1.0,2.009565613076836,1.2630441569247863,0.4646180657643415,0.3494405914916385,0.3884778656454899,0.2047554526611836,-2.3712540018904638,0.2462007875620309,1.4989873603327246,4.6145231414193795,0.5257866059517026,0.518610836710095]],[-81131392.93383932,-81131392.1343751,[7.16317590314791,1.0,2.2565560269833913,-2.99377437115135,0.30093096590922624,0.35755429762428476,0.7813585318612197,0.5145572624725722,1.1635974373444038,0.5509540724417196,3.4391134291934073,5.211523492373279,0.5882157689358773,0.4075139264871536]],[-82410737.1716277,-82410736.24534279,[7.893886892385045,0.0,1.1716454236618161,2.065603904173477,0.13563182929597334,0.2189174545715734,0.7722076680056935,0.580836565213845,1.096817354511772,0.5823690900318701,0.0,3.1470200252860407,0.46823412269182607,0.518604578005409]],[-82953939.99906467,-82953917.02252626,[4.35907245913392,1.0,0.053065635398441335,1.0802775806320755,0.4963289224907363,0.4053250964288953,0.6101124329963646,0.0,-1.7339864799162439,0.5139262975564394,3.5667851092320237,2.2622129909539086,0.368010364832681,0.37378017629347143]],[-83042200.22744676,-83042200.22269344,[4.354928526506732,0.0756716541381186,0.8401018292577693,0.8614568416409742,0.40347397214988034,0.4370907425457969,0.424583021306123,0.7369734565410875,-0.6672095573241749,0.22698095850643668,4.611937071044462,7.338387351979472,0.6917546923003708,0.43614984814960006]],[-83580280.98634177,-83580280.72822917,[5.239079764777272,1.0,1.179948570745462,1.4809326444629085,0.6519296407405617,0.0,0.7717750372722583,0.6090136247317022,-1.1235882345877872,0.9,3.6373001651185364,4.952413451138991,0.4876838607191334,0.44783254802390465]],[-83780679.88524216,-83780657.19573629,[8.035656415819812,1.0,2.0857649867047545,2.483811604583625,0.7765280286658578,0.6280666660738891,0.7773779815166002,1.0,-1.9208032606259877,0.1,2.8439612253265025,4.561470740393336,0.7547935265655603,0.5722281860636108]],[-84419825.8172893,-84419821.85754967,[8.462874924211985,1.0,3.054263608196724,1.3101306193740574,0.44856046107077907,0.14780004818294173,0.4172371202805522,0.352112010836667,0.7825201083372615,0.7613746417079712,3.4710991095955936,1.7311113952435453,0.46557842543157735,0.49539919481748895]],[-86142576.56361975,-86142575.92211223,[6.877050630916786,0.0,2.312907280901889,-2.0529127876991464,0.7312735987798966,0.2092091161737954,0.2042516721562722,0.8000542542522413,0.04505365569789165,0.530359763720434,4.932581921206866,5.025917706129683,0.4026191203701634,0.5621296415032382]],[-87232276.22622651,-87232276.22622651,[8.967200401300817,0.3525910669762248,1.9646327896765237,1.511836747243329,0.6415354938189084,0.4496321968591894,0.6616907993892799,0.44770888769704215,0.829861117099087,0.4063754589365988,4.346914580900372,0.7922257616206854,0.47102280791203865,0.5263098323739358]],[-87827821.57906187,-87827809.26396835,[5.379484653435254,0.29177233852957346,3.141592653589793,1.6431282896253385,0.5845876207166559,0.7085221454017437,0.09679657440403566,0.09829558291540486,-1.0584670072940652,0.33280054199399123,2.7759757568950807,0.6485578465699535,0.6496269921409357,0.5001747937044481]],[-88108007.89914376,-88108007.65326273,[4.009867620874297,0.25248201106524326,0.7078897223579439,1.2575055019641728,0.32550175212439014,0.5094480445648618,0.19241439148942507,0.7041653096716649,-0.5677478594313944,0.3974763084600589,4.828494397418298,3.077872130910836,0.5446747518298072,0.4750662850582168]],[-89077881.05350642,-89077854.21736664,[4.54481394472725,1.0,3.141592653589793,2.248471470170762,0.5384331319256316,0.4022483680956021,0.7336273027255404,0.11187951365570575,-0.44679374495708846,0.46593218520396806,4.198171414144976,5.9318761693143935,0.37492839226562114,0.5263159379023873]],[-90417685.05210252,-90417667.04057217,[5.7074633276210935,0.0,3.141592653589793,0.038539783267893264,0.8050541343057234,0.40080653807539623,0.5911080497233326,0.9511684892419545,-4.0,0.30002302725379726,5.421872412838475,2.5209127329202277,0.5042534390398161,0.5072832754495215]],[-90763470.72041328,-90763466.04050422,[7.707112159258352,1.0,0.0,0.9563312588668114,0.513242695406123,0.38005638864035896,0.4213394773998282,0.5480575640920891,-0.7735465454712644,0.4892750629156953,2.397320232118946,2.3799129907108707,0.42754554282632456,0.47069663601682804]],[-93104501.13929284,-93104500.19929302,[2.9649415386255775,0.30819053898081084,0.0,3.8079019881734997,0.2707098523308382,0.14439557879744497,0.5277117369997502,0.4882693866174639,-0.8620933776427597,0.8010349962404608,2.4303715826058507,1.9421796337955746,0.6149136201325143,0.44630822381516705]],[-93790234.49311285,-93790213.86343789,[6.16347938893151,1.0,2.3692499725593774,2.3911019402644307,0.9339819538566099,0.6757769302318589,0.21902244874541332,0.3143656095757492,-0.4267227409093377,0.5256097049556865,8.2492488686152,2.966164433576977,0.5505875853060765,0.5022391462507196]],[-93953854.75624005,-93953854.0557921,[10.156283465033482,0.0,1.388681192550267,-0.34706077664223384,0.27699051151299214,0.3400775952478339,0.47083286556840614,0.776383643693872,-0.5152142336556272,0.3153827851187814,2.9899090406389144,7.114360714316582,0.5502004912307168,0.6082787215896265]],[-97402510.78481857,-97402510.32938373,[6.71545947590451,1.0,1.5002488556514595,0.18884976900721023,0.5232911264683694,0.4672789846258009,0.2244590774552026,0.36023211285131834,0.06837840955751111,0.1533269783384767,3.8832810580179986,3.3816804517721777,0.3284039546183344,0.43464308482472425]],[-98012374.09266068,-98012360.86675978,[5.290766514476094,1.0,3.141592653589793,-2.358527131098101,0.7270915464035735,0.4623144169616592,0.18019812329914614,0.3450887468994275,1.3863236317771224,0.2284534459692809,3.4610887779456205,2.9893448145772306,0.3695858236776,0.47932918327874635]],[-100907471.34443969,-100907471.34133178,[6.390550472795837,1.0,0.09748706688655862,-2.5599273176166064,0.0681779703850684,0.21742783479746358,0.7511684182327436,0.453914846396251,0.800317661661553,0.5993619054951846,1.5047423684773316,4.848011272198807,0.39199079613686344,0.628672362938071]],[-102166767.33792348,-102166767.33788538,[1.5786337085715303,0.295992422652233,0.960894265750417,-1.3497834661571833,0.40688846807692014,0.2627888412485112,0.4647817462099722,0.4871053942958138,-1.6254396881902864,0.3588659707224986,1.6810280835532048,0.0,0.4734351341087943,0.4537652090283517]],[-103474119.34738143,-103474119.33913678,[6.766855178143602,1.0,1.8234102191359178,1.2438225461723194,0.5026489973452908,0.9348843555191406,0.4999143108633315,0.4675776806656307,-0.8768086225888636,0.9,2.679571957900772,6.109660361281631,0.5439441353548798,0.3484112691235383]],[-103577267.73080227,-103577214.40884328,[4.932720377662177,0.22249075401788115,0.04385023848931091,0.4107054584123,0.5688054939118206,0.40379559520719477,0.7852265213334749,0.9879299963031993,-1.1096812549930117,0.5234245303325551,0.6630992375437947,7.301461889522013,0.445046076913261,0.5207815147481225]],[-104087219.92649159,-104087218.39516705,[3.315902291763424,1.0,2.368776907673674,1.3880441819950555,0.07062854445036898,0.44782226455353097,0.28254729221415853,0.2995220339721394,-0.5213345712500002,0.7322357510260583,6.117495237247697,4.085895716291376,0.44030328249785766,0.4682611690232408]],[-104158969.28531262,-104158969.05791712,[6.3020087042813095,1.0,2.553512865314143,2.297314085017704,0.2603014040869605,0.2981368971052305,0.1697812852685897,0.7241340955609088,0.720728544308751,0.5936345732730366,4.58340866234642,4.001187951567516,0.3463947946813013,0.6030035710194275]],[-104507294.19966377,-104507259.60377574,[6.51509580820407,0.0,0.0,0.7329093283219179,0.5771589967119698,0.5619701267773621,0.14493704156902193,0.6173809421047268,2.348522534821457,0.3830427477311627,5.726351390882831,2.475685628283583,0.5682279561605805,0.32344408813540826]],[-107521895.2347058,-107521894.5836299,[6.475190647564076,0.9427958051320655,3.141592653589793,3.7997756738159643,0.4844507340621155,0.7849811855404571,0.5429318613124211,0.701146993199547,-1.9629936038071962,0.434827060168151,2.6893721813047566,3.4234648025794283,0.46958462092459985,0.5889953468997544]],[-108384195.00782295,-108384194.97709846,[6.824003932108838,0.30278532340448905,3.141592653589793,0.5656689431682795,0.4461356330681746,0.3818268683741147,0.7665665858044872,0.6657716354971824,-0.9544454774256594,0.47535642816371887,1.5596318258236064,7.975275592678976,0.497731581084654,0.5878936191160528]],[-109830552.95487392,-109830551.91220397,[5.4113060685176775,1.0,0.3706207444312779,1.8275702211337224,0.23089749830837258,0.4589826659377852,0.18667897231771918,0.4593141199838882,1.2079781189027967,0.8718286612421722,2.9758632078479232,5.721802575941749,0.5038949167697723,0.49198957205189775]],[-110257706.11518201,-110257706.11488444,[7.31148062980463,1.0,0.5011205760514161,0.9873854843098768,0.5141415858608211,0.3567318585878806,0.5141976284013295,0.5231886434598162,3.2307849872402095,0.6598953827292362,2.182575986884388,1.4909381307632201,0.4242632413674264,0.5552999337560123]],[-111482693.71286187,-111482692.16305202,[2.315079424832156,1.0,3.141592653589793,-0.8230556953257504,0.8272548660501662,0.37186078173120485,0.09231470833052258,0.28962548029638124,-1.178215932358299,0.7036567407658306,0.8486420535299644,2.5680627345694145,0.5059205809594599,0.46882706220696807]],[-111801927.00074251,-111801925.143255,[6.693844640809232,1.0,1.3012068258463456,-2.8400363145811487,0.5931165175446047,0.5343435216827073,0.32778819866986675,0.6496356862135284,-2.3174701072644504,0.46357759539194593,5.200691496655126,4.7174667559736285,0.5364672904704147,0.442813579309268]],[-113877322.46688212,-113877321.56141579,[5.668240733348159,0.59027148063047,0.0,-1.2456784665358862,0.025068592082869212,0.39799649269728,0.45120793827432243,0.5034912169756781,-1.4153402025563222,0.6744024400752534,2.747460666650302,0.0,0.6942270821569507,0.4348250384545774]],[-114037997.53530967,-114037997.53530216,[10.19955360768716,1.0,1.2361311790482388,0.2799682567592906,0.5434368494420534,0.5178274173205974,0.7146450727402164,0.5789197297777005,0.716545286658039,0.14760417308103285,4.296888719207282,1.832238452885404,0.34221200962903403,0.4709225704047564]],[-114191028.81300415,-114191028.57154799,[7.479212073099656,1.0,1.14587226473771,3.4119027147237717,0.6632633479865203,0.4730533681528578,0.7467267005776924,0.2971922483581427,1.0539988132993037,0.2840734194310811,4.475692684931684,4.468583130157253,0.4404362333949863,0.7047299777637629]],[-115356343.18973641,-115356339.92937768,[1.5692444237462215,1.0,3.141592653589793,2.5452507954637937,0.3449382392566148,0.5041187234684943,0.023280920574084485,0.499717143704343,0.33992923002299685,0.36841627013998374,0.0,0.0,0.43496643916131417,0.3442693268893037]],[-115557067.84899253,-115557051.38780749,[1.4700561767215699,0.22625065092099478,0.0,1.0499341634577806,0.3607149258800238,0.34050233110605804,0.200886255988944,0.3648375495291978,0.7648508490628477,0.5742108377555405,3.9685442006102094,2.822059194153673,0.4925806667000434,0.37544677421635925]],[-115672562.50239259,-115672562.50239259,[1.2265060383639836,0.46154712352412064,1.3370326181127552,-0.34937638167148444,0.8268598345309912,0.10465846613071644,0.43659892515455706,0.6631053685921913,-0.9730619170927612,0.8285747303047308,4.7628573314845175,3.8026245754185215,0.6053359921647535,0.5912755760166516]],[-117726974.32046564,-117726970.90979242,[8.832150972447959,1.0,3.141592653589793,0.07755184793311393,0.8773770539217621,0.5181808685499036,0.6111929015246448,0.7243065059307885,-0.147494281251033,0.2176841757333422,5.154513573706817,3.7824901830251045,0.5085081682925185,0.5408299326237583]],[-117929986.31644623,-117929985.7112552,[7.07698495610334,1.0,2.997701580574369,-4.0,0.38976289210398596,0.5190352043477737,0.07608125239107805,0.6385298101321568,0.04194666342185703,0.1,4.17498349371246,3.9450460989482847,0.5267811404016389,0.5048876436313717]],[-119075570.7502054,-119075570.7502054,[3.646219823783588,0.44823101399272125,1.461971902084404,0.8169907061156588,0.5044004765632183,0.2623994469355739,0.31844182607185323,0.6430630804372438,1.054677546985325,0.34975369962647396,2.197625110331332,5.862230055619778,0.5460532896380582,0.7854886504625928]],[-119663140.87025532,-119663140.33384073,[5.308913722783483,1.0,2.9939043351492116,-0.596248590258171,1.0,0.36486578095167177,0.6050006180522043,0.8272333201583485,1.8256092004957885,0.680762497664014,6.527105394360291,3.721950471111916,0.5236481951459688,0.6342414086102215]],[-123987025.76384188,-123986968.58283108,[0.5861274863942976,1.0,0.6750488932857369,-0.9389550542742293,0.4484075234417148,0.31000414941937854,1.0,0.29549849464443323,2.7663279266690854,0.9,7.41164070229693,5.689082355253878,0.7058103703212829,0.3637961998274464]],[-124612421.5690355,-124612421.54381907,[4.6450317679898765,0.09019566201854312,0.8603955574668739,-0.8327500713427838,1.0,0.512691133564706,0.4857349174145198,0.5559445949437044,2.282329965389322,0.1,1.8875482817671272,5.407811888559285,0.6335116278409288,0.5730119520469361]],[-126011140.98309092,-126011106.86355144,[5.756159694869478,0.0,0.0,1.8268655965646767,0.490158036483439,0.7308146300310899,0.2212348934209829,0.35129508671459164,2.1030813925825704,0.7049414555755964,5.3274660163686525,3.994508433520224,0.6225146153059099,0.6047386938984135]],[-128980693.52619286,-128980684.6381045,[3.125108853572323,1.0,1.4560170355699102,1.7609506895781961,0.9126080030237945,0.6841273179293411,0.0,0.323295486334641,2.0768055730870936,0.5831095475032327,2.4096076106666704,9.0,0.3700350750713805,0.4986667751264281]],[-131514867.64303806,-131514862.46533346,[4.2205672578251585,0.777791089909845,3.141592653589793,-1.0415553400167872,0.5579228132680437,0.47079772445182316,0.6955205359354513,0.5192022456940202,-1.8804581395863507,0.5025898457274497,0.0,6.371057239084337,0.3215413436925676,0.6393286119250985]],[-132738573.22902973,-132738572.96847391,[7.351697503487932,1.0,1.9154700576381465,-0.18856755977641287,0.5482280639734651,0.5308898493350757,0.6589886491178395,0.38214884030558477,0.21554539763494496,0.5789042626946039,5.583077849230705,5.390829129569292,0.5257651382002427,0.5520693587882404]],[-133923119.92488189,-133923118.88391006,[5.691494382859268,0.0,2.065791243867259,-2.166953789706052,0.7029217021089593,0.4410924842383982,1.0,0.6729012774674218,-0.17822017250716946,0.8521474933484701,7.03666320959011,5.090147062360431,0.527104992105853,0.5730622071419579]],[-145743237.1453681,-145743235.7808336,[3.90426081890507,0.0,0.0,0.4228632139610739,0.531472666144946,0.5285581265731277,0.04358930401598493,0.8268756045580263,0.5390925358946969,0.6577454856501844,3.6184212337750923,2.241383736766034,0.398885201131331,0.5914394554821629]],[-145793972.59149203,-145793952.66055977,[1.55036257676533,1.0,3.141592653589793,-0.4685675373863175,0.6118653986699933,0.553361873511961,0.5332669084362262,0.5366641625094488,0.3084948826159044,0.42258473942135844,3.323579751285548,3.5968951704915826,0.4502039500235812,0.5130610976725505]],[-148022684.7470533,-148022684.65698206,[6.015344285764703,1.0,1.726155077958675,-0.6814537997911414,0.9705244102816357,0.41097656655287784,0.4562990383227793,0.8348969475613738,-0.2274335833284531,0.9,2.364943252842629,5.395361195685808,0.4493042257457756,0.6729320774811707]],[-148370009.28251547,-148370009.2822888,[7.019492619956258,0.5252491654374858,2.8779857295788265,-0.3600153422139971,0.45184009072445463,0.5251417975948431,0.6539941399207541,0.3776416941797478,-0.2510551047835314,0.876108825426438,3.9733159150301103,2.8727966105994103,0.6795334183587785,0.4884917903880035]],[-153179439.19455588,-153179432.11933982,[1.3986143084861347,0.0,0.8143207930594298,2.06423805812168,0.6655949645550892,0.46532223989371807,0.48817372292675976,0.0,1.7743480674322458,0.697778918814461,2.4349876161786237,1.4764126981526178,0.5886720937637615,0.4597180122720298]],[-158017897.7601222,-158017881.8144517,[2.1207620397110856,0.0,2.3415597164086286,0.5544514905607975,0.5579815284969722,0.4994914368844454,0.29513904643366673,0.1950442264615348,2.184613499991607,0.5595832469059718,3.7788338527620793,2.346345290326449,0.6659470707317546,0.7047638078336664]],[-160178843.24281767,-160178843.09301257,[2.412175256847515,1.0,2.026961783517562,-1.4332422919900658,0.7647610435846803,0.653159898946531,0.3809332561273689,0.42035788913298566,1.4311876558622592,0.30223675607615585,6.740377595856115,4.791814522940371,0.4073217021960578,0.5408967257003447]],[-162315472.96936995,-162315398.84248316,[8.34993683428836,1.0,1.4311051208851204,0.681728195583011,0.22935742649437663,0.6301067635783308,0.4500751243010845,0.29138516687544214,-2.7686321271156777,0.37271621271483063,4.660901593982453,8.472271097309104,0.3063019967528956,0.420282141491086]],[-167801379.55781576,-167801379.42513204,[6.6624040527291415,0.0,2.6912509850988484,0.6210666096045289,0.2889989953405966,0.8446894395936038,0.5751359297303369,0.627836527350435,1.0888536603482486,0.3676004107430812,6.017242589430806,7.744886000172383,0.47543189680741976,0.47724729698777874]],[-170482779.1973329,-170482734.2365148,[8.859665976252499,1.0,1.085663899892717,-0.6267046586581093,0.5829234350408928,0.5976989568379307,0.5151241314402745,0.2960847447883632,-3.1845789811392047,0.5800105191597157,5.977147531504358,6.567034347919288,0.3382654842426538,0.5791980414697864]],[-175583829.7381556,-175583829.07691467,[5.514499018254033,0.04987566569940399,0.8000768430601061,-2.644343086146253,0.19554671902751758,0.7741503963237567,0.8393931501601175,0.24397112260910597,-0.9773262372618785,0.3886979810547692,7.037039145843702,3.161250250686487,0.5151633794493028,0.40378210234233325]],[-176408892.7456032,-176408890.79555416,[6.940398284791556,0.7558566070014472,0.0,0.875147621531219,0.34807620995757677,0.5278632461280486,0.7133485045016237,0.5678693036975099,2.11144053186554,0.41479487810814497,3.931630632735668,3.0706899122718583,0.27051788762866336,0.7968211441195239]],[-177246092.9105816,-177246092.1033094,[3.318244748024479,0.16405185008874362,1.3354152936177335,0.007555384740775778,0.3874023537231659,0.6229819861084223,0.5285931319961485,0.6989917409013972,-2.299550558109206,0.9,0.8305155411649099,1.3877641337636613,0.5951062093333049,0.5090223323851423]],[-178603927.6992417,-178603927.40051544,[3.3768077426703793,0.0,0.13517554573421697,-2.842377456390755,0.7586123638058768,0.6521796989771688,0.7835223962803558,0.430507724116225,-0.7698163094402038,0.4148541991784952,4.490821065633093,5.255407129422888,0.45323111399985266,0.6780269945834727]],[-179298041.07759973,-179298040.66455078,[9.431422129864687,0.45523794848507726,0.0,-0.15061084374186723,0.3091412699277225,0.6345444890432946,0.3553282652437403,0.9026722494777855,0.05987920900799239,0.4776035042636172,1.315146447788067,3.5353393877897545,0.45165874688131197,0.5991343200292323]],[-179775374.2147492,-179775374.00045896,[5.9410478105593825,1.0,0.25651656608779727,-0.5766290440326647,0.0830356142400569,0.6581116984252192,0.5916818308232543,0.5719448971500287,-0.3855434381670213,0.6135671787946546,2.284957072898928,1.5545619806896052,0.2518797892049466,0.5082874299896213]],[-180278664.6616124,-180278645.6776055,[4.926110389478381,1.0,2.8848973673988754,-0.6372570512648583,0.9604522193613241,0.6792389399626834,0.5107121076154665,0.8494097156815036,-2.35029156329,0.5428940380348726,5.4471714528197905,4.127061176809181,0.5553736896412256,0.49708644634865856]],[-183514717.36869475,-183514665.96998215,[4.543233728129597,0.18902228207895316,2.8036730090406703,0.752103264331248,0.6558590063191467,0.7831818332962446,0.6534078543955466,0.0,0.2562296824471976,0.8814602213629281,3.2022935626799045,6.405293472603498,0.4095150142342574,0.3852618026003781]],[-183527717.65959418,-183527717.60565662,[0.04198387213666255,0.9585928480613449,0.10856228592218531,1.310247400563984,0.6255936885461786,0.45771249129291125,0.5926912329479441,0.4788475635791836,-1.89785164153871,0.11282421198173398,0.44231126743940186,5.046174177692333,0.37604065871024417,0.5020713632512506]],[-186180719.6625839,-186180719.19386935,[6.063101777712982,0.0,2.22856580495538,-1.3725790461625893,0.6403520140638478,0.7728442608879348,0.5300939771525182,0.7439102087177455,-1.7863623908746402,0.7992336774806998,6.565679168729885,0.9937541101191374,0.4525931937198995,0.3842895484362755]],[-190653357.52673918,-190653334.22608435,[4.217835268535792,1.0,2.972084800917539,-0.553158250099045,0.5261671620403455,0.7209507979343684,0.10374663268800993,0.20054539945786848,1.5127172681023493,0.37417757919481986,4.72954986168316,2.345048536184766,0.6732551919337397,0.5618236738116653]],[-193410644.12890932,-193410643.60019553,[8.42639261064671,0.0,3.141592653589793,-1.3788314826570056,0.1950479530190184,0.6950152044216062,0.34295207600412736,1.0,-0.5927591814471387,0.5252307985812501,4.753784887757211,4.515694113684602,0.7415621102928969,0.5459815087813908]],[-197222493.7439653,-197222481.83771563,[13.659730037280799,0.9896080281696578,3.0222089126198655,-0.8301086550702115,0.6482060729361578,0.6401212581018874,0.2470458327221361,0.6496356133153339,2.682589619682619,0.6073425961366448,3.34215562256962,6.349791354962635,0.662695708660809,0.5958275070406891]],[-209750697.72465703,-209750697.04280937,[6.229989326934768,0.4130355703322648,0.0,-1.292629971077256,0.5758286638860356,0.7520533188110552,0.4886100117449568,0.8458598705999134,-0.3400271058265959,0.6258636278127442,5.555399754045146,5.988137598273731,0.587271710530634,0.5817632955411234]],[-235273966.76320425,-235273965.93333817,[2.8007998214697993,0.0,2.5577636201643053,-0.2602285907664892,0.487453978256159,0.7813854344788567,0.09643975449529202,0.7647733074431013,1.2201159403511599,0.734348944508322,5.085247601392834,5.734852990456392,0.4239034776663243,0.5015392875412658]],[-236377877.55117643,-236377877.55117643,[0.9616632223133328,0.7509381704441724,1.488281145457207,-0.8363056336324552,0.158436035111653,0.7663126264117996,0.5856607956373853,0.28221848650666836,1.4798376596560887,0.444852725911744,5.917098397310477,4.899772014891506,0.41665677285749314,0.43058484362695415]],[-240073348.27622253,-240073344.77229857,[6.4318083089497,0.0,0.0,-0.05865464576080519,0.42895836953684496,0.820992969678777,0.06161721679632226,0.6352661229557729,1.1566049993837086,0.573024376844987,2.3542404395960927,3.046753001374666,0.43783924524344875,0.5908492682429182]],[-254110144.3840879,-254110140.48211753,[2.80253779461464,1.0,3.141592653589793,0.48985435969316765,0.6024064134157355,0.8516710433355366,0.0,0.5974275510798378,0.5625686329775635,0.6019744342990485,4.257451265674845,4.514487497136909,0.7639054853257929,0.5174588361416758]],[-260384065.8885752,-260384064.39271832,[5.962117879299548,0.0,0.8244279177352818,-0.9434565523860823,0.35249771840956,0.9260447132335451,0.8937178755008721,0.24476407115238258,-1.1463367433272147,0.8185211719036026,0.9224784848415757,3.74273284781329,0.6446500344152861,0.4550488179563818]],[-267783131.41988054,-267783102.16132486,[3.3560527134721765,0.0,3.1412318028780573,-1.022328911000244,0.2668688222541872,1.0,0.8015185952605999,0.7048597961384623,-2.3887132975391334,0.21888610466187974,0.812180056097481,5.215393701448851,0.5502014583356235,0.48054604587018823]],[-285771629.1731114,-285771601.3027458,[0.04934170484477818,1.0,0.6510295189124395,-0.8321425528065762,0.1911837093912438,0.5311191457401438,0.607427646340482,0.039231948106872416,0.7254213652844514,0.9,2.6276187563048605,6.3470079998219155,0.3077201420772886,0.4652546121837228]],[-318425447.2317096,-318425447.09928155,[10.25901917878599,0.0,0.6591007113089238,-1.9581531301444506,0.8869056572099836,0.728580617232439,0.808140306422595,0.6604429499124531,1.2574471189423642,0.7205618578199195,3.990682791173277,3.966395651114936,0.520274864718806,0.512844964706684]]],[5.364736741918218,0.7744904508422009,1.4924567075372026,0.7229753986128556,0.4497099248077785,0.2761188311757883,0.5292781947402758,0.46054590475706025,0.015519273841403117,0.3776884017908408,4.187948124228608,3.862143607788763,0.5415106570921376,0.41000215105188187],[24.22676330198193,3.610524145245977,9.169746799312165,9.16989163042407,0.23846140042110944,0.268217579739673,0.23046034042101146,0.24288905721176812,8.535469506035213,0.24183499328373725,15.09765032028337,16.402500305464873,0.040447855676596554,0.04296963150862815],[[24.22676330198193,-0.023464111696410498,0.07141200172777437,0.01854342583779128,0.07633342461936032,0.06798170320651253,0.060026476824641115,0.039278384333504356,0.13219752090776085,0.027292114730736748,0.057623821414880226,0.36098869394449673,-0.013245181001577032,-0.02873460354978227],[-0.023464111696410498,3.610524145245977,0.02972040134483434,0.13756176760565192,-0.00897566069761254,-0.017776257389163642,0.004479465987822093,-0.00047850134037538396,-0.005505319383636806,-0.014306351783828752,0.07888167266476538,-0.07196411416384786,0.007655383397934653,-0.019758535324966128],[0.07141200172777437,0.02972040134483434,9.169746799312165,0.014346030039893388,0.019385617843231884,0.007302498747380934,-0.004754851727057018,0.011152030848729746,0.12636534147517373,0.03644894167800813,-0.05239455705014082,0.11932547281558596,-0.006426149414345564,-0.008289234567936126],[0.01854342583779128,0.13756176760565192,0.014346030039893388,9.16989163042407,0.013821553783082433,0.015745615041084425,-0.019766341082926523,-0.036185962192005365,0.04685696117408621,-0.0009037689926043243,0.15079198985456488,0.18594438130694055,0.044847757074800494,-0.06340828406776254],[0.07633342461936032,-0.00897566069761254,0.019385617843231884,0.013821553783082433,0.23846140042110944,0.010886756087136656,-0.001940180229297899,-0.002400434699372776,0.005204473752390708,0.005000717356107423,0.0073154302546939495,0.07767357406989021,-0.002179045727708215,0.0009391989076092937],[0.06798170320651253,-0.017776257389163642,0.007302498747380934,0.015745615041084425,0.010886756087136656,0.268217579739673,-0.0021755117886010328,0.005911979544236334,0.00307139141337602,0.019654926445158885,-0.004924942508087257,0.0689079919139899,-0.0012127282784198952,0.002801220959498859],[0.060026476824641115,0.004479465987822093,-0.004754851727057018,-0.019766341082926523,-0.001940180229297899,-0.0021755117886010328,0.23046034042101146,0.0038125658975062668,0.003540185656607278,-0.0023806094175506036,0.008297344333610289,-0.04668608515413808,-0.001801356070055157,-0.0010795157715995248],[0.039278384333504356,-0.00047850134037538396,0.011152030848729746,-0.036185962192005365,-0.002400434699372776,0.005911979544236334,0.0038125658975062668,0.24288905721176812,0.01678692221377433,0.003376033672726011,0.011374503016823103,0.0031752735303379113,0.0016607365033365616,0.0004419622881697589],[0.13219752090776085,-0.005505319383636806,0.12636534147517373,0.04685696117408621,0.005204473752390708,0.00307139141337602,0.003540185656607278,0.01678692221377433,8.535469506035213,0.006424338059953115,0.11801643428493724,-0.11060668357572893,0.001117990550719984,-0.019601413648222384],[0.027292114730736748,-0.014306351783828752,0.03644894167800813,-0.0009037689926043243,0.005000717356107423,0.019654926445158885,-0.0023806094175506036,0.003376033672726011,0.006424338059953115,0.24183499328373725,-0.04325572150994216,0.07339197269289656,-0.0032424994317722224,0.0016730454332290318],[0.057623821414880226,0.07888167266476538,-0.05239455705014082,0.15079198985456488,0.0073154302546939495,-0.004924942508087257,0.008297344333610289,0.011374503016823103,0.11801643428493724,-0.04325572150994216,15.09765032028337,-0.5389432952117111,0.01977660412603088,-0.02476499062055628],[0.36098869394449673,-0.07196411416384786,0.11932547281558596,0.18594438130694055,0.07767357406989021,0.0689079919139899,-0.04668608515413808,0.0031752735303379113,-0.11060668357572893,0.07339197269289656,-0.5389432952117111,16.402500305464873,0.016966366770625203,-0.025390639208430887],[-0.013245181001577032,0.007655383397934653,-0.006426149414345564,0.044847757074800494,-0.002179045727708215,-0.0012127282784198952,-0.001801356070055157,0.0016607365033365616,0.001117990550719984,-0.0032424994317722224,0.01977660412603088,0.016966366770625203,0.040447855676596554,-0.0030247812458247102],[-0.02873460354978227,-0.019758535324966128,-0.008289234567936126,-0.06340828406776254,0.0009391989076092937,0.002801220959498859,-0.0010795157715995248,0.0004419622881697589,-0.019601413648222384,0.0016730454332290318,-0.02476499062055628,-0.025390639208430887,-0.0030247812458247102,0.04296963150862815]],0.609179811577656,[[0.0],[0.0],[0.0],[0.0],[0.0],[0.0],[0.0],[0.0],[0.0],[0.0],[0.0],[0.0],[0.0],[0.0]],[[0.5525400468607033],[1.039564630735582],[-0.18887993905663486],[1.8253935634405776],[-0.7618448406705564],[-3.391578014947981],[0.4435356583136898],[-0.5976904744975908],[0.03918360518728883],[-1.8528995968618216],[0.355903496390632],[-0.26104847914363416],[1.572113375134759],[-3.4084457336015688]],1,100,-49565235.48173725,-49565234.99222058,[6.179555583177555,1.0,3.141592653589793,2.0085126079276048,0.6283898034411389,0.3245249827294019,0.48181814466597034,0.5825557245203901,1.740673352933797,0.39527193467866917,5.740459390818354,3.4717034478399142,0.5868683528047451,0.30469447749086354]]
