["generation","mean","variance","covariance","_sigma","_p_c","_p_sigma","iteration","num_evaluations","best_score","best_evaluation","best_solution"]
[[[-50138163.67393613,-50138163.67393613,[8.023584822000025,0.581685839833767,3.107354499010004,0.16894273281639133,0.19961008025718174,0.03734599174492359,0.5630470255240697,0.8039971960135301,0.10180704767618015,0.3088570977019328,4.101200089594125,4.494299854616998,0.49634020086999164,0.42200919616845634]],[-50790459.646323316,-50790435.02472466,[6.281471290211183,1.0,0.6285177258051917,1.696155008512358,1.0,0.4172235116101755,0.5414097941705762,0.8113536567090069,-1.9204631172869246,0.18641315887715298,1.4880724595010837,4.922810329606144,0.520006884075783,0.3449686247860202]],[-55080745.24316545,-55080739.48573583,[6.738730913002119,0.0,0.947149368415888,-1.8358685128892336,0.3931753647446063,0.34183340950060415,0.08172479209196937,0.6890743094857007,1.4855974849747038,0.1,2.290085322298528,5.213855161529949,0.6933847835385404,0.22633320697791404]],[-57785327.177048095,-57785296.495914936,[4.721336469483639,0.0,1.2922004741305815,0.6434990719743156,0.6479303908188976,0.260628581559041,0.21958683543296298,0.6935071927831458,-1.823724422497678,0.18085541866037802,0.6017799153642596,7.679069002365319,0.7342312542925665,0.45945503429039747]],[-59295525.99377448,-59295514.29435867,[4.836198136889909,1.0,2.73379889579546,0.5814262664917932,0.49621938612755107,0.0,0.8215433120708329,0.0,4.0,0.514125927277024,3.012483393093051,2.7312678596725304,0.4795000134817504,0.43058848994393323]],[-60843960.33303195,-60843945.98852044,[5.173725217289425,1.0,2.3991016579075954,-0.7419564162524241,0.298057399138271,0.12146481382960062,0.30262738083487983,0.5914502756876345,-4.0,0.5002779326431384,0.9785801497541309,2.5774090428722514,0.3957879212307128,0.4272475343923735]],[-63042403.74931454,-63042403.721889734,[5.014489106949258,0.6496569223909094,2.2286330348868764,-1.6169498995042757,0.6014290253016559,0.21888528757816073,0.4612413818460699,0.6323013665143247,1.6510390552208043,0.1,2.9712373518328237,4.182462553196729,0.41667344830148945,0.46597197328882534]],[-65158901.4259404,-65158900.671640575,[6.130880587480301,0.0,2.0996539140983246,1.5924451974053895,0.6692321780630522,0.9880607902283445,0.431924824011061,0.290474239874782,0.20930368630851195,0.1,1.6817014227364697,4.3196313956754055,0.2845018209026199,0.3003715817402378]],[-65478589.653687544,-65478589.633696675,[4.498720891928453,0.7270938426861462,2.165365533597786,-0.5413010703887994,1.0,0.40800316646112933,0.4050141345226511,0.4166581201453783,0.12526338339031737,0.1,6.274348441177022,2.8440739663404377,0.3425434187805604,0.29363677166537594]],[-67874379.8833144,-67874379.3113007,[3.173839567365035,1.0,3.141592653589793,0.10063249020032443,0.3926777162285363,0.2342919228115185,1.0,0.6829807461506979,1.0578807060511746,0.5281207942895297,7.106242973403307,5.746714737251718,0.5745313291217056,0.43279736202454117]],[-72107456.96081133,-72107454.8985632,[2.8881283133497817,1.0,1.8903143661629054,1.7651258849656117,0.06413047602509331,0.17207976484304754,0.4472208398745027,0.6913836900762124,1.3435783121248315,0.2833827547913277,7.283893897294927,5.213174051976172,0.6202417782550008,0.5081867958880083]],[-72944458.12777746,-72944456.9375403,[2.5719101856444575,0.0,2.727418432141239,-2.2612182562112806,0.46038912111846525,0.08414032775429181,0.31414609001590343,0.3467577440533387,-0.7351025751331395,0.4679669384212575,0.6310341676904887,3.2389881328906815,0.4758805508287009,0.5041846961453393]],[-75017927.45912988,-75017918.25526065,[7.090586166709667,0.8193708194739266,0.3739872779733857,1.0188918755997989,0.4659658147708453,0.17412821438182885,0.7377014535287773,0.8716516924505298,-1.982117507699056,0.5078536769644679,5.283907865361433,3.0065105505482492,0.6037149470652805,0.5292931151324526]],[-77303173.046275,-77303168.641608,[5.593261166466947,1.0,0.0,0.8279074416648554,0.7588127723366788,0.21846415104666,0.7377308957409312,0.2336245097272761,-2.1702634698183556,0.6836163116474572,3.3957962609211947,1.904834096296835,0.48810083828673106,0.44502920704016113]],[-77906930.02543186,-77906926.16026044,[7.483492161173944,0.07281430540166495,0.0,2.7465590975944196,0.0,0.8288241338169957,0.7331164469023778,0.7269705994199868,-0.0006279077049916196,0.4905195837236143,4.838441025573286,4.467313551437548,0.5101492742978798,0.39192339220092953]],[-78048186.48350522,-78048185.29747194,[9.526835292835095,0.0,3.141592653589793,3.7702090492846887,0.24068467634823243,0.6312755828332061,0.2837952757462805,0.5727196510544493,1.7405913135772857,0.2845854193067566,4.120148789593099,5.52428508798373,0.45478723545516475,0.4612722661151748]],[-82004497.81294514,-82004458.50823283,[9.040856304967871,1.0,0.8594611072226928,2.6597968603672624,0.07535014182492278,0.5831558814987523,0.0,0.8434070670488214,-2.3302874237365234,0.4727354863098831,6.122383221007507,6.021669749797651,0.5193818815431258,0.457840857401544]],[-82712665.09361011,-82712665.09361011,[7.593808216566227,0.5595233472403915,0.5604248040665738,-0.705530566019276,0.5710614144179741,0.344138237265715,0.25785256875309864,0.5073353112957836,1.907191477628927,0.4754315146424058,4.709806408171232,6.093961620316378,0.4617291962876465,0.43286622147400616]],[-84597045.95206764,-84597042.49887145,[4.492576303393312,1.0,1.2488936593032318,1.728761018769673,1.0,0.3177723509823004,0.9133216407877032,0.19699312330967866,-1.422092167767663,0.46005429688439925,1.9640775140742064,5.402637881476711,0.51063576219777,0.5396898120734046]],[-84891422.14120051,-84891421.65714723,[2.528352250573587,1.0,2.3264979908192824,-0.34892123903072425,0.10399546324525805,0.26249532686542154,0.3466227868749624,0.37155529162968004,-0.09504083801073789,0.4828710893779702,6.075952796357729,2.177712533150299,0.20365085886796025,0.4041788099814869]],[-86256316.30325608,-86256316.29865205,[3.668685115527041,0.31010250899812036,1.9351437471194606,-0.09944666636700245,0.0,0.45289323845809537,0.6558287680581736,0.22390381083131156,0.12700549660971105,0.32041080719989257,1.7010552425244638,4.8068041338329115,0.6238450768500061,0.3780892152119219]],[-88245691.64136077,-88245686.94989175,[5.119114060713777,1.0,3.141592653589793,1.7347921779065418,0.7390837712518741,0.35829869750825416,0.4359314304850533,0.4398544784816304,0.780963838377266,0.312664144790578,0.0,1.1183522850089562,0.3105170519942937,0.5292314263894997]],[-88930027.7623394,-88930027.74091291,[7.344217471661843,1.0,2.4644718309441704,-0.6453460725588784,0.11149511071219731,0.0,0.27957192367517425,0.6865086613629398,0.8999584736118923,0.5799471925847769,5.17921068908156,2.3862313203887244,0.45923610933211517,0.6051324432030616]],[-89950968.55096866,-89950966.37573612,[6.718621320839283,0.7789965308375743,0.0,1.8201985465834802,0.8403590047867979,0.5169440964702062,0.08769511542253783,0.8737064831508214,-1.044859405159405,0.6791326825172779,0.7443685091117289,3.695655174642481,0.440457561437839,0.4396949256725003]],[-90850795.4163188,-90850794.07541978,[4.66590149137319,0.6594336259412221,3.141592653589793,0.47021278697015634,0.01693903766904331,0.4677212572934602,0.3836007163552547,0.7229275976705886,-0.2676854144599125,0.31571112491227593,7.074021396741408,0.0,0.4898445783036112,0.43163198784952883]],[-91299747.53775401,-91299746.11484337,[7.23070830801205,0.0,0.0,2.964966276641701,0.45301981838132155,0.34483247181373117,0.07264534019798669,0.7410416043996617,-1.357197826563698,0.3229066477343325,2.8356713952098507,0.5266253172328463,0.47118635861991043,0.6082691181402698]],[-92169205.58992466,-92169204.54132235,[6.247676688895635,1.0,1.2627884157281912,2.1340382484790266,0.9587732325735209,0.4360500319505737,0.3197054201976281,0.6003580301997724,2.238325273829719,0.5399703298683523,4.156589782016411,0.19733234777942155,0.3613004372212473,0.5111692783460219]],[-92399639.51768075,-92399635.07296991,[8.587264743757782,0.0,0.663017677941009,0.699270387982611,0.32103226450733224,0.42704468593252143,0.4500092228213086,0.4399127925403596,2.600208357019977,0.1457569985634905,1.8440397996662852,3.503965666107679,0.6354179648482886,0.5264215111044327]],[-93578900.5634086,-93578900.41739976,[7.508417489212819,1.0,0.8005691507081866,-0.6205454827302778,0.6921151587381273,0.42902193956677925,0.39341035764804855,0.6457632637299192,0.0738795491008776,0.528784793743919,1.125373412912217,3.9227013920576423,0.39880687092012007,0.42233966791932664]],[-95798430.66190378,-95798429.5738805,[7.489563455053478,0.9358804068469319,3.141592653589793,1.6440957727753203,0.3668250769784992,0.35897093319026874,0.60429796155887,0.711184947664545,0.9344799849756188,0.7082003973774554,0.5572525997990958,1.6521255917310915,0.5137689082815221,0.5151756543856162]],[-95934087.85716589,-95934087.30408615,[3.0269884190028726,0.0,1.0150370738744634,2.647653083647888,0.46367462050840325,0.3999578905022235,0.5007819803511913,0.5707146121944078,1.2361898116857923,0.4615525366195212,5.416193046833225,4.445360179551616,0.3589477486851086,0.4549135192002549]],[-97032131.940718,-97032127.4395827,[12.285969648979762,0.4335367832502317,0.0,1.3376174418546019,0.29748004543169476,0.51326452185549,0.4036703494463225,0.3460097384245965,-0.530641351604116,0.9,2.557897198370564,3.9516031199289583,0.3282124858215578,0.4309385136681807]],[-99467829.83041935,-99467825.8093031,[7.252090373212113,0.0,2.014233834241846,0.5583890744138181,0.6388191017513345,0.3830014803613584,0.8745604940143035,0.6084690808898398,1.6774864143873964,0.5709613251357872,4.8795025369708664,4.972035133302066,0.30003454954688646,0.4858742153566758]],[-100551568.89051732,-100551566.41370088,[10.916567283553288,1.0,0.9474863040375108,2.2316435405967865,0.37313444985721755,0.5162187238988035,0.4846922459655967,0.44480727862896163,-0.7777255324756976,0.11264716212469789,3.250882405464005,2.1926047225497145,0.6002374781250792,0.6773631494628428]],[-101672215.4002767,-101672215.15003842,[8.206024502087462,0.7836053945025576,2.73493056230595,2.5098673501822044,0.08105686029893427,0.5840098165778553,0.14709736883424673,0.6196935419627929,-1.176728571056695,0.7960535135545019,2.1684455710665747,3.058046086976054,0.31380273061232566,0.47427631280351445]],[-104264226.27366832,-104264226.18646741,[4.992052046950545,0.5578995634976742,1.6501343186486026,-1.6826400397584802,0.4681824024761511,0.4168256522339779,0.7636220235459007,0.5328313805925574,-0.7948171056741036,0.5769924762911918,3.753607348693822,4.306891415431506,0.48181288863099464,0.5390369229281834]],[-105554394.17772952,-105554394.12733012,[0.0,0.5294836832631037,0.9336601990909914,0.32728887012314195,0.3725000254927054,0.17976461958414441,0.5119138072013049,0.3941951619317798,-0.5187772060156954,0.1,2.941028753686304,3.8733481503391625,0.3813097375780253,0.37112556350373427]],[-105875195.26609133,-105875194.72234237,[4.529882052648205,1.0,2.192774647754769,-1.4540778573387763,0.6456834538897662,0.559906652582095,0.302370214124881,0.5985526958103935,-0.8010459858465908,0.4716815811375901,4.411011334564933,1.5376577532665867,0.43865358111647496,0.3747211385462357]],[-108421951.11275516,-108421951.09598064,[7.276493851562873,0.23412836320533814,2.7628829526679057,-0.9664587697029658,0.5743036272127188,0.4901973511154515,0.7307047493676013,0.7279156546011374,2.3029040922963,0.4426399927345452,3.379485036367881,3.6921766839058847,0.5064516402889974,0.42676594161087994]],[-109356654.38099171,-109356626.0500803,[4.391374888826233,0.6446497601536516,0.0,-2.3710974568262175,0.7585219167016162,0.43372873398060346,0.7865321448502894,0.15682256208338058,1.5222207866407615,0.3730128116448742,5.105914346039085,7.096891838648046,0.5151336571565188,0.5382227449695598]],[-109619370.29912543,-109619369.87343132,[8.613605352400374,0.0,0.7265822791658099,0.3350902277191804,0.7531502346149095,0.4372574986317001,0.0,0.5618928564931649,0.6699014478159835,0.1,0.4776000506705169,4.192234054554197,0.5335784564669667,0.5258571708959633]],[-110083198.93601549,-110083198.34804845,[7.261437676140253,1.0,2.031173499466293,1.5312621831267172,0.52536682884445,0.9192544131274676,0.5897176206231193,0.3185904192498963,-0.06405865826890322,0.8368750915094335,3.46554918903372,3.223057771232099,0.41741759379901106,0.4644123024136276]],[-110682998.80788592,-110682998.37961674,[6.006273268012139,0.34150673924866404,3.141592653589793,-2.3621403094340194,0.45525408024616815,0.46276482523923335,0.5742870522755956,0.4321958982957418,-0.9426912755869112,0.17333748440917102,2.642902365411401,0.0,0.5370982896268005,0.6082519352294804]],[-111017487.40388076,-111017465.70140183,[3.8379995667815754,0.8300301758165096,2.7946109273747526,-0.051609879468298064,0.0,0.5757347908317721,0.35441807002040526,1.0,-1.3480717270451472,0.3154624589799213,4.1575698894286,4.635646612341389,0.4419899192751482,0.3934508807513643]],[-112558951.82779162,-112558951.29945445,[8.962994069248873,0.0,2.5118144911957967,0.23539021328386117,0.002455998184595798,0.5229923949689584,0.17412317726243215,0.6475362069768562,2.0458403523118727,0.36215547450351826,3.4834996240316842,4.276420815312722,0.3975830049456706,0.42940597068654796]],[-114694610.08036068,-114694609.4303683,[7.055027991157049,0.7259986430208077,3.141592653589793,0.3462265481278108,0.4635269648352263,0.441568697451357,0.8355242267142796,0.26679761829571,-1.5800105477597297,0.5580942239948119,3.7343442993732143,3.848536313739601,0.465694941735321,0.5717083319526819]],[-116896822.44036001,-116896821.82180095,[2.213334005556118,0.5299374442467241,3.141592653589793,-0.0642802792920954,0.3003920236714823,0.34330179712210707,0.34697923861462665,0.6431751619840425,-0.048089220631928595,0.44059978855892434,0.7516614729293969,3.8581625217670226,0.46367025163508624,0.61307641395805]],[-121157825.6088256,-121157824.2448057,[7.546652914743003,0.0,2.9318095173796634,-1.633346786121356,0.7411110525214829,0.5060668729450641,0.43007534911339446,0.23813011111498944,-1.8103701309816316,0.5595641950102725,5.972685816479545,2.5990710487644746,0.3425040100437525,0.5132544608468003]],[-123043142.05930154,-123043142.0556655,[4.61460088551882,0.20325045582408896,1.4011584275986317,1.9332147678016038,0.5427438330164914,0.7374936414234967,0.3963165514706157,0.3065480955343959,-0.7458226211996944,0.77806975507772,7.042363283445578,5.031690775450455,0.5468890579288732,0.5286847334215768]],[-124221815.6036177,-124221815.31999028,[4.939387491944504,1.0,1.5836177610849467,0.5108276361943778,0.3035995914602341,0.3301739287005363,0.0,0.7257521074793643,0.4465243338790188,0.597730082296287,3.6653131631619473,3.439959818078821,0.46709337395401596,0.6825941501961771]],[-125494621.16850807,-125494621.04417562,[7.276928004844894,0.8571243159953232,3.0358835662229247,-3.2777282898473055,0.6079433656253005,0.27156473132890147,0.7565810595008076,0.4561375252092472,1.9472216030640772,0.9,1.6998137946146494,2.8890816026947355,0.4911693369251406,0.6458266245325215]],[-126124147.8862836,-126124132.8072859,[9.33709574648083,1.0,3.141592653589793,3.0862165517859586,0.4731479009298809,0.6444917034790336,0.48231224554734564,0.14732393091889157,1.1065442398921892,0.6095660532342246,3.4456984958618158,1.043939472582665,0.663684216291889,0.6836128092148912]],[-127692811.8751829,-127692786.71908772,[7.116550787740272,0.5351982337535537,0.05255748833622498,-1.5359883291947358,0.38734769710335404,0.6626994717466747,0.3511431391682016,0.3143954180649227,-1.9519494833392015,0.5366011620580463,4.574551941539126,5.359555282357103,0.6207139843256584,0.24816175893056863]],[-131132575.39215732,-131132572.74401593,[6.156849867436123,1.0,0.24329093893948417,-2.576865097321602,0.10721050061745369,0.3676844453791049,0.5976958076511926,0.6694675734088043,1.6473502187396492,0.9,4.444884466800816,1.2899529366201699,0.5774717439702111,0.6002255209866492]],[-131202156.01940063,-131202155.09677708,[4.37389621990811,0.5233653259879766,3.141592653589793,-0.9172295486241766,1.0,0.5024412654327478,0.9766021637363282,0.6721049509009067,-0.09786726010337354,0.7641008985369806,3.2606253287401,0.35458862668192515,0.5768057398279642,0.43282813617388066]],[-131847871.89822246,-131847871.45715618,[2.3671191361447703,0.6863761390699031,0.0,0.12991416455408958,0.0,0.5356343826495459,0.49208908942947005,0.5779794609760898,-1.1681784697866437,0.4310859800164393,6.9193052023362425,2.6805320704019038,0.38026402985089214,0.535898295438152]],[-132700164.38749048,-132700118.98112333,[2.6083435784471374,1.0,3.141592653589793,-0.8484495621355345,0.9464484556423027,0.6218978934426505,0.4952041492822953,0.6913989021986884,-1.8159870963783842,0.11377189116938152,3.7173240231490947,6.601990858438586,0.5388258902598382,0.42632194405197626]],[-134027831.76844525,-134027831.74392718,[0.6140429030317591,0.09662701872173313,1.7294877743560078,2.1538641234210196,0.10046222811978134,0.2541285103273564,0.7645376886622588,0.6159217190427675,-0.7627518104025066,0.9,4.050047622671366,3.7496462888183277,0.658987264730034,0.5258285891130893]],[-134792452.25149843,-134792452.06524312,[4.71436350192364,0.0,3.109556106850942,-1.385835384763468,0.605326901162465,0.3367693589733494,0.4912100766533507,0.6489943611064622,-0.1380223873006373,0.9,4.685810908092666,0.0,0.5400495521460847,0.6507435212862017]],[-135430530.78263375,-135430527.4317013,[8.264492137156644,0.0,2.5757118366180483,-3.839749035555932,0.5943352236401084,0.6383676257659159,0.5143326566168295,0.6697227537442756,-0.1734927789918274,0.21846120025777876,6.97897134420718,4.458483942358165,0.3560796622871132,0.4335516835077748]],[-136286121.6623477,-136286119.49082315,[1.8971677523287047,1.0,3.138882310665364,-1.4569097504304707,0.26537179025386537,0.521025393055376,0.0,0.6187194189430094,-1.0864522842489044,0.5527949412785403,4.032822855322993,0.9770489093327779,0.6176083110440245,0.47715761424950004]],[-139340630.40661037,-139340621.85103005,[6.375415848489322,0.10211383956399883,2.0753269930640026,3.0834633859854113,0.5332988710561368,1.0,0.7463070846408933,0.0,3.9835606748466232,0.9,2.814193491349625,6.55277412041112,0.45314467718642387,0.5882622339964783]],[-142457167.56695843,-142457167.56695843,[3.359646643352264,0.4929295986220254,2.38078307377262,-2.3770016329324104,0.23139531282439885,0.5950866262537374,0.4386710794563223,0.4049105041460811,-0.5009795238318904,0.60748302940623,0.03659628089555067,2.0990996715148342,0.39132759192404926,0.4782594871445408]],[-143198834.73943007,-143198834.73943007,[2.416214892105085,0.390448801615458,1.8492715512071993,0.754678349422252,0.15611738898878463,0.54269724037315,0.6640240613474201,0.6651872332125752,-0.20831255824834433,0.5523625675401533,3.728832084949943,2.4522153527670456,0.43622759719704696,0.5559953033096541]],[-143996859.11813414,-143996856.16850603,[4.922296494478618,0.0,3.141592653589793,1.209722842662399,0.08054942946255744,0.6602229920521022,0.6024587516573723,0.8931432451779523,1.860406946435492,0.8018407352470748,2.5762053904542226,5.378961113402957,0.3495804033230684,0.6187146827969471]],[-144549934.23747817,-144549915.35778117,[7.484107925695608,1.0,0.7449538151659477,-1.255208272904449,0.4971836714913701,0.4531452466546412,0.49457747535502555,0.24620070337046723,2.8155160338272998,0.6830883194977209,4.312352674908138,5.215173631569566,0.5149160680611499,0.6559756098181603]],[-145399904.6115484,-145399901.458488,[6.294119369848322,0.0,2.2264598805876568,-1.2559472246691568,0.6002057112824584,0.6628257673351087,0.5031991078341606,0.7925139271214111,-1.368021058672079,0.5550201847547588,4.933536805808636,9.0,0.3883522379851951,0.4032105523502857]],[-145930358.00869393,-145930357.8898672,[7.626385736071582,0.29001515352798135,1.4890758421492436,1.1425500589527018,0.828015840103576,0.7151542394099353,0.6590174708840117,0.26149675428309804,1.9161169231623032,0.6282897796910774,6.09523212168483,2.4332578068268504,0.3501528385583017,0.6744712940147004]],[-146887779.29035223,-146887779.26925993,[6.374534089089895,0.3662945352975324,0.7238088274030176,-1.0927250111673912,0.36055255112168677,0.5591185600667307,0.6839132959961309,0.43564090855773707,-0.8764075754261624,0.33883579937452735,3.5781802907213094,2.264435243640742,0.6003798014687959,0.6515360178703118]],[-147874712.30098844,-147874709.62610698,[5.621652053036379,0.5417601192162997,0.0,0.3872429619855523,0.8375545369920366,0.6176208452678492,0.6279893196784421,0.2090470893215609,-0.1334801871224875,0.4982100041894501,4.492592070732523,7.423722184413595,0.5384064399382118,0.5326407848451479]],[-148246635.64614594,-148246634.67977345,[1.4950850545559198,0.3195495625107868,3.141592653589793,1.2907260479941047,0.428413234791828,0.6898884052501563,1.0,0.8025439200722171,-2.126989502978321,0.4383634747978887,7.424638201987572,6.338744180080255,0.6523298624237459,0.4327769141990817]],[-151538413.53213727,-151538413.53213727,[3.2370130354802846,0.48258259462017244,0.19022758047465893,-1.1400328688286603,0.7855833757166055,0.47317676126788194,0.46032456849448367,0.5072082096713573,-1.0493912712262585,0.6509168079199741,1.0251380995367745,2.6022851511470133,0.6351830591484381,0.6709367210614503]],[-154501179.53643155,-154501179.53643155,[2.6720142343788824,0.33871835099035075,1.5864129362387034,0.43730701293271423,0.5759930773622267,0.6426053827737428,0.5379049583681204,0.6405454107391336,0.6664170582969876,0.3413113536413682,1.4543888109012846,0.8972025157241728,0.5145587496235846,0.5113289379089999]],[-155020429.81809047,-155020428.36258078,[3.7941786172555707,1.0,2.145173756151355,0.11979425010958314,0.7735617872665985,0.49104799377846153,0.6592616302678322,0.41871761637828286,0.4790849376262917,0.8815161138555142,1.760150567147308,5.74272414051895,0.2682604409231323,0.6072749220856727]],[-155334435.11129525,-155334434.32061076,[2.4678594250215093,0.6710420188552024,1.1682339876924945,-0.3332531461233527,0.9324090536013911,0.5695268376511267,0.1048422190863959,0.863991054371745,-0.5660289371322902,0.3636347515250088,7.227310685172636,5.755310014727902,0.5681886242687441,0.5863581664253898]],[-157352849.5412855,-157352849.5412855,[8.21223902332801,0.6207289213014253,1.2165488421798383,0.250274870893705,0.3220583073265678,0.5890656081783425,0.5551580901590712,0.7294366528601527,-1.654590478806429,0.612833186955662,6.430347429787997,2.211429915003783,0.5997197741641535,0.5204542900317156]],[-159343141.5528758,-159343141.23255336,[4.464659243954339,0.500527152064828,1.2022344677198482,-1.477805468201803,0.27173290530081945,0.6805613901651011,0.6331767343082121,0.6829453579870559,-0.8145485050243668,0.6042750763161588,6.498348001218182,0.0,0.8115740756117734,0.421792508426945]],[-161907046.35846278,-161907031.54905462,[9.651629836944313,0.32408357725175185,0.4359876622424843,1.110737802378973,0.47075978102255744,0.7153231753142717,0.19473605099277885,0.5072474336576066,2.5676917912810966,0.9,3.7629650260641734,5.395943569617036,0.5399140415046407,0.7080493939734018]],[-165671414.60725266,-165671394.17717886,[2.719562921459237,1.0,1.062533393030133,0.9141165691504631,0.4830599633598315,0.7009969840986144,0.04153983814714313,0.30365749463928654,0.17908958408140482,0.4997882452018391,4.395417146629121,1.4072757479095168,0.5907162469961326,0.4309482419371897]],[-170459504.75707954,-170459502.0498178,[5.019114797979268,1.0,0.004151407935573559,0.7733996925692539,0.5026908453854925,0.8852280040726122,0.0,0.542471338060476,0.5198380465368891,0.8970619208312602,4.82304135068675,5.199579068158945,0.4292043677266554,0.38085775192776056]],[-173681491.5066608,-173681490.9341247,[6.551815977339389,0.0,1.5147740795625275,-0.7352720831048974,0.31629276538563883,0.720579949062863,0.4792292529911736,0.5194225314365265,-2.059641914115065,0.8231892345868248,2.1799961856322563,2.3883989357290227,0.44363453776593315,0.4740272895670002]],[-174281809.75565228,-174281809.4587295,[5.426699924942119,0.07691843271247328,2.903889622101473,0.7168450011361701,0.13467696890824665,0.7391650705038983,0.7708347754381802,0.2711674627886683,-1.1583617013279246,0.6889519317510626,2.49730242401448,1.8299901609162377,0.40531283211004526,0.49303235993158523]],[-175354837.6099694,-175354834.17615247,[8.171015491103095,1.0,0.7602577817907904,0.4192901936347575,0.04031473655981266,0.7037271053434895,0.7158606558771622,0.2541047854801022,1.689395495800175,0.392424160861663,3.648662045706892,3.850379366267902,0.5945902814872845,0.5712500043018248]],[-175718031.7887458,-175718024.71822762,[0.8447597721620559,1.0,3.141592653589793,-0.5437228885406832,0.8170288299666386,0.5364736246806368,0.9792558008090253,1.0,-0.7141999825290675,0.38927260903511907,4.67185275608705,4.653586864095221,0.5020305997057518,0.5534827753776875]],[-177266513.13410825,-177266513.13410825,[1.3359266509818184,0.018111201739925087,1.1184400256143698,1.4640538627841813,0.617143855931739,0.6717731538967857,0.4768399918537369,0.5591764850642513,-0.6540787212283027,0.8717815994502363,3.430422227443452,4.271730073820377,0.3586723838090199,0.3974968575541208]],[-188882338.3566955,-188882338.3533386,[8.545677196095085,0.2184199879472163,0.6569325752332601,-0.6994361781817702,0.46997969886568575,0.7876012295059558,0.44680546412733646,0.727380456761649,-1.251813606539607,0.4095443157548949,4.664559551965982,0.8121506885740875,0.5559200572189804,0.4550821705266812]],[-193671888.89678392,-193671888.65118682,[2.9107591919647886,0.0,1.2098428310336353,1.0953911073063283,0.5515494569208664,0.8528358917580825,0.8108079572312687,0.5933823214225664,-1.8964071212762896,0.8300245408017171,5.081419350079116,1.7293603008950909,0.525285406833395,0.6774161387929227]],[-195002425.06033823,-195002424.39618558,[0.0,1.0,2.2601212797423145,-3.4775035027084753,0.576071670913884,0.26025276134406494,0.5664405422294285,0.3927077871987895,1.3466071094255567,0.3921217254717469,5.810117655017472,2.860626955329072,0.39442932531520314,0.6292057206056536]],[-198282893.71932447,-198282893.18229306,[1.2568218107438245,0.0,3.141592653589793,0.6241247145383344,0.449654982916853,0.7299459458602842,0.21503707179683185,0.5679711915416628,0.023737206952026052,0.42997790002926206,4.674429364385114,2.7371437222389003,0.5903895762974947,0.44867330683264683]],[-201828940.20261866,-201828939.72157717,[1.6097765188713922,0.0,0.8736684355621407,0.7006282979961563,0.5762380051381824,0.6281031297497492,0.32297248600793643,0.3220403929399819,-0.7825292677629966,0.5602472555942029,4.769481339036598,4.561677502536147,0.4792438597338824,0.725502534014574]],[-206041860.43270355,-206041855.63864553,[2.021794449888965,0.2362584413471634,0.0,-0.65623071675182,0.3618516810821582,0.8083245573906702,0.48254753750030377,0.23349451451880715,-0.0159615250478944,0.34140423272269294,5.110966096800564,3.1049539487443116,0.466871456653371,0.5109721640835357]],[-223875971.86234424,-223875933.8470602,[0.40434675528639197,0.9380985114870479,0.0,-0.11983311698529332,0.48573486970319246,0.4502292739509809,0.4445515557116,0.9516407942458158,-3.5880592443279347,0.23147999107161993,1.0639328150379561,2.504729070343484,0.4958549315997651,0.7025596296122342]],[-230796636.28874767,-230796624.88269544,[4.4990474879810805,0.3728910776730098,3.141592653589793,-0.8556478529007534,0.39813510409566555,0.8791636436387142,0.535465748661068,0.48765719499248356,-3.547103489720419,0.3795139163758387,4.2815807757214,3.1951421566208045,0.4767428352780183,0.602935191202107]],[-247153504.6643312,-247153501.57954693,[6.48388658061929,1.0,1.358829414960628,0.688022842388156,0.4510756417574471,0.7168097585670592,0.33831627838538303,1.0,-1.093823331541849,0.7151114970126612,5.1474837727475915,6.8948750305083015,0.2813458889174205,0.5345942527897058]],[-271914235.6739573,-271914235.3075836,[4.8333377932053665,0.0,1.3059072876195392,0.032086576530056844,0.6494612166950562,0.9387788674569045,0.5848994460034407,0.8531980532253769,1.3259053432589858,0.8957652299227217,5.362330622003178,2.8988258466424166,0.4622858058514655,0.4508715469103807]],[-278686680.6007486,-278686659.44634223,[0.03135913578453753,1.0,1.6518460603954532,-0.8841986054952369,0.2954984319369721,0.5862584178750013,0.13800633857717748,0.28276715677617587,-4.0,0.527781304594893,7.424173059293391,4.113869450060865,0.2199593643365655,0.5348816780868374]],[-293010082.24207985,-293010072.5648328,[0.0,1.0,0.0,-0.389661191991322,0.44370489784820716,0.7562521839961449,0.6714327513445939,0.36413133284321425,-0.4511654163966084,0.24944996594666052,4.180633839267534,4.7222302263370395,0.7308358935784989,0.466195298961843]],[-293654419.6084761,-293654418.5075569,[5.624385417949542,0.0,3.141592653589793,-3.4685038909061756,0.4040347055410499,0.9156109565231452,0.653904392789681,0.5114910523694738,-1.5701636060526718,0.7463680780950928,5.509960728569833,3.7088605474466028,0.5678191620637375,0.5666264395109176]],[-302957048.0461552,-302957046.7618151,[0.10611631763696572,0.0,2.6322070375386724,0.6825518563337409,0.8026503158652034,0.7037632759507074,1.0,0.37493750933169134,-2.102191861622994,0.9,4.865436294112588,6.044609407007668,0.6450720124268458,0.5673029645128165]],[-336520358.9985316,-336520330.0266403,[8.548389505846126,1.0,0.2040816643268617,-0.671680940658726,0.7582940990667275,0.9211824482081548,0.029330344827775856,0.47404605617400464,0.6736034808333347,0.3554774023797509,5.336915300411324,7.986674614057359,0.6976394196047775,0.544791696040243]]],[5.826934814846885,0.5991901361135601,1.8047584540062558,0.4113364784578145,0.48850434169901474,0.30019597169007733,0.46221523919676655,0.5866239770079185,-0.07032054246542191,0.3253614552818477,3.22888174563099,4.281072200399959,0.5045489757315249,0.4139496327084507],[23.727654457691756,3.596374204035426,9.189760690533307,8.93276096628946,0.26233608446674805,0.2651573447554145,0.24819843258637883,0.24965267993605433,9.586758704768734,0.24871846775802314,16.321115684088767,15.286289677669085,0.04209101442701458,0.042059682604106106],[[23.727654457691756,-0.022647984511737225,-0.06177471613515118,0.5183010580867439,-0.04566272840464084,-0.037119886587439394,-0.05694992049632466,0.11747242847669277,-0.0720562574041013,-0.07737845820686959,-0.31536597258845933,0.24335073743840924,0.0043518728020793705,-0.04336100774779755],[-0.022647984511737225,3.596374204035426,0.02892735048872401,0.06404979403440635,0.008531510481731333,-0.026963989312699672,0.021325692066045687,0.0020200336320285966,-0.047230681325362504,0.008191745646056644,0.09214187328955106,-0.11166876919113612,-0.00717609251093855,0.0008476696620116585],[-0.06177471613515118,0.02892735048872401,9.189760690533307,-0.1152487048797746,-0.05357375714137343,-0.06728249090725959,0.021775700738835776,-0.015633828408971075,0.30652169563008685,-0.01700468098911689,0.10068040298092397,-0.1074788200265445,-0.019075245382052658,-0.0021810054609429012],[0.5183010580867439,0.06404979403440635,-0.1152487048797746,8.93276096628946,0.011568536216949107,0.03525164775571533,0.030819446487812093,0.03176017974336982,-0.19355830692974052,-0.01458632155088459,0.03603616097318045,0.15695638143141397,-0.00561247840472844,-0.002231920458649262],[-0.04566272840464084,0.008531510481731333,-0.05357375714137343,0.011568536216949107,0.26233608446674805,0.008059002670662974,0.0027864062702430475,-0.005750221081976987,-0.04872873785135382,-0.006187144098657139,-0.11023253393737559,0.0007743271256025485,-0.0023840266555998383,-0.0022047712772368493],[-0.037119886587439394,-0.026963989312699672,-0.06728249090725959,0.03525164775571533,0.008059002670662974,0.2651573447554145,-0.0019725923515915463,-0.008227826103883208,-0.011881658097186215,0.010129815907152756,0.05614905216236007,0.002857059799438278,-0.0034986718025282228,0.004294557728653299],[-0.05694992049632466,0.021325692066045687,0.021775700738835776,0.030819446487812093,0.0027864062702430475,-0.0019725923515915463,0.24819843258637883,-0.009630506426806846,0.044201263210726774,0.011323029695833408,0.08293114109566675,-0.04058975515477013,-0.0020289994962273904,0.003933186325596672],[0.11747242847669277,0.0020200336320285966,-0.015633828408971075,0.03176017974336982,-0.005750221081976987,-0.008227826103883208,-0.009630506426806846,0.24965267993605433,-0.08756394218921112,-0.011834507264206817,-0.0013593597671977442,0.0782178881512428,0.005254532679570311,-0.0036496219729446186],[-0.0720562574041013,-0.047230681325362504,0.30652169563008685,-0.19355830692974052,-0.04872873785135382,-0.011881658097186215,0.044201263210726774,-0.08756394218921112,9.586758704768734,-0.01083232850575082,0.6046565428571177,-0.08633670863894802,-0.002010809698769745,-0.004557170623102465],[-0.07737845820686959,0.008191745646056644,-0.01700468098911689,-0.01458632155088459,-0.006187144098657139,0.010129815907152756,0.011323029695833408,-0.011834507264206817,-0.01083232850575082,0.24871846775802314,0.09811242006203325,-0.07688353727590584,-0.002013060195612746,0.011081148656936029],[-0.31536597258845933,0.09214187328955106,0.10068040298092397,0.03603616097318045,-0.11023253393737559,0.05614905216236007,0.08293114109566675,-0.0013593597671977442,0.6046565428571177,0.09811242006203325,16.321115684088767,-0.25545601701775417,-0.013023134349425928,0.041863843739904934],[0.24335073743840924,-0.11166876919113612,-0.1074788200265445,0.15695638143141397,0.0007743271256025485,0.002857059799438278,-0.04058975515477013,0.0782178881512428,-0.08633670863894802,-0.07688353727590584,-0.25545601701775417,15.286289677669085,0.057973066830452696,-0.02206087512805002],[0.0043518728020793705,-0.00717609251093855,-0.019075245382052658,-0.00561247840472844,-0.0023840266555998383,-0.0034986718025282228,-0.0020289994962273904,0.005254532679570311,-0.002010809698769745,-0.002013060195612746,-0.013023134349425928,0.057973066830452696,0.04209101442701458,-0.00037165682849997906],[-0.04336100774779755,0.0008476696620116585,-0.0021810054609429012,-0.002231920458649262,-0.0022047712772368493,0.004294557728653299,0.003933186325596672,-0.0036496219729446186,-0.004557170623102465,0.011081148656936029,0.041863843739904934,-0.02206087512805002,-0.00037165682849997906,0.042059682604106106]],0.6061765257408759,[[0.0],[0.0],[0.0],[0.0],[0.0],[0.0],[0.0],[0.0],[0.0],[0.0],[0.0],[0.0],[0.0],[0.0]],[[1.2527243593372142],[0.3756580853910429],[0.5640919977397323],[1.0385567221593384],[-0.17414783997125288],[-3.0268331779438737],[-0.5724017107527982],[1.3122674744390708],[-0.17754776419822202],[-2.645601021020491],[-1.4602097466360038],[0.532245688916143],[0.17228119455734958],[-3.25894463809695]],1,100,-50138163.67393613,-50138163.67393613,[8.023584822000025,0.581685839833767,3.107354499010004,0.16894273281639133,0.19961008025718174,0.03734599174492359,0.5630470255240697,0.8039971960135301,0.10180704767618015,0.3088570977019328,4.101200089594125,4.494299854616998,0.49634020086999164,0.42200919616845634]]
