["generation","mean","variance","covariance","_sigma","_p_c","_p_sigma","iteration","num_evaluations","best_score","best_evaluation","best_solution"]
[[[-31982043.34584032,-31982041.07743454,[10.171640037397001,0.0,3.141592653589793,-3.9357917761127554,0.5601991987512183,0.0,0.13639375978518542,0.3905977823307975,-1.7984017400876486,0.22801794901467154,2.1879620736853376,7.103072481284645,0.521365768026169,0.30025880673894706]],[-54777627.81947296,-54777627.63334733,[5.061573708528816,1.0,0.4237885352761863,1.6720577628906335,0.033601537520670854,0.6104477285085946,0.6897503900065766,0.35450445667310576,-1.5665823781932235,0.4863504388612895,1.9211326979306294,0.0,0.5099391526129043,0.23561605332613395]],[-57558122.523068614,-57558121.8892349,[9.561627894982738,1.0,2.098219120164835,1.3760604498814204,0.4729102367401588,0.1092037686509123,0.5260958747516212,0.9206171028627961,-0.49166023801526637,0.5439504131087066,1.4441975106247495,4.568637409965192,0.6263922528712944,0.38942531465287455]],[-58281288.589111455,-58281288.298752904,[2.9801903260094456,0.0,1.8594720281603232,-2.289606034109241,0.6943341985879871,0.10415901809752565,0.177660982251037,0.6677726318769872,-0.7710414678276444,0.3277743310857857,4.676022705887733,5.777042399422575,0.5378196603277688,0.4334940824454536]],[-60951482.01287172,-60951481.933158934,[5.560864654564657,0.0,0.32521601391615795,0.8577099143116191,0.7142377069382808,0.17389887711126917,0.6136132654052,0.6374363415754806,-0.5902221612986529,0.5418695920986111,1.899087966136729,2.565966761293895,0.5167081659143365,0.39271749676410883]],[-61617663.953905106,-61617663.9306981,[7.17278946321316,0.0,1.075388784145921,-0.9421407207884449,0.5573970601499204,0.17526989566869072,0.47948955996128834,0.6939398501529235,1.03504069592123,0.44795161919067306,0.6750407946750929,2.559787793346704,0.4641775888785776,0.4422944396445343]],[-64887623.92633433,-64887620.95129675,[7.177334363920799,0.0,0.6075799339809143,0.6577982225363409,0.5435479873159249,0.2345305999052399,0.5907027435284833,0.23698391425510323,-0.4723034548069256,0.19590248803904864,3.549377727049459,5.756899748372229,0.523890342976921,0.507632299839706]],[-65340746.46059888,-65340746.30466944,[6.195129703170829,0.0,1.896356455834832,2.1413936841322236,0.7565831733369164,0.6245848755647287,0.8889167647092475,0.7934153441700977,0.19702134343848665,0.24109494773572826,4.836805048778884,2.9579834183946074,0.48865322916979986,0.3927909773856061]],[-65364506.359295495,-65364505.89082849,[4.038197919360904,0.0,0.8554715230721452,-0.825705356946375,0.6739668329382531,0.30611097868625103,0.15860374273813171,0.48872964317197043,-2.0608449400246207,0.4602345777055102,5.749043439574115,3.211502250951349,0.5560425014503365,0.36938282371908615]],[-68042200.06568271,-68042199.20200574,[5.233610499597737,0.0,2.976660724096329,2.669729981956209,0.5120247686062209,0.296589593580135,0.5831064511415616,0.32265856231120615,-0.07562111164289288,0.2609490195331864,6.64021857881266,6.869835646096222,0.5129525784522546,0.4871989626046004]],[-72925214.94948135,-72925192.78232521,[1.7184830596678156,1.0,2.6445928560809167,-0.0677293645571539,0.8861338999136381,0.08485418144929963,0.8572194018468449,0.20662997804875394,-3.3972781858840286,0.6657457653939951,1.200527969839909,4.048209364332749,0.5693557847138038,0.4090426250849337]],[-76613134.81548505,-76613117.4443475,[5.051199769668618,0.4196728149630572,3.141592653589793,0.04207118897386083,0.776229682451484,0.3958363295325585,0.12309990523610126,0.42521671967941643,0.9547091708382522,0.48395553298970323,3.8947107865251427,1.244892516045455,0.42948087686239944,0.34533816381495874]],[-81925378.94042836,-81925374.44708544,[2.87263156514932,0.0,3.141592653589793,-0.8286651528764495,0.8334146336315448,0.17952086624639768,0.5489244099487912,0.22041286548332129,0.6580528869797505,0.11205107947539733,4.037292980712367,3.823749689095626,0.45885966732235584,0.5685497623757879]],[-83946004.98275135,-83946001.74384701,[3.4364797310819073,1.0,0.0,1.3493038466575917,0.5781437076618836,0.42752971076603846,0.601642604219906,0.7283976002638578,-2.2366341074606915,0.323708927591337,2.909542528790743,1.3949635880457443,0.5523899265849878,0.4716876956001683]],[-83986645.1185317,-83986623.36391813,[2.731061793148764,1.0,0.6741382602645077,-0.9859138556338514,0.3306385685590032,0.34417751606346697,0.5517481514624347,0.1624212731227489,-0.3908661625594606,0.20374579904144186,3.9986721471906637,5.56614381824503,0.36907012665322647,0.50876668068197]],[-84159257.60000713,-84159256.83486283,[5.174380821216241,0.0,1.5452011251428375,1.8857882603067857,1.0,0.20270138569613771,0.599731456117387,0.35082076180909816,1.5758753629570168,0.541881544240489,3.8384731541975508,1.3752686803075833,0.5329099314232935,0.5352819073526108]],[-85697061.4084928,-85697061.4084928,[7.6653960273061825,0.8544999388964737,0.7765955622323644,1.4476473639097698,0.45109159424346235,0.7356155984055762,0.6160847653315729,0.6441446738642131,2.2817907722495128,0.34330721305166206,4.613367141434639,3.6903787833092876,0.4144199359066947,0.4705660988208944]],[-87708788.91323577,-87708784.25785702,[2.842725294805092,0.0,0.0,1.2391853330575033,0.5199421747560078,0.28596722567504695,0.5905812136728332,0.33729565120367916,1.3207006399777788,0.3171952880253996,7.516627333468927,5.162388308971334,0.517949158504003,0.5479399410544541]],[-88213346.24265334,-88213346.11607987,[4.499558483327849,0.3300241875795631,3.141592653589793,-1.2145079814556006,0.712882175202,0.25845317727175054,0.603422668908294,0.6162819434549435,0.46327992726077827,0.4596820487016143,6.133621729484374,1.0556843013560742,0.4759310527155744,0.5760744827396448]],[-88354155.29336306,-88354153.79604006,[3.1932766640811043,0.08507417938311129,3.141592653589793,2.372223432703346,0.4265945945196614,0.45159434732407017,0.821407908960724,0.8425948409575279,0.43162873583576966,0.31663513170398744,3.9757392291044003,4.106664433942522,0.3976826544964433,0.48624981431312153]],[-89349721.46273011,-89349721.0728386,[4.565961652212373,0.0,3.141592653589793,2.2969788774437108,0.0,0.373447755334266,0.4359042669855589,0.43642566236713254,0.7569100496335177,0.6557909401980382,2.1820241640618594,5.0845461288505716,0.6439868264446609,0.43679175590162733]],[-89790066.77462846,-89790066.77154112,[4.040753941955928,0.03966441316668995,2.809206218816964,-0.5840825774987974,0.20626742092216815,0.338013786069697,0.8088097790926634,0.7927891818095707,-0.2986313594858441,0.47684941982087237,6.904548664548839,4.598636828379399,0.4940773786283917,0.5517343591315625]],[-92186934.44048424,-92186892.05499685,[5.131309517029142,1.0,3.141592653589793,0.7680505753789739,0.36682803847041545,0.17404698767298005,0.14562356061107334,0.3532422179207896,1.9743303489530963,0.6773175500618545,6.284232455831859,2.007107441675786,0.7678751181718466,0.5350543653367281]],[-92634152.1344537,-92634151.70930809,[6.357299412980674,0.4124025421905553,0.3867910710838516,-0.4140817083706261,0.5487835864704674,0.31466006776301525,0.5145199004322804,0.29687382759546094,3.212680218683089,0.8279667741556067,0.5445101543140152,3.1845657033371433,0.40156897635964306,0.4445360087284451]],[-94555287.30389678,-94555281.33994263,[6.098844221761902,1.0,3.141592653589793,-1.9194093315401284,1.0,0.0,0.2697862710058586,0.47003348544302365,0.9528997640908401,0.7868751063579527,4.668835030481784,2.346859922660107,0.5788140818603524,0.5567092013390504]],[-95724090.67139012,-95724090.67139012,[3.920268735835848,0.226625337915611,1.1443040070823516,0.8489344306180917,0.8067591516344101,0.11888739353818717,0.6672389839432459,0.6713194041976407,1.2011493470557921,0.6714668426674595,3.8977175253800422,2.9636615187228186,0.4890021302655857,0.5739368596497877]],[-96793087.29988149,-96793086.49047256,[5.691198105757415,0.0,0.0,-2.344277780105239,0.38473051453662555,0.13855514567159438,0.2532265762641086,0.8473760856800718,1.1952534959980416,0.4085690829089379,3.538837990136873,4.977430435899184,0.41759734936404364,0.6614598597543802]],[-97867315.72716713,-97867315.10984081,[5.8833066656202595,1.0,1.6183162745465327,-0.44353627208877955,0.0,0.3443707073547798,0.2891736371137329,0.28436278009290294,2.209269586830639,0.7130874529623912,0.0,4.405424385063385,0.46580440547444657,0.4900477386167264]],[-98373284.52750014,-98373283.99706721,[8.784658589299825,1.0,2.06397408157755,0.1319382966216443,0.938650285758791,0.4801908525347852,0.37684489408230454,0.3983316826973138,-1.765937492926386,0.25855737765747033,5.143386251378487,0.8576157315484991,0.5098688806818431,0.4650069476003915]],[-99160900.8242333,-99160900.62967193,[10.884672188100811,1.0,1.1136371598682926,0.20593764489376104,0.18970384563297343,0.2208573308261111,0.5664445213677402,0.8045179359242338,1.8730343448859412,0.8177579907531661,4.958116949542231,3.8316630124082076,0.5632397726216276,0.5243628124655078]],[-101288675.65060373,-101288674.43203735,[9.788094959057632,0.0,2.4090409364769823,-1.313670673534844,0.4555541468583933,0.25074442642517214,0.3231998777975643,0.46926545507664985,2.5776088141188347,0.9,0.0,5.587109192590741,0.37957705451958057,0.5269435284946145]],[-101856184.10779245,-101856177.02148408,[2.6329310772122856,1.0,0.0,1.7308134328431957,0.8577637324744279,0.7082193472260808,0.8328850323265645,0.2071661629566694,1.1567764993698175,0.48824837246957836,1.9164651402230342,3.771003935162746,0.40290585554814806,0.43650914186038375]],[-103302348.42609118,-103302317.79036748,[6.321877055196896,0.0,3.141592653589793,1.5593495541621336,0.8458623339904983,0.9784024800364144,0.10425627778083374,0.35606617305414895,-0.1459855894650759,0.7757775299138334,5.152935532991184,1.981465717547052,0.35421222328791035,0.44188056234253514]],[-103326648.8013604,-103326588.59873867,[5.661568177002696,1.0,2.7466161189663754,0.26418226604494727,0.6068102642053491,0.40065000108810894,0.8067180635693225,0.9109100181638201,-2.538851049793893,0.3388781687214019,1.8013504142658063,7.654811650212475,0.48532681269735883,0.5991702776892106]],[-104521832.91087525,-104521831.846201,[8.957567543023977,0.0,1.9290732479159005,1.2711566107158863,0.5586743726362019,0.35512348516161857,0.3728176579910476,0.5977806865749222,-0.7380543958405374,0.7062131682113648,0.12787155163870967,6.483661064184366,0.37589533056849533,0.5611754750416972]],[-106451031.91777842,-106451031.90898144,[5.3823789770494015,0.41317168846936514,1.235149599436974,0.3601613320389823,0.5759551877425696,0.44219396036640063,0.2276643045259747,0.4979478623623674,-1.1348343311915265,0.2692569930576935,2.2757999484299942,7.007615374517423,0.4237594186660071,0.5095252909946018]],[-106947043.93711141,-106947042.13132757,[1.85395801780603,0.0,0.0,-0.3314914099117462,0.4047538008873882,0.27023847761722536,1.0,0.21980801261861926,-1.1668661410660417,0.3351535652597186,3.802917146959171,5.333847457864011,0.34918753989192525,0.5940266396020596]],[-109650429.77076292,-109650428.17665362,[8.821246397316472,0.652707449408858,3.141592653589793,-0.5705474588157685,0.30825145727160197,0.4301619968638403,1.0,0.5912714949834281,0.501462706902998,0.6209820871596732,3.1978410047824086,4.7194288447972905,0.5419764876545731,0.4474421911691893]],[-109966265.79124567,-109966264.96968806,[6.496623578462167,1.0,2.820640956296066,2.394606704205059,0.4386378574962168,0.7171834008795388,0.3477522127583582,1.0,0.8373801328724516,0.740116547740612,6.270147488121621,4.847125821785012,0.5397908248003945,0.5116156207252516]],[-110788491.107489,-110788491.078924,[6.116587200218734,0.8474414263348329,3.141592653589793,0.9287561608861035,0.6084782092693706,0.41393932453552473,0.553120915231033,0.3151843640601476,1.8402862420397104,0.26138143500877786,7.066840723868195,4.930479837083842,0.16251186796188682,0.4992761113576917]],[-112077953.75796673,-112077953.32231712,[6.964132321999294,0.0,0.0,0.6627629909373718,0.507863466107144,0.5492374527741192,0.47781607210360905,0.8488726403675704,-1.3133430471872451,0.23119723194118852,3.8085184389285116,3.1864164314453953,0.30787587193873656,0.38771923778461237]],[-112191557.21244115,-112191556.59141302,[3.282220507573797,1.0,3.141592653589793,-0.4122652003347289,0.6145019199095232,0.5167557989775501,0.5523315936973328,0.6657293549731633,1.1011909772615391,0.1,4.078033259650803,2.2798644615433643,0.4481127360928575,0.5062488609387378]],[-112344413.43821813,-112344411.29666847,[3.484653086484548,1.0,0.0,3.4595271253436812,0.44809357156648916,0.7039967767901643,0.24319072853699852,0.7398226887960097,-1.1583190713213383,0.7409534459990401,9.0,4.201764135467184,0.42489555352419556,0.4872745767788302]],[-114512925.03212166,-114512925.03212166,[4.471097832389439,0.6829839232240158,0.9131693627442596,0.7031585160692542,0.5191562909737287,0.5327987670658317,0.587721969445218,0.5073594173818683,0.5083236280721902,0.4780711555546219,5.803813797559291,1.1446451104214512,0.5293445406440924,0.46510995921774967]],[-115253843.17266783,-115253843.17257881,[1.899066618813745,0.8026744667979099,1.1896902513260814,0.9540817918283713,0.4027131905239184,0.40540387580212073,0.6089667331872433,0.4372996847413863,-0.09285043024035924,0.14689125981083795,6.272832235019577,5.506880872496701,0.282276411847172,0.5878533576314613]],[-116603658.70011781,-116603658.34737599,[2.5557995737201233,1.0,0.0,-0.779711348388838,0.3558729705766014,0.5335002427009227,0.6222499204099894,0.27465956320720086,-0.9104211293973563,0.6524898804836735,4.342865186096627,4.896329749640896,0.39184904538736975,0.40245467140445734]],[-117525103.01601359,-117525094.19919086,[5.358116818681085,0.4721960561358734,1.3461378404765332,0.5456721908092391,0.6206349933182888,0.5530273235983656,0.5191593114882568,0.375288445878549,2.65737755681054,0.3554157199518251,2.9637915885313255,2.4726612656121674,0.5108006038808233,0.4045198436143931]],[-118646926.20343305,-118646913.42970777,[2.3554607612179392,0.0,3.141592653589793,-1.8908460980324668,0.39896164150828806,0.5443028591987095,0.2756268058972361,0.0,0.9956493961286692,0.1,3.353156092128614,0.0,0.6483558117438555,0.5189582055175229]],[-120791268.3694544,-120791263.70107949,[4.8100424781031865,0.0,0.0,2.330100445045262,0.02370963962708894,0.8293757697536183,0.624255093054171,0.4898163295641458,2.0069256180527804,0.3267203886383431,2.6682770943003673,1.0335725102924527,0.42584012402839594,0.6326266367346403]],[-121811701.54368089,-121811697.77129984,[3.3197773256751013,1.0,2.2737551244182637,-1.5981559807837245,0.7549939984711271,0.5401452463808849,0.5493156762816758,0.533425688846317,-0.990736793241302,0.43949067389703844,2.692435693735664,4.544058849142747,0.5077137427663364,0.5314339658098325]],[-124293850.94213293,-124293847.5018059,[11.012710896124828,1.0,0.0,-1.1226523919292597,0.5725735251338554,0.4556790717357975,0.4003629208082935,0.3486115807363987,0.17660068927979025,0.1468018936814079,6.862730394153701,7.593809840426589,0.4581134356958353,0.6463810402489666]],[-124380880.18448097,-124380880.06413591,[5.3186135346410115,0.1555019119858833,1.0183070009054065,-0.1014596169745024,0.3324721848753127,0.4505509647129441,0.7580662749643364,0.2447145708742322,0.15436820500094628,0.2576924332891477,3.629472010206167,5.28789551229981,0.4103356427042223,0.6848279353735092]],[-127064444.67204538,-127064439.77271509,[8.145430977586159,0.6886038651907467,3.141592653589793,-2.6720120952894213,0.8311690334478397,0.48717380343795064,0.8788846136172495,0.6603700740912535,1.430740140479148,0.1,3.0172725506760614,5.002195334163794,0.5275288421930133,0.6231872449922122]],[-128055730.8899791,-128055730.87783599,[3.9219617401956057,0.30466426447540595,1.3415122150665972,-1.4835765987980905,0.5525357644293731,0.4045401978317634,0.19798401409158617,0.6230308103240332,-0.40865519973154674,0.9,3.3610945516727693,1.693103398722664,0.5187483419427098,0.5548020455120416]],[-128817822.43508029,-128817822.09694481,[7.553861032676531,1.0,1.8388449184662254,-1.1113634279602553,0.5483276812520405,0.5342103326035719,0.5990905750203879,0.5018350341620942,-0.8069461911333129,0.2942847330366556,5.467501706272252,2.2459186746411737,0.4682659870810744,0.5542550906248913]],[-129352345.09182014,-129352343.62480843,[2.330748764015811,0.07377958623972247,0.0,0.6695085099952638,0.24894704379397387,0.5727282277773251,0.735699367280701,0.2910257896166212,-1.3206359756549546,0.595585236658762,3.5550830599336547,0.9642063544694519,0.4361209492050373,0.46312809063978716]],[-131335416.12584983,-131335416.12584901,[2.361646864009423,0.4750878239304529,0.9878088346939714,0.04715469871096792,0.8603491773226359,0.4256066148650281,0.7392027321689238,0.6706688492400954,-0.046825128570865585,0.8778606137114296,2.6024849577161175,2.5456964637099357,0.580135109250927,0.5204020040612193]],[-133160782.95470238,-133160782.95410132,[4.9434419380770525,0.6206846084472553,3.141592653589793,1.306761093979383,0.41063795814812837,0.49068954339723514,0.5062513594184742,0.6227177024324803,1.6290861047801055,0.4115561113701844,3.497905043546327,5.075319902248351,0.378370914466137,0.7320270126645322]],[-133922154.49934909,-133922154.12701893,[6.08673571167531,0.0,1.1221932450533418,0.8055048890484047,0.5011492291339452,0.41974426522582,0.34174749377096575,0.29528968776485165,-1.766091671691067,0.9,5.419836799041177,5.594008873469698,0.48046766634195825,0.5551531975787964]],[-134481669.70124993,-134481669.6743371,[5.249031100589382,1.0,2.0455348516958503,-0.7245842286992421,0.5158577504066189,0.31255597212536324,0.7871636897851846,0.4203096673725871,2.5152568614937914,0.44937399730725525,4.230599528617761,5.670631981945027,0.22542807067518328,0.7078576836968077]],[-139292931.7167475,-139292892.6698599,[3.7334717426786037,0.9066001493196918,1.9740206821002413,-1.4665321335684578,0.5118769212789971,0.6177144938531458,0.3941722634427508,0.4453320241726966,2.676974744785857,0.47975248763277334,6.245579706333375,5.946026501897148,0.5732622340054235,0.3989619327291697]],[-140713573.04177415,-140713572.4067434,[6.919848045134712,0.5231147688233208,1.8976003573007563,0.45852668422995996,0.7025641879895106,0.6032221877770381,0.8571846429622153,0.43767523888049975,-2.158179174929127,0.21836236546490406,0.0,5.171465954192014,0.5338919395232066,0.48475887491407066]],[-144318921.71129453,-144318921.60724354,[4.461216385148312,1.0,1.6258434891076192,0.16705440014752448,0.5479634842793061,0.5193310402992883,0.30032341470141755,0.45788778427751475,0.18301032313236215,0.36800627539338565,0.05271633397718212,3.429604000051586,0.42166601041205565,0.6186685958308586]],[-145751650.8846725,-145751650.59501684,[2.479009703454729,0.24645759291179353,0.0,-0.9072361098962725,0.43075759932613145,0.5676165611646937,0.3589224986224676,0.5512413408241278,-2.6489664635279553,0.6243739224037126,5.9653003858366125,5.513072708413347,0.35133145288002615,0.4882350713022112]],[-146765088.4523967,-146765088.39977145,[8.38595760806969,0.0,1.818834363514161,0.5270889627740083,0.480163657796833,0.46863867075974647,0.40271612151217395,0.5358998731919278,1.5965156781073078,0.8267555864966918,3.046167034339552,4.204970670479111,0.6052203470087705,0.5190879547263546]],[-147232013.43925664,-147232012.49021578,[2.83548061840789,0.051296555107809394,3.141592653589793,1.167175188169702,0.2650121753001994,0.49452304784995565,0.4674810211727468,1.0,1.927072945246156,0.6684373738577171,3.9407379437760897,2.645620338757981,0.3871169988154537,0.6145103218405138]],[-147840432.65734825,-147840423.9815867,[10.089132262414555,0.0,1.056041964446956,-2.3354486544110458,0.5075140223335938,0.5168657086876582,0.7734404419213715,0.20125400599931814,-1.6172802078650734,0.8451283668131937,0.40946075194999443,3.881036443073763,0.5310970475834277,0.5817329013761661]],[-149820328.1296114,-149820325.26603544,[5.677501015790601,0.0,2.2887623672005972,-0.2651230131005937,0.7111112989303737,0.6687699117476886,0.5116891219479968,0.6425861519462295,-0.2725885292087913,0.19090483928502772,2.672091825920086,3.9135380721248145,0.4546617030126839,0.4683653970054727]],[-155549724.5409767,-155549722.2836039,[5.00899190496906,0.9603680982778269,3.141592653589793,-1.915772149450218,0.3717659905445553,0.7074669645788898,0.15903096059863298,0.36506820973817267,-1.2527681671387878,0.23110907602451763,3.283130406029035,4.872890270387361,0.4154459445162867,0.4498443085467241]],[-155663064.5056628,-155663064.5056628,[4.769559152277297,0.2095135338705248,0.3178879644241994,0.8566208201828907,0.41973093965690034,0.5450519121134304,0.48950218426473247,0.8717928900448014,0.49406678390783776,0.8486171217470087,5.620493747216484,2.1573679586902443,0.5281368271922615,0.5648532900648672]],[-156798172.5311792,-156798139.7844311,[4.1398704122368075,0.0,1.4819917237754288,-0.4642255681349073,0.32752432795485004,0.6063626208668048,0.9238261144400675,0.11269644776934412,-1.1380582711655218,0.6642211829606128,5.455128628822974,7.20269982022776,0.32072392692903673,0.5391486133621757]],[-157298629.31566012,-157298628.66499996,[4.304105432675863,0.6096717851031122,2.441411032795011,0.8493063427596519,0.22134174608033125,0.7775643004365074,0.4991860292286847,1.0,1.6928666974471673,0.5405345450842973,5.222054088569756,1.830140246701323,0.4032602524252517,0.4464224965089165]],[-157301587.3286528,-157301585.96475875,[8.836480155035751,0.35011783391268164,0.0,-0.015045708124598049,0.3256711995524296,0.6623348263010687,0.1374224916008519,0.7013767926948978,-0.47393429981537405,0.45579963373590626,1.2125536114956588,6.817729906519888,0.4652898709132886,0.42362875610499573]],[-159361454.0966876,-159361443.1816467,[2.770894901027181,1.0,3.141592653589793,-0.30062623682129114,0.5634462566830829,0.5657319017072456,0.49048328301811145,0.5579009289472977,3.0872684866504736,0.3314658344823145,7.187175617698697,4.174722770912556,0.46499027462990433,0.6552215982225691]],[-162607612.70024133,-162607612.34531987,[1.3959713788279862,1.0,0.1917903361176958,1.2672401776957973,0.7414912372357556,0.5661352326396396,0.759162470273157,0.1816767128082108,-0.533838414094523,0.7101701763182585,3.8167957816118685,1.761131026193027,0.27425507153827655,0.5192991923855182]],[-165264171.50008208,-165264170.824651,[5.957809703402383,0.0,2.9616545631057662,0.2898554750240673,0.6394494253492071,0.7225800054915681,0.4348256709609575,0.6831876112507608,-0.253935191292038,0.4100671583782909,7.955069634189485,2.7187346462084747,0.478453257100408,0.49041517079133495]],[-167026049.62983194,-167026021.6464287,[6.662067947063707,1.0,0.7509594668860239,-0.48577971233604744,0.6759000758551548,0.5980164556379229,0.4418720804850397,0.11785583712914521,-2.756757484637244,0.8112138315677839,4.2638637246377495,4.644076377140204,0.3578975746711098,0.46231153741245934]],[-169685381.43290013,-169685381.3974805,[1.6662177435163787,0.0,0.8167204749942747,1.4450645918616893,0.34572314979659574,0.7089061701047799,0.4264193575060539,0.36531593583696315,-0.8997821262850024,0.42710212521655483,4.903230427438864,4.0775473335304335,0.48267577210858453,0.587553861075806]],[-171082217.18878692,-171082216.1929021,[2.4494211643274486,0.0,2.965572597642658,0.3835514963980208,0.03299015731542221,0.6559322587165601,0.8676006485409646,0.20892272599915135,-0.5797383403265877,0.6587658520814684,4.417650969124422,5.390467518683471,0.5497557375026232,0.5919598925024633]],[-172594058.07787615,-172593992.15304482,[3.4701531660224707,0.08360629061321323,1.704584650520022,0.22123738230195414,0.5861752450669828,0.6999692938526058,0.47936682022849264,0.09046520100900546,-0.8763848708905804,0.1,2.5198255795840456,7.678797957997482,0.5000819993454987,0.45565657990558983]],[-179094917.04707232,-179094916.9733621,[4.192735517102795,0.0,2.9210604407195557,0.2742371731767695,0.23883759934649673,0.6260371739997233,0.6082289753255553,0.8691797518594536,-0.006184040954056454,0.5828985107400353,4.265732977341578,3.6584038528135676,0.3213460285350681,0.6495417256152631]],[-179379702.02145427,-179379701.98591167,[0.6874798836145706,0.0,0.6202730314891114,1.7550744948875392,0.5310498360714643,0.36360930683797,0.48379133672161095,0.599144091954725,-1.169753654983574,0.3480107514010738,0.7138727342073943,1.294189787522963,0.5224524156450583,0.5481927413419316]],[-191219541.9108514,-191219531.13160503,[10.5555661341232,1.0,3.141592653589793,-0.3973960560872509,0.0,0.5839388423097727,0.18990407199655074,0.3390709298108664,0.27295835261285006,0.1,3.1926735346813846,1.9937342177498367,0.3420414182849295,0.47423989288158575]],[-195208070.72146454,-195208068.60380864,[4.949316347275769,0.0,0.746725077659079,0.36467860561566456,0.0,0.7298472210221856,0.36818028786507395,0.268638761127415,1.1786570825904363,0.7935521759814295,0.8597868322235258,4.232208806775175,0.5181471187784223,0.4782979888228726]],[-196019695.28308907,-196019688.58108062,[0.0,0.492698765484269,2.4273588189754163,0.09038603827281322,0.2520446813109949,0.3307442695001306,0.6069677238227491,0.6759075874509318,0.9198581363396829,0.48465427985139004,4.308329186144934,5.957072953703372,0.4132126357878528,0.385694504405299]],[-196391508.00315315,-196391503.90011787,[7.332617507958665,0.0,0.0,-0.4022397647604937,0.3747796415684009,0.7875970817499875,0.6406991155333022,0.43738360141117827,0.949456966060984,0.5336705985122522,4.295376258213252,1.561867737527093,0.540154889897394,0.48599757610779315]],[-200800062.58495396,-200800061.51975125,[0.4324842963639073,0.06803841632898194,0.0,0.6017099096442794,0.6820511255172407,0.4324736764415765,0.4997427950608269,0.5199619798304542,0.6120652979077396,0.372351561410203,4.3055757205607925,4.839708665801967,0.5148845219128313,0.3917419593184679]],[-204269909.77719986,-204269909.76920176,[4.950659800650795,1.0,2.168180854004217,-0.8660832673240324,0.9811647255242293,0.7130313695874915,0.41623813582296426,0.6698359140597241,-1.554660447929392,0.8103236478792758,3.3653467537602917,5.180750221549948,0.5652457937702755,0.6321189335186425]],[-210249960.7370965,-210249959.17681813,[4.365592684967472,1.0,0.0,-0.7029062508781765,0.61510704816534,0.8350815382760544,0.2864129536426385,0.7038719893474206,-2.0921760075311586,0.5412412107828943,4.187326811967745,5.321352064532876,0.5078049129890153,0.4304178803565194]],[-210958003.79471263,-210958003.73820877,[5.942761185100973,1.0,1.449926379597972,-1.9557108102239285,0.0,0.7857214173574973,0.5808476540166071,0.5952758022457454,1.7157291781007862,0.9,2.3119527818111294,5.455183259033789,0.5522653093412062,0.5497020926549218]],[-224595211.2510372,-224595200.945179,[9.219260198182553,0.857105478637974,1.3987913945269346,0.3754746532489168,0.7259250493880617,0.824532358796864,0.3331155992892355,0.24200408294059866,-1.2494047959273427,0.47181490689620653,0.8531243636720203,6.309846772756083,0.6405854155134572,0.46718019941963757]],[-231164886.97873378,-231164849.23879266,[0.56120595462707,0.236217320708283,3.141592653589793,0.5850078058617952,0.1670154045159703,0.4801555738822751,0.18087355995266902,0.16534191529795955,-1.3537990116271756,0.8130430123048067,8.014612205917972,5.190928429115818,0.5447556576245184,0.7681538650905766]],[-240933597.7101462,-240933541.35964453,[5.19487615186409,1.0,3.141592653589793,0.42390962453972447,0.3890534117508583,0.8882090361390906,0.33673486025406085,0.20134095944437452,0.2966321150113651,0.431920713869893,7.103303833907663,1.1709698759020415,0.32361610753665704,0.510300915874832]],[-247565354.867708,-247565354.3542533,[1.231318709861546,0.7775306170429048,0.09449057772693403,-1.2771944261766361,0.4238841665642789,0.768684436206574,0.2732191082805536,0.24107958421381387,-1.1640619527549052,0.5243918646984143,3.5339197212573326,3.4868199256507215,0.6004672473702555,0.5053930717063545]],[-263073028.55783474,-263073028.51096392,[5.988357729514613,1.0,0.0,-0.6635104517549898,0.8068136255186225,0.7851118397501329,0.4903096195419325,0.29454653029640654,0.5807191486879568,0.8068113208232911,5.396334365850519,0.49002320263064236,0.5206800294330747,0.7630394367262667]],[-270124202.8797921,-270124202.3718846,[2.1950024994507307,0.2855654197672918,2.4493707557212145,-0.5629631025203727,0.6630769129178582,0.8486170838183361,0.3724876907604245,0.8804595339423277,-1.0926059526089356,0.9,4.956797562790972,4.439094735994313,0.4930915107511068,0.6323098544452453]],[-282896762.02610654,-282896760.934736,[8.623038961366017,0.0,2.4656473340956135,-1.3071188786403172,0.043047928146989434,0.9190496204917785,0.33099347668825885,0.4610136023149762,1.415306448880635,0.9,0.0,2.2481455443259057,0.306735308865588,0.47806435724563634]],[-287053351.4996043,-287053346.2419534,[6.878663338320137,0.0,0.0,-1.644871212091954,0.15481999844345423,1.0,0.21512808424444424,0.25678345560727384,1.6599566292543588,0.23054076106402766,2.0648881493017868,6.120981829713143,0.314251873946794,0.3236498692393518]],[-305448737.28574955,-305448733.93833935,[4.123985840563626,0.0,0.0,-0.3496944227321536,0.5206289665522975,1.0,0.3545120390290108,0.7401620207596211,-0.19218515338391884,0.6553389492089581,3.4978186285401436,5.353805948086777,0.2848257618648874,0.5806072061677128]],[-306302443.1720789,-306302438.72906184,[5.56894760067871,0.3924100182369654,2.8785773425355243,0.19237262352653656,0.0,0.9694124098580299,0.0,0.3174272527568658,0.9796469729947059,0.6678377782151981,2.070786309245796,9.0,0.6102359184248735,0.4107964311669968]]],[5.853107222318481,0.34459315169408467,1.7182910106231621,-0.03459758853363206,0.5515246552404385,0.2645562740163636,0.48795460888864894,0.5124180239448474,-0.4250022021183461,0.4049844427092786,3.291739946061129,3.842495613855179,0.5164757121099401,0.41642290962404144],[25.22267235232645,3.6181310155250133,9.267316241067748,9.662350647421347,0.2482289983893205,0.26461172339288297,0.2459269438473665,0.24243358514261282,8.854143148214032,0.23637857371516913,15.845109936929374,16.233263726127902,0.03720347893736128,0.04278162851432765],[[25.22267235232645,-0.087276522681364,0.35915780074127174,-0.6439037191782018,-0.015475312253769054,-0.16626418708271712,-0.08825836659561626,0.06589600337336951,-0.1602447368152708,-0.05874059867410458,-1.1624892241683031,0.7695938127870027,0.0211591355227673,-0.07425408745792347],[-0.087276522681364,3.6181310155250133,-0.05686466308592196,0.1435395763645058,-0.024737687943739373,0.030973833560389918,0.015840373955693765,-0.00011377788546617637,-0.020423670382317707,0.022305905130869025,-0.06733812820736418,-0.18634891704280138,0.001765970103213636,0.0016475589453941073],[0.35915780074127174,-0.05686466308592196,9.267316241067748,-0.37732258821077685,0.037793736814975824,-0.0610083061560195,-0.043144488327934195,-0.00451425365296125,-0.04182153382838195,-0.019013531560985602,0.07743578677179638,0.49750443788884163,0.006146734963576865,-0.004550506263183381],[-0.6439037191782018,0.1435395763645058,-0.37732258821077685,9.662350647421347,-0.05115820380493469,0.12371745561907288,0.1602793630449081,0.03112430017008748,0.33693446044508074,0.04496620285171107,0.20818611548133076,-0.9895189578575194,0.005322509145266887,0.013715344980178047],[-0.015475312253769054,-0.024737687943739373,0.037793736814975824,-0.05115820380493469,0.2482289983893205,-0.015578208779214262,-0.003910607962576468,0.0017622481476965337,-0.0006894535000689471,-0.004015971843056457,0.025040976345829462,0.03272974744450636,0.00017442716870274877,0.0021273912565142805],[-0.16626418708271712,0.030973833560389918,-0.0610083061560195,0.12371745561907288,-0.015578208779214262,0.26461172339288297,0.013235264504449805,-0.0015080615552282089,0.07062616676220636,0.010706172730149049,0.11425542113099534,-0.10692804171567222,-0.004005056433069454,0.007981739315953832],[-0.08825836659561626,0.015840373955693765,-0.043144488327934195,0.1602793630449081,-0.003910607962576468,0.013235264504449805,0.2459269438473665,0.001966078131674606,0.013403366000942116,0.0031638842820930365,-0.006887765814157948,-0.09627921095948777,-0.0010939880255147942,0.0023647612674090835],[0.06589600337336951,-0.00011377788546617637,-0.00451425365296125,0.03112430017008748,0.0017622481476965337,-0.0015080615552282089,0.001966078131674606,0.24243358514261282,0.02069307981390506,0.0027108863057963392,-0.01967094562859348,-0.02175442849527706,0.001449883666589601,-0.0001177756235254935],[-0.1602447368152708,-0.020423670382317707,-0.04182153382838195,0.33693446044508074,-0.0006894535000689471,0.07062616676220636,0.013403366000942116,0.02069307981390506,8.854143148214032,0.03445896420091133,0.39640611267474335,-0.1420298538431453,-0.016305653947570022,0.051755489767209804],[-0.05874059867410458,0.022305905130869025,-0.019013531560985602,0.04496620285171107,-0.004015971843056457,0.010706172730149049,0.0031638842820930365,0.0027108863057963392,0.03445896420091133,0.23637857371516913,-0.015442727454173476,-0.07348064277035267,0.0009450382755600987,0.0033167548719688273],[-1.1624892241683031,-0.06733812820736418,0.07743578677179638,0.20818611548133076,0.025040976345829462,0.11425542113099534,-0.006887765814157948,-0.01967094562859348,0.39640611267474335,-0.015442727454173476,15.845109936929374,0.31670230924098136,-0.00942383601272628,0.06754684404118438],[0.7695938127870027,-0.18634891704280138,0.49750443788884163,-0.9895189578575194,0.03272974744450636,-0.10692804171567222,-0.09627921095948777,-0.02175442849527706,-0.1420298538431453,-0.07348064277035267,0.31670230924098136,16.233263726127902,0.004675178994434529,0.021885797340544612],[0.0211591355227673,0.001765970103213636,0.006146734963576865,0.005322509145266887,0.00017442716870274877,-0.004005056433069454,-0.0010939880255147942,0.001449883666589601,-0.016305653947570022,0.0009450382755600987,-0.00942383601272628,0.004675178994434529,0.03720347893736128,-0.001034939945461397],[-0.07425408745792347,0.0016475589453941073,-0.004550506263183381,0.013715344980178047,0.0021273912565142805,0.007981739315953832,0.0023647612674090835,-0.0001177756235254935,0.051755489767209804,0.0033167548719688273,0.06754684404118438,0.021885797340544612,-0.001034939945461397,0.04278162851432765]],0.5906769497060874,[[0.0],[0.0],[0.0],[0.0],[0.0],[0.0],[0.0],[0.0],[0.0],[0.0],[0.0],[0.0],[0.0],[0.0]],[[1.2923729649993667],[-0.5885649660206013],[0.35561555132174816],[-0.08735320114768624],[0.780547505888973],[-3.5667393063796666],[-0.182475747689101],[0.1881207661262086],[-1.073060419045226],[-1.4393916061706336],[-1.3411798100419134],[-0.2982544356634174],[0.6239768095073666],[-3.165275397670772]],1,100,-31982043.34584032,-31982041.07743454,[10.171640037397001,0.0,3.141592653589793,-3.9357917761127554,0.5601991987512183,0.0,0.13639375978518542,0.3905977823307975,-1.7984017400876486,0.22801794901467154,2.1879620736853376,7.103072481284645,0.521365768026169,0.30025880673894706]]
