["generation","mean","variance","covariance","_sigma","_p_c","_p_sigma","iteration","num_evaluations","best_score","best_evaluation","best_solution"]
[[[-41791073.588051,-41791070.47780424,[2.5130239160741836,1.0,2.4971653621272982,-2.1521632266528483,0.6774529842461745,0.33589213102913174,0.5515351137830179,0.2431930820763144,-0.36188064936528797,0.4074172957665034,4.055838121550075,5.806729091122504,0.4928180290574077,0.18027059863874134]],[-45043821.791206844,-45043821.68989062,[5.686865816992337,1.0,0.48894124243262627,0.8135358716473957,0.802967897715352,0.006750101094051941,0.47868136332586764,0.6115984723431747,-0.15457510381431405,0.335087198506322,3.4354153790036994,3.2846398785741773,0.4503788489214116,0.3744855216480314]],[-49031790.13802783,-49031790.12513429,[7.755173456271501,0.23940898840658137,1.9262008710215572,-1.307234259749916,1.0,0.16224424264236886,0.6999252673017627,0.26413573019866665,0.1651609786597405,0.3286793351473547,0.8310691878706642,5.7652004640379735,0.31588453473648537,0.36538959515913705]],[-53056059.62405504,-53056054.780062914,[4.382760143772493,0.42582792395602626,3.141592653589793,-0.7779213824219531,0.5302390432726829,0.17569485296986465,0.3234811311200143,0.4353236587665624,-1.069933954824375,0.41725423891022206,3.9319439156996103,6.70890673961161,0.577741767993464,0.36402412485100605]],[-55127014.18987554,-55126988.193412066,[12.299140987517106,0.7644593393020813,1.0570196082763066,-0.45211349932996187,0.520933213459912,0.2896486194414856,0.4878951523346442,0.5246076073952516,-2.690427749513498,0.36573877544237327,2.529755089557961,5.156982715116737,0.40361861269043,0.3377746213771564]],[-60650550.550014876,-60650542.39573622,[4.951603601871782,0.0,1.7077332617903367,1.9163995019976647,0.9527320635979606,0.4981329755839878,0.5097839968057666,0.29600170190299846,-3.0063760346543753,0.36566903356751157,6.271159872109941,2.3808984847721457,0.5557887895226772,0.3469800150696704]],[-63472306.92552507,-63472272.672408104,[4.070609398055128,0.8590222843833838,0.0,-0.2459948638146902,0.7332977966026418,0.21763933684674958,0.1580517545109631,0.3401206549281598,-3.5667945648612704,0.1,5.4888133515254225,5.524480835228066,0.2729699371830704,0.43994252367150805]],[-64609118.86128835,-64609117.85606986,[5.833417499319217,1.0,2.822456270575567,-1.3451679114657584,0.3668557680974376,0.26419678352119363,0.5014940478109999,0.6876213548039808,-0.046367690778672824,0.34158235738318415,7.038900593135265,4.142727253250879,0.5383343609270159,0.4593995435805283]],[-68516918.16609868,-68516918.06273746,[4.257035152440221,0.0,2.841373830017947,-0.5671441806913088,0.31658364546568857,0.33247911598892055,0.46415498680725903,0.45055662788177886,0.5842792758893028,0.1,4.282185302898088,4.80044523519662,0.5305417230994672,0.45083677882142514]],[-69212371.66584216,-69212335.07157224,[2.3117954962638576,0.0,2.620839912994586,-0.9339118114459344,0.020069752167589883,0.1856912956714878,0.4595302719886575,0.09801428845801219,-0.8733854617957773,0.1887995121774173,4.360986024811775,4.11626639807961,0.5176455972218464,0.4746526767077536]],[-70729987.83803348,-70729960.13488078,[4.1486412545744225,0.0,2.705209536267871,-1.2756625687792336,0.6174488497766563,0.3105666884990212,0.2641807665344664,0.28158290236895817,-3.805506309099947,0.37733031442058473,2.7413928953302085,4.287874375502513,0.6366669977848067,0.4599711781875944]],[-71530680.93653098,-71530679.67951262,[6.161291663955705,1.0,2.3973907757566852,2.569714300824031,0.40758959312995163,0.3102269688348653,0.6225356844852838,0.34909667165114244,-0.07220066164744818,0.24502672658179148,4.711474117143126,0.0,0.5685781831378541,0.5259532292225224]],[-73539167.36231405,-73539166.87138313,[3.962705987094737,0.8743092690231069,2.9236821546355722,0.93978961518558,0.0,0.2962123990376697,0.6324861038501437,0.38840935808500043,-2.1273880480612894,0.3250163481597381,3.513353100691295,3.5432066423750492,0.49342028937873783,0.49701895680057456]],[-73971071.41157937,-73971070.04108602,[5.356687285959772,0.31174748177368694,3.141592653589793,-1.8098250974335373,0.7870926632823048,0.06814132773044185,0.3729222541604104,0.04893706202102893,-0.3686528316047875,0.9,1.0240808774883101,1.917697631948418,0.43477735643218157,0.38323271615383364]],[-74251617.68675058,-74251617.68601328,[5.566037119869336,0.7261190192246361,1.6334367173170734,1.2477404129665104,0.4380449375559874,0.2209697990339281,0.5950091125300543,0.5789349312321987,-1.2501831683435585,0.3607704368026638,2.779584474037381,4.637583385433625,0.4580349947991854,0.5286145580729172]],[-77691660.74790192,-77691659.72577035,[6.98224941104516,0.0,3.141592653589793,-0.5601311115157821,0.3046960297524618,0.15034775473079803,0.48670570381906886,0.3263163460936887,-0.6098497533557663,0.830558864359774,4.237594807474065,4.005357993071867,0.3936218130620133,0.42612862054580114]],[-78603939.08104452,-78603911.63396639,[2.847700949768645,0.0,2.437974998309742,-1.5227383874093912,0.4542290440740537,0.13548354955152436,0.5669406052567548,0.4244288078401715,-3.232225198248517,0.5577674513808303,2.6776084988792697,5.141680557976138,0.42169515946321917,0.5029946911522047]],[-78895440.26386431,-78895440.16028655,[2.9070031515013404,0.9455893352309648,3.141592653589793,1.695468141697781,0.7564072036693714,0.18247933523835197,0.7216940106217115,0.6571486561682699,0.35229014159710054,0.1,5.964298125985727,3.0621372746525712,0.5278629991493986,0.6066981412237777]],[-79697067.76805867,-79697067.03708625,[5.173070341674373,0.0,3.141592653589793,0.30614841064244225,0.4238646464007302,0.2343763200031198,0.35839682747873414,0.35275541576623143,-0.17962912405891507,0.6089365513996329,0.626487090440667,4.059059655728772,0.5437918275273773,0.4813933941885292]],[-80348949.46641703,-80348949.46565294,[5.690869969626081,0.4862038769767374,0.624619831807529,-1.7026139568248344,0.2567679149832832,0.29202881070063647,0.6673515333949146,0.6444871597405961,-0.8168963082750866,0.7497632537883534,5.396904114713437,5.75638927989628,0.4280480063431829,0.39953718137836436]],[-81710021.55032915,-81710021.12002814,[5.235147347030672,0.0,0.0,0.622699788431094,0.38738541573946605,0.276458582020406,0.4577209124684372,0.7394100672826889,0.7712147379134866,0.5725181166984411,6.271538186140534,5.713138111250731,0.5874442849390485,0.4889245485412208]],[-85608717.52749208,-85608715.22247571,[10.706956448563563,0.0,1.5877396445684222,1.8239279252093175,0.553294249963115,0.44382521895380056,0.7346602059590392,0.862085071061454,-1.6364351162425341,0.4397286432202608,3.0096358286855254,4.23827542073315,0.3852373525642624,0.5052409077656499]],[-86221554.79699433,-86221554.79629612,[7.657265689271535,1.0,1.4941233722173033,0.8222911593668918,0.4257946057808677,0.31476855945817594,0.31333163933172786,0.5438021122383097,0.20114732677418404,0.5632238369949418,2.918568407229473,3.6098145267995054,0.5717248200317646,0.48028165209756235]],[-86545190.83658704,-86545188.42173016,[6.567536859199673,1.0,0.0,1.7725180034474541,0.31607696013122993,0.4122436859427171,0.6354796786545256,0.6720143934608368,-1.7437617428949552,0.2333515092059657,5.314418285634449,5.218411399468025,0.564510631487198,0.5947665257190797]],[-86558591.8362686,-86558591.74711227,[3.7333344387817133,0.1596370045588199,2.7585003349815285,1.4718687795272412,0.419007417888862,0.8810817553375203,0.5315647640055949,0.5375847132605531,1.648520187056035,0.24601478527714232,0.0,3.3694606993377487,0.6144805114855585,0.4515453754443976]],[-87275719.44725454,-87275718.23380512,[6.246328189318838,1.0,1.0190421751344252,1.8638870951843978,0.948008045969617,0.25979148872385244,0.5824413013460807,0.6011900511902205,-2.429281922966778,0.316112694831296,4.808249536835788,2.874608597654518,0.4430797243355917,0.6065904737342308]],[-89267589.54089962,-89267504.74493921,[10.267338903177878,0.0,2.642209956611277,4.0,0.9658254673368799,0.7441455479700637,0.046408780938069494,0.03486806893522276,-2.596001926288538,0.35263856590402065,7.050705343117531,5.200346883405056,0.4980123600907868,0.5061626198066113]],[-90943693.50205131,-90943693.037368,[1.5916529138277098,1.0,1.0183072399884745,-0.10823980199154312,0.45406937307044765,0.011687856976770106,0.0,0.6651839452151435,0.9162773535048001,0.7886583119586089,3.0126330970971384,8.962174571233078,0.7251541687061106,0.49780634560225634]],[-91136461.08328219,-91136460.98245287,[2.6772372914656946,1.0,0.4723237944876211,0.029697370414854707,0.4134306309194014,0.10266960520215507,0.42913438578490015,0.7780239398227478,0.7650061944587405,0.6859331432631647,3.9129050647935464,7.903400783109227,0.5559532113362115,0.5329213537512437]],[-92718051.68629831,-92718029.31974828,[1.781298192677308,0.36259052394002056,0.6574135610046313,-0.5379838191990578,0.584481946337439,0.41941165158658283,0.8682065209065144,0.16305612366037014,2.7323731745328317,0.2194591725904131,4.644500621340784,6.042741810543015,0.41703736046560513,0.42707807866585507]],[-92802121.35398135,-92802120.69421792,[4.435724756074853,0.3777666739609922,0.0,-0.4090490985988533,0.78929294643702,0.0,0.1694135351516976,0.6544662403320928,1.5605447444504872,0.8839380472473073,2.5837764337594216,0.9163244122298373,0.4608728460070299,0.5195141964826047]],[-93029139.04649442,-93029136.99201906,[2.4272271447222744,0.0,1.4610844525990536,-1.4715949735506033,0.6278639813672807,0.40635822196184757,0.4123153756085765,0.36079918093863006,-0.9627757209808997,0.17649492244135112,5.45889509030618,5.985580367064221,0.4889626234402663,0.4961654158808853]],[-93261582.66294257,-93261582.22430098,[5.541400238941806,0.48555294590551856,3.141592653589793,-0.2817384394469027,0.48216776465823885,0.37353749068475034,0.1263457822655274,0.6884038661655553,-0.7765613099353319,0.18955029606095797,3.2166614301990997,5.181016777248222,0.5362825833848923,0.5933079150517369]],[-94651671.62329529,-94651671.32734889,[6.508243936650599,0.0,0.5293869436747902,-1.1502509276986543,0.9094049549172261,0.23857599531179763,0.25051170588550425,0.30761024907634815,-0.9008551384580499,0.9,4.145926992552157,1.0512464907013528,0.38583960503205333,0.48983502569127013]],[-95302831.11071728,-95302829.84689027,[4.440501124178761,0.0,2.755531261810498,1.6635085801486635,0.355997903142409,0.26432794732221965,0.40726003615018413,0.18495233695145769,-0.187327273202719,0.1,0.14550129388459077,3.3714552818827004,0.3978123280947987,0.6323744232448489]],[-96321539.32575561,-96321538.7526266,[5.138367282401075,1.0,0.39345638058137467,0.8147089130726406,0.37851704563911537,0.4225975049398332,0.3801111179923142,0.5575100145605721,-0.8985435184039741,0.5897074099746592,2.178210926411581,6.840609398036707,0.4067043202505809,0.43481212910494005]],[-97617949.64993753,-97617942.12785876,[3.91870005350685,0.38859579267139055,0.8841356136342114,0.5395677626653194,0.9830466448384197,0.19660677151331019,0.4866512666652947,0.21128430080136962,0.2714192180148121,0.686995828994019,4.3854965444974745,1.200988659525008,0.4527498518255484,0.559902994165019]],[-98636722.47178048,-98636678.58147323,[7.090416687903892,1.0,0.0,2.809670445119157,0.3086609299644785,0.8159948359979275,0.8956064299178847,0.09746798850141936,-2.501846569233298,0.22870730698737896,5.822559874619186,1.5937232041446387,0.3558800308984092,0.535511512157309]],[-100521646.86221024,-100521623.12986362,[6.922348472990518,0.3567612096016196,2.86848373898921,1.5474564238547721,0.6743588478890721,0.4092423661638005,0.31551104385350864,0.317316888689838,3.7705754862266714,0.19097518330894653,4.57304271882467,6.802721219559507,0.427326808045457,0.6290042667105965]],[-100727980.6465484,-100727979.78970152,[2.760524316053977,0.2351458408615565,0.0,1.7697417168539045,0.5249680443721254,0.740931678669815,0.15824094880179596,0.8130325825270194,-0.6697361527460632,0.18084147656576055,2.0767859749768105,5.099754025908049,0.35620444732285883,0.45101028514491026]],[-100881241.6563857,-100881241.08227205,[5.559579924255508,0.0,3.141592653589793,0.6134814020273693,0.4473967073989992,0.4326006592551858,0.36084439432117477,0.28214907129748923,-0.6564933292179832,0.3656321825942944,2.1150215924088736,5.530776012655893,0.423101160127007,0.5296743172917858]],[-102416070.60213798,-102416069.62232935,[1.923024696879494,0.0,0.23434226153236049,-0.00606475741539593,0.4137851922055906,0.28020147112056304,0.8281265128176063,0.5765754116389482,-2.15030633849411,0.41958735444909834,2.70147376925531,1.8527096745376275,0.4649489067233418,0.5857864085018021]],[-102954641.97351494,-102954641.49454033,[2.9011824446248475,0.9602664653103784,0.0,0.7394277433114205,0.5701294251313237,0.23668163047413054,0.8315944769669052,0.3136158991861624,0.16816921511202476,0.726310765167643,0.9188661398281468,8.37730357786425,0.5265686502717469,0.5770278040102056]],[-105824253.93573707,-105824252.54581535,[4.383119241569263,0.0,1.8511808007878372,-1.3471738780900364,0.5780770365207049,0.4886734907213972,0.34893169399420887,0.13954297047750402,0.46957284477486594,0.34602597183090844,0.936233074348801,7.214835636958924,0.5939021268000377,0.4325910421125858]],[-106141687.79807167,-106141680.14294481,[6.812911330804457,0.7161011112755099,0.8064044782752803,-0.5215884594845751,0.5957044258327929,0.39302631572273,0.4729926372726138,0.1774411869803713,1.722065546421443,0.6348057472707056,2.7061240357219862,3.9139267540799474,0.6382489779503296,0.49049687616363197]],[-106386070.02972552,-106386070.02972549,[4.176746016832799,0.39215084103122344,3.0811648959521634,0.9320074425263265,0.9634541432137507,0.3671577482639102,0.3717122679271988,0.403623256524561,-0.7798484181555168,0.5302672211102413,3.9275830155863236,6.109547770300596,0.32426371640429585,0.5605144442932571]],[-109358230.33872123,-109358218.58721232,[7.809427066929015,0.0,2.6478831846702082,-2.7050414224234682,0.6522152269666496,0.38752775969670844,0.0,0.6669497208446158,1.5888424198864821,0.724047103136038,3.334386011161463,3.8878788603156558,0.5754442377350917,0.47859489988236054]],[-110439101.51864687,-110439074.92759681,[5.036538287256739,0.7373444630658101,3.141592653589793,-1.2838161096687424,0.6265753975928292,0.3495635129420277,0.8054648265701034,0.3187666163321996,-3.4217008628910417,0.6031192406141451,4.94596861229389,4.902230533334754,0.5257906471162079,0.6143827063478835]],[-112865784.77017125,-112865769.11687201,[3.7984810285118615,0.0,0.0,1.661402840218356,0.8443133133537024,0.7103110691495874,0.8381158046887955,0.15337468702474294,-2.339830490352131,0.1479115098210394,2.253269249870786,2.3511349694612877,0.4212277956951052,0.629968774338201]],[-114466092.0445682,-114466050.45800018,[5.474622972680135,1.0,2.8415078137994483,0.9453266100726858,0.6609709258203784,0.36612201403419986,0.3863954678282484,0.2002782955740845,1.8734819071405955,0.37611039389716894,6.389619219414373,2.1938300005467006,0.3830881927140612,0.6478675399470086]],[-117360903.77596647,-117360873.19271946,[6.657665791864568,0.12177836181570134,1.461256855238852,1.1514235099300965,0.5496435055677579,0.7132146175215299,0.1093411158543785,0.4266965040820311,0.9416084605693403,0.3005678110751251,5.525153883902831,2.4469517796118767,0.554165618552141,0.5817602079689514]],[-123081907.5035053,-123081907.50307298,[4.690217029521777,1.0,2.0265554937688406,-1.5811229800751616,0.24336963314558302,0.4435742340136467,0.44445337533332396,0.6945083887080302,-0.44740108253830885,0.28354153185912,3.9464912697220735,5.3371824559027745,0.5042265194167076,0.6850180673157895]],[-124775853.9901982,-124775837.33410925,[3.257892809989886,0.567912500097397,3.141592653589793,-1.158352145219771,0.2653497080468798,0.36466735081344515,0.00816318287570078,0.4017819344812341,-0.6248446657449783,0.6398618034251062,8.70184328173224,5.364198332842639,0.39075245418906634,0.6353271269611468]],[-126996437.36352319,-126996405.94309175,[9.080154696755416,1.0,3.073494348194482,-1.5301388157949116,0.6961551147430135,0.31511479532963993,0.9808039027830209,0.43438177449133253,2.9929180940158893,0.8833250408222233,5.454078742774155,6.081258624003523,0.6599137277099928,0.5874220605706978]],[-131016314.38993752,-131016314.38993752,[4.180335152446993,0.006790217602157034,1.3365439481486372,-0.6135773793632682,0.5812639436714166,0.39520031945791456,0.4387985503987045,0.5427840137584565,0.14059130973374806,0.7415766896099707,0.8617366844467065,4.913072493449076,0.5441686883238895,0.6303934803928937]],[-132411307.3225859,-132411307.3216387,[7.281602207659116,0.7220354387830228,0.7018824607293301,1.0180129824525306,0.1921765697832714,0.7291572805945612,0.7866104122477788,0.34599647424280133,1.3982784911951462,0.7291159379315553,5.350769763584466,2.4681959129410673,0.40648135182459505,0.5306792001695669]],[-133342637.95067339,-133342626.14846873,[2.60035353876559,0.025005307974745927,1.2272366310220797,2.641907015745595,0.3482844032820377,0.5289518717901247,0.4085625403251187,0.19733742376081992,-1.8697930887652272,0.8179386855164439,1.6730469012553306,3.3047861630444513,0.6242072189661496,0.5270217592767148]],[-133731476.66520193,-133731473.33833647,[5.009956080769445,0.07471949607519363,2.202220260009397,-1.354869749564828,0.38776761072539345,0.5010380975674209,0.4833501170007518,0.42764090556336043,-2.474822849052615,0.18945911192071885,3.2615825199273383,1.7566606093222297,0.4785515018253711,0.7049211899178722]],[-134510338.77545452,-134510332.00378108,[4.894127885909616,0.0,1.4840340150441236,-0.6022737547626826,0.18070189675037585,0.5682949215093679,0.9685873332945008,0.013222025140731675,0.18083661125972827,0.8966947823854277,2.4006609944562647,0.8646611943363225,0.42302158720292077,0.4126829463970718]],[-136476219.64854282,-136476201.02457893,[4.105640226833219,0.6006676842326527,2.491818652646761,-0.08339824543469641,0.6233221745831873,0.5516795479069386,0.4079134139047486,0.2535671640145723,3.660937940420032,0.4385086227650518,4.233204706396254,1.5589636840500227,0.460554029889614,0.5710291398394421]],[-136794016.40620193,-136794012.99184632,[8.085724077285779,0.534591970725154,1.830502907572943,-4.0,0.5965495846157782,0.7039538323210013,0.34623138441211154,0.7646642708109053,-0.36193477176176725,0.1658973070397599,2.0779306861493394,2.1717027974772285,0.57083660684511,0.2992034426105793]],[-137073543.23836243,-137073543.21365726,[0.5571900008247459,1.0,2.6876686392489306,-0.4301525505196002,0.4051434090918783,0.401759930618394,0.5433607146258858,0.4298394459365692,-1.3097088904202443,0.638261638789508,4.103082094753623,4.863651655284631,0.4262564199673627,0.4675121048731392]],[-138601982.7533599,-138601967.53337324,[6.55546321176924,1.0,1.6601844854448387,-2.590319515292567,0.7032375316116432,0.5359666866269122,0.5114035350888203,0.060185393860430425,0.8301304725936373,0.4987190088965667,3.657445335009672,5.988832291705673,0.4709409688732129,0.5774299906591485]],[-138785380.19851273,-138785379.40277433,[2.6372229719100715,0.0,2.185182060352564,-0.8083951598848766,0.21607889745741138,0.6051899857283971,0.6511883186772303,0.6547437370019034,-1.8000940530364318,0.31999959106233966,3.229060798752437,2.4434768460532776,0.4576414738326786,0.5715595096824988]],[-139644023.353862,-139644022.66692197,[8.302929363904623,0.2777453545861277,0.38706285190917455,-0.547577064013941,0.6167445862941924,0.5220802509815012,0.8537257128242612,0.2793543538300206,-0.5849410294075369,0.303201661990411,6.14640621580808,4.1178657088287745,0.41657319420006095,0.622654896073328]],[-146645811.94349277,-146645811.3920735,[5.655523793802538,0.0,2.8815186590374555,0.5337371328014695,0.6581411553441212,0.6648268144532795,0.33770135766938714,0.5461892766568076,-0.14352785585624123,0.606030459539381,3.7273284274284713,5.467389073501749,0.5048181575227264,0.3997227165797019]],[-149624795.0566969,-149624794.88504273,[1.9307197817184827,0.057702176195065125,2.6445764711471327,1.9183362941401925,0.7900257519728827,0.23973242412481016,0.5842824722117588,0.4959221821451671,2.5355429985757256,0.9,5.195715465604963,2.678802716094401,0.5903102563117654,0.6303186210333093]],[-149795951.00522268,-149795950.0903666,[7.191353353903073,0.0,2.655824273409613,-1.8486080950313795,0.038474145036953566,0.43977887158637086,0.0,0.46494217163606455,-2.2094255264661022,0.5899245258372404,5.661216696428765,5.244801987147628,0.2975637204667114,0.5733010133512408]],[-151187810.38720822,-151187810.38677466,[1.311379573552451,0.9200846842289243,2.1581976034599317,0.5073119184240834,0.4213641938203227,0.508562353176315,0.748073692905928,0.7399097785485282,0.08070457261347327,0.7650639743950777,2.38065793411202,5.203456329726147,0.496129454124221,0.45631135387963934]],[-154519169.21394983,-154519168.9033724,[9.597325563934465,0.0,1.9950277588473575,-1.1637005681620967,0.24719225881494222,0.5436854736460103,0.5912153553184744,0.23290088709957912,-0.05564314283947253,0.754129446661242,4.165533969062087,3.5763927044831374,0.2815714535326503,0.5703123199624917]],[-155454833.2877353,-155454832.56279254,[5.728216351435649,0.5312880155705713,0.0,-0.3645437450973367,0.8310406223156758,0.6591389997559085,0.5098150651839248,0.44638010493421554,0.7113431788224565,0.5365014398357824,3.6994835485105195,2.663330426076545,0.36404567164597557,0.4063928910675452]],[-156489676.45053107,-156489673.49914658,[4.178153855882407,0.05574998500775752,0.0,-2.3939863672727117,0.4432999311127231,0.6389142771255698,0.18578440102883909,0.3064622149651553,1.6296388089702587,0.46213633569455626,1.4619813285666892,1.748404327617893,0.7011361649202845,0.5013232724654052]],[-171619982.042749,-171619916.1059916,[5.736723823691141,0.2496052381472938,3.141592653589793,-0.3244228883625447,0.28989978125640514,0.6748759560028507,0.5638307609156319,0.2795998150841619,-2.3332577831030754,0.6027016938524717,2.3473916828852532,7.963985468313179,0.49810441454304727,0.5203826346832979]],[-173704278.09979063,-173704251.36314547,[5.311025148298886,1.0,0.39645492120350445,0.3969870692653327,0.888087272693299,0.7688060603016144,0.7457573534200537,0.0,-0.07300246761285087,0.3482215498857032,4.944614378977752,1.4916706189676536,0.6113557605423856,0.40953143306217643]],[-175899819.58490184,-175899819.0762887,[5.469007453057618,1.0,0.820982600698747,-1.2866634840035078,0.28996519944315824,0.7890427966363414,0.953999512314439,0.4699152958851559,1.0127893613060568,0.3832607527247269,2.7490332040280987,1.3871026831864497,0.5984462898840128,0.3422075440424378]],[-177649710.22054788,-177649709.60842085,[8.427033147095663,0.0,1.3747719371399734,0.41028579589109004,0.5437195180636735,0.7132712635415454,0.3990681886979583,0.4875323856588923,0.8536546716730942,0.28382481118297886,1.9728987829995974,1.7090333634221344,0.4457864319906991,0.4374464118457546]],[-179659798.7276428,-179659798.56171072,[6.94254980984832,0.08066603480036943,3.141592653589793,0.0464116509581574,0.21920624805421757,0.6875483705371068,0.5015441241082316,0.3091909799734275,-0.8007567604535177,0.5706565042906329,3.7316350316112756,5.299040614992673,0.5376903196580044,0.5143316912969496]],[-183670855.3017059,-183670854.6100427,[5.310611064478833,0.0,0.0,0.07477856686460568,0.23305668049582157,0.6572295558859933,0.7736840545076733,0.4424563027723345,0.656944378806754,0.6298620997294619,8.614199914947505,2.5823879953916657,0.3257587123535086,0.5610622291645557]],[-188015538.13629574,-188015538.12908828,[1.6022716586492742,0.13466478143763538,0.14424761030461153,0.8155685298231714,0.6701111172461068,0.5849058887290414,0.7188988281141216,0.8255354253220664,-0.13708029139005648,0.9,4.050219745979029,5.256440575227213,0.6068828997107858,0.5808060240151898]],[-190840841.1765475,-190840841.1758169,[6.081646595454049,0.06468747853057571,2.5746681899976913,-0.07574965792975158,0.1758629744083739,0.8319226745977282,0.4229490971536461,0.5015770936558784,1.7530942721921612,0.1,3.896458004430084,2.010445190103495,0.4843281197003403,0.32950632716382555]],[-193943483.95589972,-193943483.84163725,[8.492963604155918,0.4039183597162617,0.4014424566271999,-1.648025748783816,1.0,0.5703323233979599,0.5023606904148921,0.5536881642432836,1.4314845570278738,0.5270555317126375,0.0,0.8354683305256732,0.6708148501285447,0.5406699525052466]],[-200215497.79191312,-200215496.0829382,[4.984776388396694,0.5141531341057874,3.141592653589793,-3.2921183898744433,0.43596773422025575,0.8072956261293381,0.6666993929142924,0.651535858238992,-0.8440453873678054,0.5125773833420793,6.454683361283098,6.421224292867304,0.5197913058605472,0.5114373321956683]],[-202486364.19598612,-202486330.9160825,[7.069811441420475,0.3694460818989048,1.8284767915457096,-0.26963054540307,0.3568828997514416,0.7951320557668602,0.72388842842503,0.8728588632651235,-2.053131235896361,0.7564740890631605,3.546939836951524,5.755135907918365,0.6802755146568075,0.30943235401129665]],[-206964830.8305494,-206964830.30106086,[0.5034469613284127,0.0,1.20769314118974,-0.7042525846929757,0.48685280114834384,0.3948344702519349,0.2618249368705359,0.4004822026198582,-0.9610387074876974,0.49278990545596907,0.0,2.5163587319871548,0.5628374946559778,0.511329819256551]],[-210464168.8042091,-210464166.85611832,[6.805736457032689,0.0,0.0,-0.5392312300301207,0.8529090016367765,0.7556263213614305,0.5960986754826061,0.4467786565447168,0.551084507547285,0.4223604464085897,1.9531702749448931,1.9180196404123278,0.6445298906392174,0.6617696794521664]],[-217479901.18762648,-217479883.90461946,[3.1217083410063524,0.07200141665063897,2.8634167671180255,-1.6789309879181493,0.08568870730953587,0.6340442080020727,0.46372969534549247,0.5425467357943558,3.410816962021321,0.7920341282811204,4.370198589445352,8.276311898112146,0.6087776152226769,0.3872367231182303]],[-219708350.63948655,-219708350.63948655,[3.0608438705218193,0.9429244152274987,1.7819877601237342,0.10639112120406552,0.22874193931945935,0.709799056835577,0.6294469054816385,0.7292649048757487,1.8799627823258311,0.6896363451198271,2.5931892394973923,3.531649616825844,0.6743895178364504,0.6857611561968151]],[-234796893.87240568,-234796892.62797368,[0.0,0.28384842149612477,3.141592653589793,0.7595109116638803,0.43115177186351944,0.3863916728634446,0.46635243416418587,0.5116390497094011,1.0966249024177812,0.27414097263911374,5.4817486982469354,3.8578357629150983,0.5079828204179512,0.5268958425936041]],[-236081695.0634623,-236081694.32465482,[8.078323432260229,0.0,2.2717302937748958,0.018852697289757303,0.16957621269847006,0.8555996154083916,0.4282078363633319,0.4374756424265162,0.22705124069483973,0.588453289217671,5.188599045149603,5.295397058097995,0.38622951499973246,0.5343518713896466]],[-241425322.8426356,-241425320.85804725,[9.420006046107355,0.191420296084846,3.141592653589793,0.004477903143328984,0.5056966995835368,0.8011061177664327,0.3477675410934754,0.8704550447619537,2.8131058423852853,0.36798383014566705,6.240787666369004,8.74738645428252,0.4342365028405048,0.4629246183885299]],[-246922228.23363307,-246922224.9943124,[5.509112306684756,0.0,1.2501843485657895,0.17434492553126527,0.675142077755645,0.9288898351775972,0.5539015285495509,0.6431443638932013,-1.0873992777881707,0.3466055400795117,4.678779038948665,4.293890070559273,0.47538876237407585,0.46315431427998627]],[-251466105.93174973,-251466105.92530155,[7.828174165396323,1.0,0.9364228541755695,0.25792797267129064,0.4636752942749871,0.9727319472275966,0.5720135120614647,0.5977741281685209,-1.1181842098009036,0.3525465610371824,2.262274124357042,1.6601254496802467,0.6124759396169666,0.47230754598267216]],[-269499747.75205,-269499747.17150617,[3.297589759968151,0.5186549998150518,3.141592653589793,0.21583047828228674,0.2733854575686876,0.8626083112952803,0.7458019993608187,0.5392499076005874,-0.17375515785721396,0.9,5.621590381918217,4.081319692003731,0.37575868213957603,0.6350063698735577]],[-272522654.22256446,-272522654.21921587,[3.5652408751966207,0.7170800740578452,3.047294135511251,-2.357016301112715,0.532447398695951,0.8731868741089726,0.547462900189671,0.4000943800969701,-1.5019336029133923,0.3504829748111372,5.592601838320427,3.5056270151720645,0.6359392696689135,0.5585724255668764]],[-272785259.554641,-272785257.8715975,[8.06610453409045,0.0,1.9701435398084883,-3.285060873588777,0.5820525555070395,0.9440087754388862,0.425262140092148,0.41909933684571515,-0.8423979470208856,0.5829499825232873,4.339530671466898,7.993096449458447,0.5439026804347004,0.45287101735139684]],[-277735050.2204221,-277735049.48648226,[5.125803568336295,1.0,3.141592653589793,-0.371355962841329,0.400803617382217,0.8744290298851829,0.6192188948646113,0.3504047995790659,-0.8511731693185233,0.9,4.938799728308378,7.964165123857512,0.42764012940113866,0.6843405443809831]],[-287447180.58735806,-287447180.07821834,[0.06796938541832098,0.0,0.0,-3.264369039743581,0.4590728392687956,0.4424589064968804,0.33054915445820227,0.3472952086814413,-0.19098570986379468,0.7508214371042041,3.745257171624261,6.032756562931911,0.40424768433929353,0.5182205980677795]],[-302224334.43614644,-302224334.3698504,[4.960981549412415,0.1649923438042275,1.670645422035289,-0.13731722117803022,0.38646363958324104,1.0,0.5992896467886291,0.5158304480662177,1.34369642217007,0.7400707493578528,4.406101380256916,0.0,0.4445758480677288,0.48298379353442145]],[-303412844.5513317,-303412844.11457646,[0.0,0.0,1.6391672425747925,1.6536541068860657,0.718050980160694,0.4763776910154142,0.565030580717363,0.3967849322999532,2.05715765232981,0.4741261187840368,2.0773033372086793,6.3430000481707225,0.506865899598523,0.4895092942680622]],[-314143406.44778574,-314143405.0063175,[4.311395425850314,1.0,0.785267858142262,-0.5034716444771715,0.47850043312035606,1.0,0.4025926726592725,0.7194481809093964,0.6538529327576567,0.10340646513638335,3.374358407689823,3.706530382051206,0.2995315051814766,0.6012923776045797]]],[5.3470071284314065,0.5515210762590231,1.9785529344425454,-0.25444552239833906,0.5838754428757539,0.24902246909427234,0.4875988251535077,0.411111168245887,-1.0151477091921437,0.3743501630317449,3.8120322496750183,4.507811007394692,0.4780872594970377,0.40192520426835215],[24.94662383460619,3.5943850045220613,9.226997458321419,8.833632971324246,0.25510129935258247,0.25873112665440035,0.2300395904877522,0.23900419269181417,9.28787085154279,0.241870475998198,15.400635275418393,15.298998562828379,0.039457197047898365,0.04472682136243657],[[24.94662383460619,-0.0024485849758063504,-0.29587111018659823,0.334282954174077,0.0635412022648494,-0.039267110395179265,0.02471944222066455,0.050935442377754936,-0.4137373311696118,1.984515248896957e-05,-0.6018437256095328,-0.056082147354821636,-0.04507888043026698,-0.005544101127815061],[-0.0024485849758063504,3.5943850045220613,-0.05167013895038691,-0.0016132864841528216,0.004421711024342083,-0.01223826850325021,0.0018508776039193886,0.009898402617218487,0.015472626043104802,-0.00898222761142242,0.06095871468179973,0.007943895705386325,-0.002287912838138171,-0.006781701944183078],[-0.29587111018659823,-0.05167013895038691,9.226997458321419,-0.24210281142289697,-0.02176573197822591,-0.03559605869779031,0.0048672688126333965,-0.0521066260426135,-0.0597348922482535,-0.00968510973532834,-0.11213180502261128,0.07707532056185909,0.01578531452330081,-0.02071729919925268],[0.334282954174077,-0.0016132864841528216,-0.24210281142289697,8.833632971324246,-0.0045026473605258134,0.0509172867787241,0.006039267774529069,0.053044794743007544,0.007863975804950872,-0.014216113512624175,0.3050428843454492,-0.6614357941703894,0.014082162713118792,0.0495252542840979],[0.0635412022648494,0.004421711024342083,-0.02176573197822591,-0.0045026473605258134,0.25510129935258247,-0.011456336212621862,6.741197633449702e-05,-0.0069889477829124256,-0.05023712053316176,-0.00507996843586412,-0.04571900156428034,0.019560928329567847,-0.0050513395865753015,-0.008865785232829097],[-0.039267110395179265,-0.01223826850325021,-0.03559605869779031,0.0509172867787241,-0.011456336212621862,0.25873112665440035,0.002328514840007865,0.008873798005705471,0.1003412433169209,0.012603265756494245,0.05453026659827735,-0.06593114862846126,0.004594776822502145,0.0111453157142678],[0.02471944222066455,0.0018508776039193886,0.0048672688126333965,0.006039267774529069,6.741197633449702e-05,0.002328514840007865,0.2300395904877522,0.0020516705139865363,0.04323745404621468,0.00013741071908832665,-0.018226164594662576,-0.02157578053615716,-0.0009918396223152076,0.00019804929296152863],[0.050935442377754936,0.009898402617218487,-0.0521066260426135,0.053044794743007544,-0.0069889477829124256,0.008873798005705471,0.0020516705139865363,0.23900419269181417,0.060139105635318754,0.004400508376900355,0.04096785869030255,-0.020109776694901084,0.0018024811716567236,0.007486871397264782],[-0.4137373311696118,0.015472626043104802,-0.0597348922482535,0.007863975804950872,-0.05023712053316176,0.1003412433169209,0.04323745404621468,0.060139105635318754,9.28787085154279,0.07250045706280682,-0.09349584124586303,-0.23972784040078912,0.01813172608816053,0.04244445596603608],[1.984515248896957e-05,-0.00898222761142242,-0.00968510973532834,-0.014216113512624175,-0.00507996843586412,0.012603265756494245,0.00013741071908832665,0.004400508376900355,0.07250045706280682,0.241870475998198,-0.028314380449844825,-0.028715668274426277,0.0019138925670360994,0.004443636454150431],[-0.6018437256095328,0.06095871468179973,-0.11213180502261128,0.3050428843454492,-0.04571900156428034,0.05453026659827735,-0.018226164594662576,0.04096785869030255,-0.09349584124586303,-0.028314380449844825,15.400635275418393,-0.20546872932945093,0.024375713931343426,0.018935733418906923],[-0.056082147354821636,0.007943895705386325,0.07707532056185909,-0.6614357941703894,0.019560928329567847,-0.06593114862846126,-0.02157578053615716,-0.020109776694901084,-0.23972784040078912,-0.028715668274426277,-0.20546872932945093,15.298998562828379,-0.017436993320744477,-0.05064392908196991],[-0.04507888043026698,-0.002287912838138171,0.01578531452330081,0.014082162713118792,-0.0050513395865753015,0.004594776822502145,-0.0009918396223152076,0.0018024811716567236,0.01813172608816053,0.0019138925670360994,0.024375713931343426,-0.017436993320744477,0.039457197047898365,0.0016145349496452218],[-0.005544101127815061,-0.006781701944183078,-0.02071729919925268,0.0495252542840979,-0.008865785232829097,0.0111453157142678,0.00019804929296152863,0.007486871397264782,0.04244445596603608,0.004443636454150431,0.018935733418906923,-0.05064392908196991,0.0016145349496452218,0.04472682136243657]],0.6539801752499804,[[0.0],[0.0],[0.0],[0.0],[0.0],[0.0],[0.0],[0.0],[0.0],[0.0],[0.0],[0.0],[0.0],[0.0]],[[0.5256814380589012],[0.19512332196613058],[0.9831174051163757],[-0.6424329510013069],[1.2706299040040943],[-3.8020610689867853],[-0.18786551897052886],[-1.346577781128045],[-2.563080428263741],[-1.9034706084545239],[-0.3559406608813537],[0.9616042393569609],[-0.8298908001889737],[-3.7143400980404273]],1,100,-41791073.588051,-41791070.47780424,[2.5130239160741836,1.0,2.4971653621272982,-2.1521632266528483,0.6774529842461745,0.33589213102913174,0.5515351137830179,0.2431930820763144,-0.36188064936528797,0.4074172957665034,4.055838121550075,5.806729091122504,0.4928180290574077,0.18027059863874134]]
