["generation","mean","variance","covariance","_sigma","_p_c","_p_sigma","iteration","num_evaluations","best_score","best_evaluation","best_solution"]
[[[-41227882.040486135,-41227882.038852096,[8.643752321587156,0.0,1.4369937614007142,1.2665943548948304,0.6516404875557217,0.16337662544396508,0.4657202925188636,0.31185655544182345,-0.3507349806775598,0.1,3.0588915514703117,4.383420132389414,0.4170514011654741,0.3454628249930676]],[-46663817.08702087,-46663815.77537066,[6.088795475011803,0.8261375112159426,1.3295406061611779,0.45717805035779324,1.0,0.09377660412344124,0.9725793149887798,0.2094164520010735,-1.4249646023369693,0.28022101292734314,3.239747144965085,3.9691537355503637,0.47485599768879244,0.39306624528834616]],[-48391246.68841748,-48391246.529557526,[2.665835233074341,1.0,0.7534548766476762,-0.803089041438739,0.7728794934200427,0.09848542750277095,0.46081289778470164,0.4600115201457497,-1.109268096242359,0.2517148182380009,4.122200454154404,6.844347490905474,0.4785524793934528,0.39118421181040236]],[-55432287.10541169,-55432284.66206491,[4.670902372971896,0.0,0.11829764319304359,1.8350322801383556,0.8295159984273438,0.17548210989118668,0.6471675559376581,0.262541879309576,1.2592640287362267,0.3610048793973317,8.525927140055149,5.642024176432688,0.3992412531253014,0.40926522201438875]],[-58529735.55247206,-58529733.89370513,[4.989689092104871,0.0,0.0,-2.060362945580907,0.5195625103936639,0.3045953636009925,0.35724891707432616,0.5583145862535596,-2.0835344697164735,0.34300260007835337,3.213119272480413,5.290494100628273,0.439622234438018,0.35936083901557736]],[-59359058.52344722,-59359057.928209424,[7.472205268447331,0.7263484807788964,3.1103684137190504,1.6947355880061883,0.7525961385807935,0.2818424065759082,0.8757947358855456,0.42303382357333374,-1.0983064427474367,0.28857192429528516,0.8509610572857556,1.7719135191427617,0.37222803056033615,0.41068649493119247]],[-60838493.521484874,-60838471.21823239,[6.950396150997607,0.0,2.266330501599752,0.48053965934992493,0.6407480184329064,0.04264891406218413,0.6339655569562955,0.8215590883399158,-1.5513266365415315,0.5797957215610485,1.123476219665179,7.245205888203083,0.5204658342317912,0.41393967251137187]],[-64970174.88375916,-64970174.5217945,[6.340652246064577,1.0,0.0,-0.8418105410893182,0.675776637771778,0.2679391845047077,0.4424228151322667,1.0,0.28342507771865005,0.1,2.7948226198072867,6.056635778938945,0.3571076118227867,0.4416000940467369]],[-68296402.62924038,-68296401.93403316,[3.556340068210664,1.0,2.057201897091854,-0.09805636264606762,0.30221036923618283,0.17501252711036958,0.3990595625912031,0.8564991921246043,-0.8937395418164349,0.5153217414042272,9.0,1.886441041250265,0.5701663218437656,0.4280537262947773]],[-70053581.06496574,-70053543.29705161,[4.555575910654877,1.0,3.141592653589793,1.1965481500997157,0.48286844647504945,0.0,0.6126122290792866,0.08504600602491769,0.011137206056360704,0.1,4.75688248164437,0.6966188520534042,0.40727902492078333,0.5646464402254459]],[-71288043.58577254,-71288019.08407378,[4.998163628141038,1.0,2.649570453804451,1.1527199718612793,0.6834278299712265,0.22236035854420894,0.46043422443841053,0.36024404201575,-2.1973836309128636,0.4147074975474123,7.422480141738968,4.882109839922225,0.40074280612462054,0.49724892373139723]],[-71799069.88252263,-71799041.26373112,[8.375995035059407,0.0,1.4134576332146485,0.26993358828401903,0.6690134492239276,0.08168414148738468,0.528455146355178,0.007087349017046274,-0.9468961013503894,0.5080158628259316,4.196131889164844,3.0716201909883596,0.5215873906072943,0.5162534145042655]],[-75471402.48805435,-75471400.88259256,[7.444253698006144,1.0,1.2277697694167822,1.0843682525187859,0.5591427052478539,0.6677261722491056,0.6648164888973851,0.837943655687102,-0.3999138412051168,0.1,4.798001541379571,1.200283018260301,0.7705078135661245,0.43824836515285137]],[-75713204.70650229,-75713204.49746275,[4.457404479732213,0.0,2.3831771807440925,1.6034347510916482,0.15798063898615977,0.5397542793290894,0.26125247273552504,0.692252788359926,-1.1449313724969736,0.4077207189648281,6.519349378531599,2.1837037646516473,0.5987481568635368,0.41152622602541533]],[-77193476.85761972,-77193441.42382628,[4.029627102867757,0.6766354483186292,1.8485741478458504,0.6300438719431061,0.659857660240542,0.11728996035462724,0.13670772833890088,0.57398172734612,-2.6130300140525446,0.1849272725610332,0.9394506211532807,8.572744918976834,0.39647225291604865,0.5867945121179645]],[-77464716.02638562,-77464708.00205821,[7.262957272056311,0.0,0.5326077315855184,-2.808691492664304,0.6146627226865584,0.07192843016009659,0.8154916110144788,0.375797078996398,0.5137468013492619,0.1,5.359662512677347,4.973438010111961,0.596209860098144,0.6622276999251513]],[-77931963.0693157,-77931963.06926638,[6.675541227954068,0.0,1.056906083292565,1.2884376782990747,0.6857221135695102,0.07409175451888017,0.564963617816758,0.38473759760393506,0.3993478039430199,0.6767312309427074,4.392760894272042,1.5695286268876565,0.5387714865625779,0.4881091355878439]],[-78323130.11314729,-78323127.41867673,[6.5087898318758945,0.0,3.141592653589793,0.28998184586728987,0.0,0.3910154333046798,0.7714366512414548,0.5739549278672996,1.5253362758524884,0.1,1.9627359577693309,3.6306288527263044,0.4989208898782025,0.42443082208953997]],[-79197190.47998434,-79197190.47998434,[7.0861855118727135,0.34107678435086475,0.7756931526784553,2.030090983672295,0.6979675667563371,0.5631063287904184,0.3746480290844026,0.42472014243108036,0.7835663517545657,0.3175588599316743,3.128582232732888,5.541939121115363,0.4686827806215815,0.47995850610861196]],[-79493170.96805201,-79493169.95626545,[6.350382430228798,0.0,0.0,1.2388805172918866,0.44789825262448696,0.7086731459327951,0.7182633864743757,0.4655259405611096,1.187238956965941,0.1445811447158854,0.7600833719164499,1.6754393065772795,0.4679643243701387,0.4222485779088633]],[-80359000.74381606,-80358997.04942954,[8.693622540021586,1.0,0.0,1.3631502473875727,0.13866216929856773,0.3921307659642391,0.5857263802715316,0.5997949158158496,2.0761901466112747,0.5641592970877696,2.8482899754027304,7.563201765989119,0.5542134718355339,0.45959827393786024]],[-80964133.5027237,-80964101.95782268,[4.533979257648946,0.4101051345217129,3.141592653589793,-0.14664146594976007,0.7279071770629517,0.2938343194139702,0.29592757728375163,0.432585474455386,1.842900506665643,0.1,5.593492313105366,4.905635452685615,0.3327300412885986,0.5171226141071175]],[-81395772.96198468,-81395755.53794754,[6.644559117008018,0.7450963367818583,3.141592653589793,1.3038145869707272,0.49079926798169327,0.24705288456587315,0.09944569840890782,0.0,0.6336023500941591,0.1,3.9631201841166575,3.599653978428067,0.6155214150151467,0.6404754925689624]],[-82176259.79031222,-82176259.26139677,[6.901781611306857,0.0,3.141592653589793,0.32638067935257165,0.7811048491643678,0.3523455853939069,0.5754748416976467,0.5919494278441276,1.2575039688561267,0.49955542422529164,4.184335484976665,4.916133291896585,0.5912221457136069,0.46382203442376013]],[-83574303.2831337,-83574302.70801961,[8.363101115423824,0.0,0.0,-1.0928280846583205,0.5319770918068668,0.32859290953006615,0.42203085547874514,0.8715077783662696,-1.232932677322888,0.1,1.5356411483033705,1.3883973535991898,0.41923302070591895,0.5486430359147565]],[-84289217.19243221,-84289193.91998494,[5.910488894295016,1.0,3.141592653589793,1.2182798696573285,0.6413278870242984,0.43616250399716494,0.7126056535047774,0.4547164136527565,1.4667753029980137,0.38061677602175753,0.0,4.277220969667156,0.4628980673590456,0.47884384314272893]],[-84550857.24596547,-84550855.28716719,[2.815443168447364,0.02165944012752058,2.835962056101798,-1.2764539508062853,0.42861646557996563,0.24020776725004717,0.33625696530192184,0.1883869409500568,-0.4104959437505896,0.1,1.896877606749873,3.2073539315816753,0.5028474328065999,0.5907460378436713]],[-85708587.23930149,-85708581.80376124,[3.6202371681447194,1.0,3.141592653589793,-0.3092859890591618,0.6957228901557919,0.4369537642712902,0.5100582615729039,0.20738659317060593,-0.5045568074003325,0.3323802714825007,7.096497386874791,4.469075864529562,0.5215475637461116,0.422418880597881]],[-86389483.45797206,-86389410.11971664,[3.978817377490139,0.0,3.141592653589793,1.7767818695039366,0.0,0.2436619354424308,0.43523967009229303,0.44382054471814425,-2.7465148463213347,0.5091690866528533,3.7763427083523857,8.520439131241568,0.5796861674001392,0.5572729613274816]],[-87717257.10873914,-87717257.10873914,[7.40108621210284,0.3882552270309174,2.300939511371246,0.2756207782505724,0.5777141869978903,0.16791154500391436,0.5558804028263756,0.6795771413227107,-1.012830547205127,0.6459072536562378,5.180605258947618,4.767496619912674,0.4044699649426358,0.550968838284589]],[-88241696.34571548,-88241686.28457928,[5.973237541697452,0.0,1.7684338745732489,2.5663722350220572,0.32586998300583964,0.4645091177893444,0.7829997365269457,0.0,0.6044190574071742,0.4608665667690134,2.6757682824503686,6.973458206457283,0.5863992787272526,0.5398820605753396]],[-88679012.23239923,-88679012.11259675,[2.744657942164905,0.0,2.330753455339807,1.217284834053559,0.18718312551496108,0.5454401473101651,0.36181611986487267,0.5754481587253029,1.0765779437709444,0.5306864055057142,3.077741728643892,7.339735115648642,0.2819318177219161,0.2824188782904017]],[-89383704.05459976,-89383704.05459976,[6.184997466473364,0.8136990946806274,2.912164291635014,0.27074363711783206,0.5500150872192059,0.3077533595894222,0.2762424180892542,0.38190549067825,0.29608548385239836,0.6164330168829828,3.7386837107436603,3.8855197215084565,0.5443103839736231,0.5078095984456072]],[-91520398.71099056,-91520397.06632829,[2.8516747808188523,0.0,0.9941794056988794,-0.9132102910300058,0.7749886798470399,0.49763836501354575,0.5104726786846031,0.6194033125196738,0.7550893608488976,0.524874937219502,4.9988277370038,0.0,0.4649431135917545,0.31491640106001506]],[-91569330.97667462,-91569324.98623282,[8.254453984537069,1.0,0.2579333067677494,-2.034185847557692,0.8029561694328409,0.2843230924530441,0.2209801951957444,0.2713846141887005,-0.011216741720190496,0.9,3.894050632250613,6.9267153212229955,0.6628092952151019,0.35255416741506607]],[-92298877.38776696,-92298877.14760196,[3.78847393681895,1.0,3.141592653589793,2.4061552329279614,0.7764673059856784,0.5312976117123854,0.6988255009661819,0.5628077982146775,0.030022106208050882,0.6172502569780047,7.789069983465031,4.873648592397613,0.45308236553198683,0.46567740994661283]],[-92664530.86917931,-92664530.86779255,[3.2415979407248945,0.7692029659870112,0.4305139185580389,-1.425518285017239,0.6157271319394411,0.2994349144527265,0.8879311481946182,0.8570838093805946,1.2267167601954692,0.757442756845611,4.473514109737375,2.7078529720340945,0.5621714823281191,0.4576216359296956]],[-94722859.92866087,-94722858.07263374,[3.702979780276249,1.0,3.141592653589793,-1.5952544016748393,0.8042577786531242,0.530987746952569,0.6324534187723728,0.6010739462906735,-0.8626679198407323,0.2180903491772092,3.9048775057542473,6.472428642256532,0.639501630455955,0.4392658406961417]],[-95110960.12895577,-95110959.37584615,[2.9071758186503915,1.0,3.141592653589793,-0.14164167917640866,0.08934349541941072,0.4715525065309888,0.1874636723126037,0.8948473019644223,0.8263254352327536,0.2519221367638299,6.296165139053456,1.9517716745675617,0.5293874184857069,0.36441572873497363]],[-100163274.83492751,-100163258.49186277,[1.2103559140905258,0.7734779572194347,0.0,0.47679156567641456,0.22104769612852232,0.1724763180577628,0.09062933741585538,0.3920790478449998,2.5939731995771638,0.2714365693216197,3.5569123647181895,3.652825103599958,0.5208547462250761,0.5734478706214818]],[-100415426.30603218,-100415426.29893523,[6.352502428702838,0.7062094695128598,1.4668050996672939,-1.1352708494380408,0.04577955935159167,0.03541246293430539,0.5574564165734457,0.6408284715064194,0.42998292403567206,0.9,6.836846846619125,4.9172684405976534,0.40173561259517043,0.5616975681618211]],[-101240335.79303478,-101240333.48968154,[1.1546569642305466,0.0,1.010160618972498,2.121410062516714,0.4373381094931382,0.22192167602779134,0.3616543549917953,0.5334143058875618,-4.0,0.6162508010235327,7.046865072391934,0.9698706287155616,0.359816255083087,0.5149184473606423]],[-101255906.54824924,-101255905.56020397,[4.834732006567933,0.0,1.1692267265676775,1.299469158167698,0.45596847443374366,0.6781973785775097,0.7039598810106162,1.0,1.3836337004817394,0.8184823179409162,0.2066753455292103,5.910199703541482,0.5987085054333088,0.3328739161300095]],[-103556995.97669953,-103556995.7080909,[7.378754719103249,1.0,1.3410862389439904,-0.9713256768584444,0.3430025914858152,0.5218412167460759,0.5534420567640026,0.44687400913297437,-1.605047273995535,0.49949694286040425,6.837519030361827,3.3545417440346137,0.6279224911232253,0.33697363277692394]],[-106086644.10916595,-106086641.42520869,[3.9423743340777873,1.0,1.1932597180440605,0.3742543457739387,0.5128866920006914,0.3269614175418847,0.36059233089022447,0.3516551719991887,0.256995343869292,0.5582271823574101,4.053767840825426,5.7055322533948365,0.5891566277664476,0.6247931868294441]],[-109483502.47100009,-109483477.82479525,[4.128859396204568,0.0,3.141592653589793,0.38693719204590654,0.71171204101891,0.5190092885207729,0.5525452384464915,0.0,0.09236534425154717,0.1,1.7043078887748342,4.487194125843347,0.49916044063050324,0.5226059442713369]],[-110527010.83696812,-110527010.79652,[8.322470076085429,0.0,0.9049166253183123,-2.132969728987038,0.3961848236297882,0.41742058705282015,0.5872582376539714,0.5674181625867488,-0.9665376589003154,0.5379544605931663,3.2784729750276713,5.014545722224446,0.6748966268665257,0.561186345602996]],[-111614880.20474531,-111614880.09154743,[11.393817320656405,0.0,2.680770031928494,2.577137055308124,0.4453212562276557,0.4144341966739256,0.6459837511305921,0.49859041502398865,-0.5269701461673915,0.9,5.613815508993763,4.535355064363673,0.6058527170562975,0.5057739673003944]],[-115648116.91461599,-115648116.91440904,[9.179792219698538,0.8242020737389775,1.71938036945497,0.6838398216076522,0.26664050403596196,0.3498427928527392,0.5898503691546008,0.5710559385597109,-1.4976668195623106,0.7450738874518708,1.7722882232897343,3.083851842814839,0.5685012848267391,0.5482072538655667]],[-118113521.94476332,-118113521.02540708,[5.602499326081746,1.0,1.910546224889089,-0.4481482988600665,0.2843388553966827,0.42396089594756303,0.726547066212858,0.5715284764168762,-0.672431546814626,0.9,3.361540348556367,4.304650191651128,0.557240216351489,0.477089749931579]],[-120345735.32697026,-120345734.5457604,[4.149851396075737,0.0,0.18361454588681148,-0.3220526530928557,0.6628140459812153,0.4669496726651749,0.9550790464455416,0.6570937386537417,1.3503760982831476,0.6350355106161523,5.681203248868955,7.437028100819999,0.536935684068367,0.5210428123358036]],[-124591525.36147206,-124591523.63153088,[9.86993667338088,0.0,0.0,-0.19332426916184436,0.3322693590445732,0.5641074377217707,0.698484560197713,0.3766781214228052,1.7583842798912053,0.6744292529371538,3.9268657646492993,1.3520706791398038,0.45920022691628043,0.38729337008632425]],[-125073328.58930165,-125073326.98816502,[4.58892247042366,0.009715048832349638,3.141592653589793,-0.2470990211149497,0.3657307160824759,0.650844623843778,0.5938331300751161,0.3308056386737415,0.11018420542299402,0.20543438056968266,3.6952047476394494,0.0,0.5150157445478839,0.31557206631490065]],[-126124349.10963058,-126124349.10963058,[6.195097804796354,0.8010186851318843,0.15431494223835274,-0.11174491566069797,0.5600604864928709,0.5536471439649022,0.36858978352750565,0.42106043769302226,-0.5844499628295787,0.36522001225508693,7.280638647728788,3.984603901269697,0.517304223106128,0.5256728814493682]],[-128317529.58161907,-128317528.27708471,[8.477799569432037,0.0,2.2909942295359236,-0.4352379381904806,0.6178109677997639,0.4352645044172055,0.17757329937093014,0.33974592591045366,-1.677727001377176,0.9,3.2205619942078774,7.055936097069305,0.5739498212082097,0.48917963041246043]],[-128877536.23469839,-128877533.5968945,[2.412071003101171,0.0,3.141592653589793,-1.0500805005443854,1.0,0.486075673921964,0.03187527122038142,0.6458138671734249,-0.6065466367487464,0.6777520367125067,4.797870856444298,3.8161260169230693,0.5940008503859556,0.4534116001477745]],[-132341811.86807095,-132341809.99171364,[6.612192135174691,0.6822231371612696,3.141592653589793,-1.581832010440265,0.8957771288695797,0.5333503978524352,0.4317979786541043,0.47748026743108046,0.09545946821255294,0.7449841906536797,1.7800244619016037,5.577800588398387,0.5693828550585844,0.3868211817648813]],[-132845542.71295387,-132845542.71295387,[1.1807021931464874,0.5170294243976972,2.512909851291944,-0.7826793413472823,0.8356156331880431,0.28472288318350586,0.5972498470979684,0.5380883919834101,-0.04784638494912052,0.7028902528366602,3.3470513237202995,1.9551106624056254,0.42902447014042994,0.4346305994468321]],[-133941538.53328234,-133941504.01976192,[8.787282641062856,1.0,0.9862723934892301,0.7825124703300587,0.22624944593532897,0.47752205141548243,0.1717043744766592,0.2667137049280577,0.685977714341862,0.5896550568206993,5.753402839041358,5.432047634849519,0.47053259459318997,0.5953981947270686]],[-134995295.13473284,-134995295.13473284,[9.07279517751757,0.3731528764340125,0.6818554254973803,-0.20452838440253157,0.5015174483296618,0.4870349186794455,0.3406778275733915,0.6167377880139617,0.9036332917540273,0.4877925129700393,6.004012375790314,6.317336288359275,0.3813989287742788,0.5612642694643946]],[-135348993.72782663,-135348984.34172583,[3.969795201046679,0.5218992687996206,0.8992581612577848,2.478139711503043,0.7820546104851995,0.8681536373410459,0.3123697577879358,0.0,1.804013847357961,0.7446581235602354,2.8135165961370046,1.9873790792786061,0.49380280722771946,0.5948317640916619]],[-135364938.60029662,-135364930.49051166,[3.92859248303059,0.0,3.141592653589793,0.31639323650409823,0.39670976734377333,0.5582091832311922,0.7360357490768693,0.5950706642246539,-3.6608181988373394,0.32912100891650287,7.104900669640299,2.312660806802943,0.5212556579519395,0.5826401242156652]],[-140512473.0653605,-140512464.36933744,[3.683865064131635,0.6800750780572464,2.9540140573588216,-0.7390638324494052,0.6563978151349663,0.6718155269943614,0.9471961945143266,0.30577947521253906,0.8144105393377861,0.5009961151627244,3.2512668776253424,1.8017983245318212,0.4542173602176344,0.38911547161502996]],[-141133053.92154562,-141133053.6989215,[10.61221283301278,1.0,0.5609486783481532,1.633849761158858,0.6023685511288355,0.6502677486596509,0.7476065958724396,0.5616248609301343,-1.0149310130389015,0.7361195836198801,4.760906685585675,4.904218413029058,0.6587028966326607,0.7046277422962473]],[-143667605.74545234,-143667605.05967724,[4.796946734409535,0.09796787927187417,0.0,-0.22188045641715298,0.33252573657313955,0.6252087746418721,0.8715946642784504,0.41104396166398094,-0.7779196356267377,0.2889158594175283,8.099491409952385,2.737730219327969,0.6979205329025582,0.5543535532524447]],[-144655034.28013512,-144655034.18647397,[6.683242448526989,1.0,0.09213474596195415,-1.2998681691530063,0.26837140073360255,0.4303556044173487,0.30582898730802277,0.4749830710301546,-0.24108272458665475,0.8051442254761431,4.658313260482732,5.502512841560994,0.5849659545659606,0.6453166033855724]],[-144669976.269066,-144669976.06883633,[4.852199241188594,0.13528755325621766,3.141592653589793,1.132538803145115,0.508720235982752,0.23202712327165814,0.6976249010821503,0.8329463401008068,2.08379046505641,0.9,4.545680869577708,5.422626944051091,0.5784411935964537,0.7545306870272918]],[-147013789.5573082,-147013789.5573082,[7.874137429503972,0.30004757035303997,2.5437674441497036,0.8198340104485318,0.5547307560566993,0.7539335071694062,0.7575502261735261,0.773133595166351,0.05424131022879883,0.392870730182834,6.395576674519477,0.3706491602779156,0.4275553341495062,0.592020339392112]],[-149120432.36589682,-149120431.2045418,[5.608483755161087,1.0,2.0614951262714722,-1.3261342791940707,0.658635028725219,0.5735081975893404,0.452310799941407,0.5982750292474984,2.3786437431531136,0.7366061217844397,4.2002485399197695,3.0235378477955464,0.5208178294404087,0.5106014215254445]],[-149541271.6685772,-149541267.19609618,[3.1002029609924087,1.0,0.0,-0.09787353802576984,0.29026027488113026,0.5752398359659935,0.5849759373472234,0.5220711808375285,1.9371104820660268,0.7045122534036227,2.4470326545884804,1.3293486160469619,0.3637069996394629,0.5226774367415586]],[-149745050.85586366,-149745023.16800582,[1.724571240371327,1.0,1.8398393908724235,-0.8036486915110614,0.7225732348490544,0.6016670647600703,0.6852736410658211,0.22603908235260584,2.1793847653243783,0.4942908825905133,5.255996216564945,3.7790767282049975,0.5322140752015865,0.5091770859973672]],[-157473663.3942588,-157473632.80532324,[8.568116347786663,0.0,2.4232107787098855,-2.27368342266421,0.5528171192582262,0.6040009585136923,0.28905132875252043,0.08054707151024287,-1.9086721117172145,0.6740883656675706,4.312091055912066,2.8618718069183635,0.5728382487051122,0.42140879838363665]],[-158484884.90258235,-158484884.84132564,[5.908732071228017,0.041409326914635,1.9378094042358815,-2.9983221593531155,0.11130540587492121,0.4785499300775891,0.13412098661874988,0.49594220531581096,-0.6843455028357225,0.4147624552353175,4.3023413471462515,5.985748855641104,0.5698339164861844,0.6782157207000349]],[-159895177.77898145,-159895175.74202597,[7.384850119524175,0.0,1.1852480924632265,0.28386768754962644,0.5130818270406199,0.6798515623834569,0.42435146968923737,0.49398898449387124,1.0691674074658046,0.32181508374301115,3.972907455862458,5.55917342845703,0.4613360391048165,0.4678197670057664]],[-163845019.58007538,-163845019.58007538,[5.094529460080936,0.966452517466942,2.508378873853682,-0.8864051239241852,0.6010217076065234,0.5597057648723649,0.5099732926430895,0.4839361665271582,-0.4600985186082267,0.8225863081354592,2.6540013001715237,5.615570968287957,0.3080879819335234,0.5934109374373688]],[-164535141.77260172,-164535141.77260172,[5.48274931556392,0.9940074503467979,2.763391155504731,-0.8451689597257181,0.8109280366761449,0.6622105423385156,0.6170012013028634,0.6162861324687614,-0.5419207382863294,0.5743523425253887,2.3344208754869715,2.6853331647047396,0.3898946445545096,0.5620452769888326]],[-166828304.3214298,-166828303.34710658,[2.7659681594090118,1.0,0.6302718692134204,-1.0058991714142789,0.3546133818323087,0.623798435002659,0.7917270210704588,0.9848741151071695,1.5594131778661842,0.9,5.715034495667686,4.9848023023860035,0.580405249737385,0.4194351187399099]],[-170064106.3057164,-170064106.3057164,[2.4645855810432353,0.5451995365126318,1.626276024900094,-1.624157354363938,0.2134092055318289,0.7032288954790439,0.3997069472991056,0.7288116300633954,0.457383637187674,0.19279135193752667,3.4099327231018117,5.963008950605049,0.4024961384624065,0.5468424053720551]],[-171223747.1117496,-171223746.6483258,[2.349577807340121,0.0,2.311791843665325,-1.7140359794537887,0.8624640252745535,0.7880691899346066,0.6037755750637476,0.5565470235614949,-1.688831764109675,0.45678911097992164,5.487342386718768,4.920535133686098,0.4596063925481258,0.41293254356869075]],[-172375251.39601955,-172375251.11820614,[3.796442737671839,0.0,2.5265368842076543,-1.9551317630749239,0.7577820956283647,0.7348666762748095,0.4841634469499792,0.27429234105468997,-0.693062333820105,0.1,3.730607349133599,3.520906341506068,0.3803969132433812,0.5378685520233331]],[-176463257.95239457,-176463240.3974799,[9.916455727311288,0.0,1.2703749159263373,-0.508054020897572,0.4687696274528644,0.645574011486939,0.3945117423051123,0.5028807174565181,-3.216673663457053,0.7014304511970003,4.585265906820473,5.7172019793311275,0.2749641895747274,0.5674337249987855]],[-180908411.40065038,-180908384.7552706,[1.189846762912821,0.0,2.353584456612733,-1.5250402553498503,0.2471867204673166,0.4767167744355428,0.14297235119714624,0.38977262997517176,2.6791588036685052,0.5724338423930098,4.461791718922455,2.1566429802182983,0.475299816264064,0.5605562673968879]],[-182060529.98407188,-182060529.40689468,[2.8663060946890937,0.9730236217447837,2.230877264384251,-1.4227642028630196,0.662001642718515,0.7956065227158827,0.8940835617787015,0.5293368846864634,-1.7099006139838098,0.5276582078625032,3.5843099788071835,3.0741174523032777,0.567481449140089,0.30856232791628135]],[-193121470.27039698,-193121464.02712202,[3.2872116160305294,0.6129624201098807,0.0,-0.7072188037715089,0.07353923740167256,0.5317854536685627,0.6620931203746472,0.4095621497284282,-1.4652672938052322,0.9,5.371999490344427,3.2267519601295294,0.6224180323043953,0.7965147025913897]],[-193828285.0989424,-193828285.0989424,[5.850698050031697,0.20060194762663036,0.11810784320037482,0.4513095919190666,0.4104604485392156,0.7550457183865976,0.39444425218509854,0.5000942965908395,-0.22162301701929984,0.7445324040319777,5.450035893278929,5.691624352430002,0.5815206826953206,0.4027585277580808]],[-199658826.94687155,-199658821.89369273,[3.6526939538683223,0.7859711898163632,3.141592653589793,-0.7648128124556421,0.8624122236692018,0.7085029641697309,0.44570500926639584,0.17009152652402182,2.1416223267352166,0.6420190819513252,1.6971351941064112,4.735607657723071,0.4743099272187155,0.5541104240598719]],[-200411499.28700215,-200411498.04493213,[4.955269047504974,0.0,1.7862390938090864,-0.7979381548112521,0.35112491069250795,0.6620684188478388,0.4107353090387684,0.3492552726078577,-0.7642379660886576,0.24909502119910792,5.499530289873582,4.291819606589174,0.4222278020297462,0.7991810721641932]],[-200849772.97345224,-200849772.9695953,[6.87035099835716,0.640266903897746,3.141592653589793,0.31172493092647613,0.2658182061800154,0.7845825463788009,0.5296249833786459,0.4513151464452852,-0.7563381709245022,0.7082198647651046,7.759953165910121,3.9187651391787948,0.573096629070711,0.47804765706677366]],[-205893239.54161212,-205893224.74712765,[4.062738634280713,1.0,1.6166533947948551,0.16015591665347048,0.9513546211026981,0.7907981746718824,0.5434416606930741,0.49253549193776375,-2.4841203026231184,0.4310494866765182,3.743835874298677,4.077314801739273,0.615277268204499,0.4773901936996103]],[-209246046.06416845,-209246046.0210514,[6.7133945931881485,0.7488876782704841,0.0,-0.895124716633179,0.03416692983345371,0.6718966829460786,0.42901746009475017,0.7491437662803141,1.1390596848434051,0.5382374892468811,3.60123874098937,6.095661875758278,0.3365106979144108,0.4494685602615628]],[-285755071.9153763,-285755071.77713037,[6.1997949007679205,1.0,2.206914094537355,-0.9536972712709653,0.5345419899716152,0.9695109543797087,0.5798957240788377,0.5728344329299732,1.0615802282499387,0.31499696744040484,5.709467289554622,3.0231052053002987,0.3452623488266351,0.5337512323223799]],[-288759112.1710248,-288759111.88884234,[6.326485478433078,1.0,2.430651609369105,-1.1265600930244979,0.6102082344684003,1.0,0.6536272715494226,0.352693940583519,1.4429763797644408,0.14045026307341746,4.834638968631822,4.037033507416604,0.37930895953930155,0.4971267997630851]],[-289736659.76234794,-289736659.3709012,[1.021744462480326,0.023711168256243254,0.025894802641064807,-1.14087513457614,0.1476422344497575,0.9773584641699999,0.1668931257632148,0.3415351181734719,-1.2855159311259552,0.2756718557206843,2.069960149529294,4.650343416462084,0.49910958713224346,0.47572114288627254]],[-295817449.06128126,-295817447.2935513,[4.786508375342987,0.5050912800746701,3.141592653589793,-0.3522376505680932,0.3738364561500946,1.0,0.5639179765585665,0.5753816845972562,2.0482156174514197,0.47915654258468543,4.902600773899246,4.546250070704788,0.4562221955010756,0.5823563689604284]],[-298034347.9348463,-298034323.93321896,[4.540235347846441,0.0,0.9332715061845791,-0.9366509118708615,0.32538151143038285,1.0,1.0,0.8801153605913636,-2.9542518852874613,0.5020066098551221,5.5199244681504895,4.767397998255184,0.41582352585024107,0.5749306085009129]],[-314722786.20840037,-314722765.92889404,[0.0,1.0,2.2905184616959495,0.5267218483003993,0.5361068287775196,0.7935444513703048,0.6908733801108867,0.2569463160924237,0.932877534669414,0.1382266848902745,7.195282835409779,7.380989258354289,0.6121945598706593,0.41217723797112826]],[-316017119.4856441,-316017118.910236,[0.06581048271314494,1.0,3.141592653589793,0.6357455157284838,0.0,0.6542530785543071,0.7823954688569907,0.37993208350499075,1.1662671132507216,0.5213382438790397,7.157404636031765,4.958825415769118,0.530827666290914,0.6171772190100451]],[-329455467.4965775,-329455465.5595987,[0.33109543882447134,1.0,3.141592653589793,1.7715613220393838,0.38515882409439234,0.6459808524216835,0.45766645939201117,0.34777956961670964,1.5058404800392287,0.3897937436611549,4.115869503067256,6.142090842995907,0.6434192390377433,0.5276456012383695]],[-346317281.38646334,-346317281.2954122,[2.7195487962328686,1.0,2.3840926289169904,-0.7540224056508922,0.3240116780709402,1.0,0.7802522462663015,0.3149759343127355,0.37773912412157934,0.8384313595702847,6.912917830463209,7.42995887540008,0.43616503192923695,0.612935487814023]],[-370873369.94768095,-370873353.398392,[0.0,0.0,1.5995873644974512,2.1372675571958966,0.42075266725489174,0.804529745101999,0.8715957416534769,0.19594141887125482,1.035663777667911,0.623277829836879,3.957567156777766,1.4517476862254854,0.47610829582541786,0.3661648345322419]]],[5.9679656525726426,0.4591960666486924,1.4730436425739035,0.46056531660162364,0.6363898272596353,0.2182018072695301,0.56160044297299,0.45452301726005867,-0.541704494598382,0.2879393918187368,3.9887713649320298,4.389682459317491,0.47004606956122164,0.4369548858321094],[23.913281483561757,3.608700842554303,9.20342282356649,8.665667988396143,0.25009447024597076,0.26965362132313514,0.2420144637023574,0.2507334004840552,8.66585486492023,0.25365214776730827,16.528164321064892,16.030780541823315,0.03916411514202099,0.03970592591515207],[[23.913281483561757,-0.16959546981290136,-0.015892823917286702,0.508286191685059,0.06889050694482145,-0.11212362017303987,0.07646365076239954,-0.04121859752394793,-0.05863159063317836,-0.11749989126015382,-0.8641048794321258,-0.19049075633190662,-0.011521857719334012,-0.03437273621329069],[-0.16959546981290136,3.608700842554303,0.042468834832405496,-0.022365200734741963,0.0051367385295862985,0.0037404088888020387,0.00435748560771426,0.008285465345842838,-0.03316105578760533,-0.0004369017347964825,0.03933083783136365,-0.043207122924019424,0.0010767709251569045,0.0036380293110325635],[-0.015892823917286702,0.042468834832405496,9.20342282356649,0.20743093496181414,-0.03009879132086946,0.007506203996432446,0.0054687137236122795,-0.01713640962076753,-0.05007181944161591,0.014824366195334738,-0.12966804139856244,-0.3960860324132746,0.0038640134921586232,0.013407423007310192],[0.508286191685059,-0.022365200734741963,0.20743093496181414,8.665667988396143,0.03450484983217719,-0.04641291657683886,0.033866236748244787,-0.05250181756782316,0.063516264169391,-0.03699461806876756,0.09215742628203626,-0.22228282898331073,-0.010397369273048539,-0.017436646536773206],[0.06889050694482145,0.0051367385295862985,-0.03009879132086946,0.03450484983217719,0.25009447024597076,-0.025249584183127945,0.013349007561274715,-0.012649261814084009,-0.052937952937089014,-0.014790365336190471,-0.017734644744326452,0.06765530816395704,-0.005002598756647811,-0.005482861403331579],[-0.11212362017303987,0.0037404088888020387,0.007506203996432446,-0.04641291657683886,-0.025249584183127945,0.26965362132313514,-0.010501996060929528,0.013259561682845492,0.0952298987352857,0.02653559796039596,-0.008216436407382309,-0.09072638371549933,0.006136458070629934,0.007853200632152712],[0.07646365076239954,0.00435748560771426,0.0054687137236122795,0.033866236748244787,0.013349007561274715,-0.010501996060929528,0.2420144637023574,-0.008245941992935059,-0.003716561883162855,-0.00581966454854599,-0.04002566664124623,-0.04302266197976066,-0.000653280224027727,-0.0028185496994611167],[-0.04121859752394793,0.008285465345842838,-0.01713640962076753,-0.05250181756782316,-0.012649261814084009,0.013259561682845492,-0.008245941992935059,0.2507334004840552,-0.0013157210042779993,0.007108173728805926,-0.024778078527373692,0.03379434885530082,0.002903062397144409,0.00015829713222481113],[-0.05863159063317836,-0.03316105578760533,-0.05007181944161591,0.063516264169391,-0.052937952937089014,0.0952298987352857,-0.003716561883162855,-0.0013157210042779993,8.66585486492023,0.037136966806029806,0.25154358826981305,-0.22229187311182755,0.00774875004498908,0.02215000503046816],[-0.11749989126015382,-0.0004369017347964825,0.014824366195334738,-0.03699461806876756,-0.014790365336190471,0.02653559796039596,-0.00581966454854599,0.007108173728805926,0.037136966806029806,0.25365214776730827,0.04342896373048158,-0.02123911680291867,0.004615933360345017,0.006120568554324279],[-0.8641048794321258,0.03933083783136365,-0.12966804139856244,0.09215742628203626,-0.017734644744326452,-0.008216436407382309,-0.04002566664124623,-0.024778078527373692,0.25154358826981305,0.04342896373048158,16.528164321064892,-0.2957055776340727,0.016859065682845755,0.0073367906023343666],[-0.19049075633190662,-0.043207122924019424,-0.3960860324132746,-0.22228282898331073,0.06765530816395704,-0.09072638371549933,-0.04302266197976066,0.03379434885530082,-0.22229187311182755,-0.02123911680291867,-0.2957055776340727,16.030780541823315,-0.025086072532775613,-0.018937783212872008],[-0.011521857719334012,0.0010767709251569045,0.0038640134921586232,-0.010397369273048539,-0.005002598756647811,0.006136458070629934,-0.000653280224027727,0.002903062397144409,0.00774875004498908,0.004615933360345017,0.016859065682845755,-0.025086072532775613,0.03916411514202099,0.0014692168196420087],[-0.03437273621329069,0.0036380293110325635,0.013407423007310192,-0.017436646536773206,-0.005482861403331579,0.007853200632152712,-0.0028185496994611167,0.00015829713222481113,0.02215000503046816,0.006120568554324279,0.0073367906023343666,-0.018937783212872008,0.0014692168196420087,0.03970592591515207]],0.6616361191252087,[[0.0],[0.0],[0.0],[0.0],[0.0],[0.0],[0.0],[0.0],[0.0],[0.0],[0.0],[0.0],[0.0],[0.0]],[[1.4663721132650773],[-0.1545347962989679],[-0.23568561110246225],[1.1628514138677717],[2.066170826361644],[-4.2689635762406155],[0.9331857127398393],[-0.6889312560631662],[-1.3677144473019895],[-3.2125082262224196],[-0.0212628378005182],[0.7379129231665108],[-1.1344309625389857],[-2.387677626982482]],1,100,-41227882.040486135,-41227882.038852096,[8.643752321587156,0.0,1.4369937614007142,1.2665943548948304,0.6516404875557217,0.16337662544396508,0.4657202925188636,0.31185655544182345,-0.3507349806775598,0.1,3.0588915514703117,4.383420132389414,0.4170514011654741,0.3454628249930676]]
