["generation","mean","variance","covariance","_sigma","_p_c","_p_sigma","iteration","num_evaluations","best_score","best_evaluation","best_solution"]
[[[-64732871.732657984,-64732871.22612548,[9.045057874872011,1.0,1.0158800484056367,1.0910766161037881,0.5775067495545851,0.09555285263272717,0.16706453095512835,0.5614455481461501,1.4574903732409399,0.5023692412903317,4.989725999939996,2.6811729963577333,0.36587197537199967,0.3791808404804575]],[-74557740.65892622,-74557740.52022225,[5.713856632709589,0.3784191577646915,1.6487917373948222,1.4461961454278018,0.43897629586194914,0.004649540842408151,0.7288568050672526,0.6062295928149155,-1.7418800924510918,0.27650033649004285,5.515983210283623,4.417077762214907,0.5548925424482876,0.5246222888354324]],[-77175210.6322421,-77175210.083947,[6.003484418598331,0.3691313048541563,0.7755072788846805,1.8689940674364656,0.4417646367705594,0.6789503991495988,0.9336243490636309,0.7492727039337497,-1.6672542407756865,0.1,3.17928843239367,3.063242250425249,0.5103278268914088,0.32576853668420286]],[-77548816.68789367,-77548816.67796075,[7.969387610121683,0.5593646666082663,1.878425291550908,-3.0233230214919073,0.28331547756049336,0.14648442514773358,0.4362930753858762,0.754243887884644,-0.7669876856936222,0.1,4.106428193044087,2.4354770732360085,0.471765577293158,0.4995633366714175]],[-79840528.53947215,-79840528.5390383,[8.483475135131355,0.045537315872534734,2.0510465548994476,-0.9545425136619006,0.22155892357436358,0.07983917283197983,0.6825324404600431,0.2771219525145606,0.9159651245183382,0.5409281507608307,4.921341882116675,3.84546617463839,0.7024575315558305,0.430323044461057]],[-83866996.37888809,-83866932.82325208,[6.8225789024504175,1.0,0.968385417154972,-0.5836261645296767,0.034583107816714476,0.20693806402979498,0.29428373415130915,0.15802370067983268,-2.5409420907841493,0.6031643819801217,4.071392602308953,7.692948195170391,0.5895381091026228,0.37581922180780275]],[-84214464.35931191,-84214463.46006495,[6.3314203989124715,0.9893743148426462,1.7352717951878172,1.8621930074815238,0.5595146914367927,0.7661478875773078,0.9450808118529663,0.39510841253385875,-0.36257131449140734,0.10235740221138317,4.3747648639109835,0.0,0.44991523436944186,0.35887979358869504]],[-87755779.96570553,-87755773.62898207,[7.808316522571724,1.0,0.8070194703917928,-1.87972791844542,0.6078751514543486,0.25031827102164117,0.22381762746101014,0.05374174777586593,0.8211816577307862,0.3037455531038563,1.8500503660970669,0.0,0.40126194881941785,0.4729290185802629]],[-91206872.4881674,-91206872.4881674,[4.9629775788240815,0.1035346031050744,1.9119953315662994,-0.0529792410068093,0.5883333621656179,0.10521422942862646,0.4792822988474566,0.5041906367689438,0.3769061874029873,0.6302505714878103,5.714280092926678,1.7488165601665968,0.4068096384555014,0.4918836073933944]],[-93337149.45013268,-93337149.41755337,[2.4371228655002914,1.0,1.2247030002180603,1.8143054243525218,0.17486436358896745,0.07854905081018243,0.3235484070271367,0.8576985840757849,0.4663409563086616,0.3712257245170276,5.399314617810321,3.0987299308925893,0.5089988996713147,0.5871783213259043]],[-95760370.85968354,-95760370.4899686,[5.850696404818624,0.2122266725588648,3.141592653589793,0.8605255812637322,0.4207363154021337,0.13049616951639625,0.25380674157989325,0.5556549279760858,2.4061837836250066,0.6679345580087621,2.06465625910526,4.5200898330487576,0.38616120075257876,0.5036724651620806]],[-96941278.38890852,-96941277.95877469,[7.685194220080889,0.10339673038337038,1.2866344439644497,-2.6477257223002164,0.8183243367352167,0.2677489290135632,0.14922572603698175,0.3859142646572635,-2.1450041325753446,0.24599772519291657,2.3503126773648377,1.7841829967186262,0.38390238289214645,0.5189649284946249]],[-100653126.80649099,-100653126.60571307,[10.38434727880457,1.0,0.8521177943372625,-2.338248889397175,0.7757021719759639,0.18124274050671968,0.8147778840313411,0.8095653734670101,1.136207977028455,0.3317009286265341,2.134880941734658,1.9135918940662981,0.5248500359725738,0.6109810350999483]],[-103494417.78468865,-103494417.78436118,[3.5390624378897297,0.0,0.6990391518675769,2.4291245158354697,0.49335368796438084,0.3521830779761929,0.2849700780582902,0.6483198720464107,0.8535515409359513,0.3942106693902441,1.938755788407725,4.88414662020502,0.43473355250805057,0.46277704857178614]],[-104889437.69506195,-104889378.0769459,[4.235185377892123,0.0,2.07122882268829,0.35879979288438213,0.332014153313118,0.3874719463795149,0.7845019131903088,0.0,-1.5599580950500305,0.5374110259125268,5.865703727538672,4.782417791044706,0.27163524690311247,0.38832148269964184]],[-106284487.82713255,-106284452.20515454,[5.761372501720211,0.4633889809173203,1.7991398483075491,0.06494964863621915,0.5721915115965436,0.31843938495962254,0.2858176141151462,0.5737050008585773,3.35697113754403,0.5609483576039868,5.831110523799205,5.486287872832331,0.6281694542994025,0.425893302692366]],[-111168264.53652184,-111168264.190023,[8.215133073899306,0.940704423208109,3.141592653589793,0.3988118840100542,0.7269718091537846,0.3092984454546973,0.5346126798626138,0.7698318256174661,0.7823791775866211,0.4910325755550354,1.137619599155688,2.0653141229870084,0.32191492578244696,0.5303124326723814]],[-111498422.98039773,-111498422.97998548,[7.445419451920266,0.9238605259071644,1.2805190915578333,-0.3533899774806484,0.6584731042799163,0.10596003606530857,0.5369866915007685,0.33968233319059354,0.06892048388451834,0.40142523061048824,2.1034573885058894,8.475435058166065,0.5487757868990264,0.7031180042316485]],[-111793522.3350127,-111793522.28714138,[8.853530792208701,0.0,3.141592653589793,0.7624723095285639,0.6443612221740403,0.37959181371867334,0.44881352604846536,0.3180865059434849,0.6480808379414451,0.7631119277996588,5.11075166292854,2.7455064491025953,0.38756306633695936,0.40784710322812345]],[-112595637.71097083,-112595635.87125266,[6.58141856905708,0.0,2.7266165636256505,0.301065368006473,0.8204888981756406,0.38838190092507907,0.33437424955731676,0.6775283994295046,0.07529217541043379,0.4554465636500009,3.1253169810128565,2.520156952194263,0.5634891639258309,0.436202023331229]],[-113041214.59704751,-113041206.98262578,[1.7567507244539367,0.15108251085905305,3.141592653589793,1.4810934727559077,0.5471646896496194,0.3768867899010172,0.5129325592992976,0.45455582371797415,-1.8500091586979437,0.1,4.645247799483811,5.868440542791972,0.41005167476208765,0.49195685886699136]],[-113137399.94246502,-113137399.527305,[6.395151517009873,1.0,2.140179649994373,-0.44203252436025686,0.390196833539048,0.2824452371932243,0.8579326936849093,0.7150967475814304,-1.1235581612523426,0.4541562040994542,3.0224761288345103,1.497859564428237,0.43155694674417305,0.5828858029869147]],[-113325985.46589991,-113325985.38403523,[6.169307932347849,0.09494346166548029,1.8845501272003644,-0.9205781029636941,0.213252370216169,0.3619142578517961,0.2473135057967455,0.5375009351296909,-2.2404931268161654,0.6573482069885033,3.7461951255958814,2.262611140432371,0.571115777617878,0.4033981784148044]],[-116638471.57496959,-116638471.57496959,[4.893397371206726,0.6914476489944059,0.8016120301388197,1.8555717584627618,0.5564293290513177,0.36308917402433577,0.5568345218185669,0.8410312642616418,0.2902320206260661,0.4507724991798681,6.597731478761653,3.9194067359578524,0.5241461803729087,0.5826917792097657]],[-117538229.60391593,-117538204.52594346,[2.0286217419607566,1.0,2.0783415022162135,0.24313829634239736,0.5339559652492157,0.2647978778983371,0.6475777124134128,0.11970423417726067,0.26417934818652467,0.8157599492944281,6.189030663093762,1.6780588897638773,0.39612236795397043,0.45852158240358687]],[-117751019.37777023,-117751019.37332428,[3.919981999689469,0.0,0.14027308928213178,0.6716730513552097,0.12974906905047678,0.32261083223178477,0.6822766550620732,0.6868761446685901,1.2640521656204529,0.25367712595555303,3.3896855963600148,3.0650461058060965,0.5828013342156873,0.5677216453490718]],[-117938218.42859797,-117938215.3953129,[8.207691342954702,1.0,3.141592653589793,1.2859415225810542,0.3122997356317167,0.5590734121802918,0.6523068037066313,0.9152675755969474,-1.8999722094555682,0.39392051668236916,3.479323931604334,0.15731295189552297,0.4429204176464883,0.5687280339105614]],[-118508887.24672495,-118508886.08432817,[3.945259079637262,0.8431245970020715,0.0,1.4732510756186343,0.6154897322944921,0.5012951112893399,1.0,0.5331034255035593,-0.9188880963378692,0.6078353970806846,5.814058416567857,4.271451118527447,0.6418318631801855,0.43262539399164135]],[-118862271.26200846,-118862270.17487562,[3.9120981384231266,1.0,2.972692508949504,-0.15473376636632943,0.5025954144182143,0.47193482252358815,0.6719968991937357,0.6384262502509483,0.44103187118024917,0.6302476985245208,9.0,7.408424372676583,0.6261981556209121,0.2606907383134968]],[-121051640.38142966,-121051640.30617964,[7.473557981584795,1.0,0.7153518969178462,-0.14738446225384533,0.712625174763204,0.38759995240595235,0.3423094171283086,0.584939223958636,-0.9766820786889772,0.34256829361389723,4.083796239465846,4.643305546621251,0.6319703458279572,0.5319926859522573]],[-121480023.79064596,-121480023.40039301,[3.6135139138062504,1.0,0.0,-2.3269247160239863,0.33760926124095103,0.39711711073262324,0.8201614231031169,0.6811218648542032,-1.5847682264709861,0.5301155738824718,1.3398971611308594,2.283987673046074,0.607434019849375,0.4985312159655721]],[-123704649.08019322,-123704646.05023485,[2.451870368418936,1.0,0.05068535779609884,-2.022108008498944,0.2407825134215132,0.4497753611547358,0.08870905387886824,0.7974063444757051,-0.5629412642655881,0.6849645053355882,4.994449486258998,5.798592717990372,0.3986591638151388,0.3679593945820555]],[-125211411.65204826,-125211382.62932748,[2.730441013150178,1.0,0.0,-2.4013344931944562,0.20770481080540154,0.19270771847485924,0.3228915575567227,0.16653260074347437,1.7534284053428655,0.6192133088922509,5.306875901321591,2.833495737534222,0.5603376035975518,0.6055772903881227]],[-126223766.75978412,-126223766.4569534,[2.499169935085531,0.17095993522213776,2.548188380871576,0.3856506865607019,0.721537317709666,0.19468336165064376,0.15621900464114785,0.9357119075608447,-0.422623386113691,0.37371542548387693,6.351640028698973,4.809378477010572,0.6649777575404454,0.6570464650245482]],[-128711762.16562591,-128711758.39032996,[2.9656721054227577,0.5734687148965784,3.141592653589793,0.8204030455616941,0.6927515758129525,0.0,0.974230240142577,0.8063607483025699,0.6560349166607976,0.7947303897895523,4.742286019818358,1.4282928444528147,0.7524243976452623,0.6579823374898447]],[-131794332.81964678,-131794332.81964678,[4.402055254023337,0.9437588432453011,0.7934706734931757,2.5341188946641107,0.8107934398309503,0.6922656618076356,0.49903755600224614,0.3545255477754841,-1.7027929578841428,0.7976635297046988,5.238792991459134,0.3533808373319247,0.49547048740584543,0.47465735318273106]],[-132247236.72106704,-132247207.98922187,[5.548672079784648,0.0,2.107761947759385,-1.562383117767627,0.7688696452418939,0.2928186893406529,0.40903441185487877,0.13840526419021454,1.7517506729670334,0.9,5.258339854267749,5.770410434325574,0.5693686539981049,0.4946830962376973]],[-132996848.7582873,-132996848.72266406,[8.429826213792309,0.28691954274450737,0.7868246814444039,2.5618086568358645,0.4819070692065725,0.4759711982119237,0.8544364376859364,0.9340122356103984,-0.048734363819964065,0.15102676406455712,3.0012332995810773,8.093748086925299,0.3895846212898074,0.7013170899881098]],[-133661345.80865377,-133661345.4379937,[4.617329428394839,0.0,2.1085108938920207,2.9577739017271534,0.7086684598355377,0.9223951534452075,0.8446967507742689,0.8130566315051102,1.5010200913136034,0.576519377557312,2.5219123618763057,5.238571787399435,0.5113614956293904,0.5514445936215748]],[-133858786.03855209,-133858748.72565675,[7.618372283060517,0.7624512535457154,3.141592653589793,-0.8708887562446096,0.6798318040511535,0.43184166355658327,0.48693177471833166,0.5218079379771545,4.0,0.3781310905859049,5.771521992293849,4.401486442980886,0.4431239229072472,0.572897592999245]],[-133906926.77668658,-133906919.92703903,[4.79867775463566,0.0,3.141592653589793,1.2185081205321882,0.814162176028771,0.5050662129566055,0.29927972912068124,0.6849140066557852,-0.6710981538773108,0.40843532502931695,4.780286462948247,4.521643041215774,0.541192657768828,0.578070135619428]],[-135084335.13370928,-135084333.54144692,[8.161940425375006,1.0,0.34213896566001023,-3.731059438064118,0.5409992679447425,0.3454468155231134,0.7394078245311961,0.5622347412848814,1.7490669352611272,0.643722242688837,0.996114511053142,0.9198655564933742,0.6421806506426929,0.5799728321693589]],[-135982354.25831524,-135982349.6969378,[4.01609273253586,0.0,0.43899587121086747,-1.9210227149504386,0.7859559359433036,0.4061627506883877,0.7069415853778628,0.5884506113792489,2.5680803826877305,0.5762026850373579,4.584396617641804,3.383200806818436,0.3649703090327773,0.5334555174963176]],[-136415364.1206635,-136415362.5351348,[2.865653383312569,0.0,0.0,0.9367241699855544,0.615103783201665,0.43993585964268517,0.5781175494673936,0.9254128707075642,0.7425753414743368,0.49097599523514285,5.525170629375311,4.678277178754182,0.6164522198787297,0.46348443490697966]],[-138058780.62809804,-138058772.98372293,[4.2356456105929725,1.0,3.141592653589793,-0.6976385413653072,0.8271134285629212,0.34092155320883083,0.5390399510666347,1.0,-0.9656661745402662,0.5505864884841575,1.4806035786873482,2.743753328763418,0.4615203401567259,0.6529392516093868]],[-138420659.38283083,-138420659.27041328,[8.542677664367696,0.0,2.1562472365131273,-0.16761993668907668,0.7603492471271582,0.5374674132754234,0.44947146027262475,0.8455851933614488,-0.6598940968463802,0.39229767542077154,5.776270693411818,5.763001448440459,0.4794703379800175,0.41957377534397994]],[-140553282.90886545,-140553282.90886545,[5.162852039662878,0.05779257911592239,0.8042539142186019,-1.2938403115973434,0.48708852183793167,0.3624608716587525,0.5650554944078244,0.38195500253771614,-1.366983290119816,0.60699776644551,2.8642429692102542,0.37606553639158236,0.5230948992265213,0.6200482156998633]],[-142331984.1662307,-142331980.87725312,[2.843660898154212,1.0,2.3924858446398174,4.0,0.48656285887333983,0.9631647139031083,0.48224721700366646,0.669215150124017,-0.9673334788034532,0.8092899053355618,3.3708753500089896,6.324379560245736,0.4204187229364698,0.4342333743995716]],[-144495934.54578048,-144495934.51012218,[3.9937636035012862,0.0,2.286615243966897,-0.5945952681444628,0.20726572191645054,0.5096961411313774,0.4646074525441215,0.6987448427163285,0.5346056844174287,0.3766540747817838,2.10874433823352,9.0,0.43166681340778423,0.520314386803432]],[-145596072.62628514,-145596057.16808712,[8.576471460708625,1.0,0.6124032026131744,3.1833631267666966,0.5399823942291788,0.6118675288478068,0.15072205378277825,0.346833676063805,1.1891232996876446,0.5983130608529708,3.872671127969223,0.8314715110600548,0.6069327331112988,0.6912775498553814]],[-145720042.2451523,-145720042.17701507,[4.032448194409267,0.0,3.141592653589793,-0.6280223272375651,0.44449684112776194,0.4969825425061161,0.5549384657773583,0.5433017129851371,-1.6783869935097826,0.5798731203861901,3.1344029774891267,3.3970235552242487,0.4620729027489294,0.5357902502138263]],[-146247920.0872864,-146247917.37804317,[4.540078232075208,1.0,3.141592653589793,0.12542567563021761,0.3709512575177825,0.3288887020539375,0.8772993986379671,0.5384958065792093,-1.0337623661755826,0.8956740291647851,3.504935892026812,4.430817729942092,0.6063696037858239,0.5796682846581759]],[-146660693.1788344,-146660691.65623015,[11.477097045077173,0.0,0.0,-0.8162040102138427,0.4675124535509855,0.3553657562868631,0.6274414696074071,0.5590036995334705,-0.07842357473817402,0.29615882716862774,8.290179143088336,4.142339901726824,0.26592601023096474,0.6844710737373978]],[-146777696.88392758,-146777671.9055131,[4.072797551696387,0.5030474735750068,0.0,0.9787851919270778,0.3556703148031778,0.5933441231718858,0.26622506719194705,0.3251995073880314,0.41061778786942127,0.7227500908486996,4.88778558952531,1.9423548676427886,0.4465173420317,0.38951419045750596]],[-146872122.35783866,-146872115.88892043,[8.12998752283685,0.11823753638055029,1.2033556827065541,1.64570379632555,0.5685578304041978,0.6609198399343916,0.515663087801833,0.2588489800838598,1.0817010862585708,0.6654548043421608,6.186085154622823,3.323134358001402,0.5374470376732344,0.6300018187054964]],[-150040997.7548299,-150040995.70156372,[10.41422423856276,0.0,0.0,0.8755411077523225,0.25141910576914056,0.7437409848698034,0.6341554996492611,0.6549847252971829,-0.6894771554826964,0.5285714942484268,7.384183046451186,5.2413299382726395,0.46461239774333135,0.5140544326119246]],[-150136344.84918177,-150136343.05823916,[2.534891014486805,0.0,0.0,-3.4515750569402908,0.6765016285591563,0.24943633363887352,0.6490670587997348,0.6396094029440247,2.538253552170169,0.7232401752830896,3.898001533589753,6.163214847300207,0.39282935300161814,0.6684195032965832]],[-151933567.06029892,-151933505.44407535,[1.9851984285823971,0.4842009058866243,0.35810517361304117,1.4182538359899228,0.555227800700278,0.5970627298283622,0.7208330071971174,0.2836039860512369,-2.5336087255720825,0.42726651544007893,1.8721242381818222,7.7999271371247865,0.4200909129269053,0.44655696213358625]],[-152399284.5468865,-152399262.22033346,[7.3583945424200845,1.0,0.5464061125096729,0.90498402116247,0.6350631028192403,0.6678408454836342,0.06217642355246383,0.81994382034692,-2.4384745706562776,0.593273744259207,3.6322363391475325,5.190561669821424,0.4768748967912473,0.5053708919985159]],[-153170056.70129454,-153170052.22851038,[6.161588968085745,1.0,3.141592653589793,0.7305430443693648,0.7274924409211673,0.8490365669745223,0.388586266930757,0.6380839472120649,0.9565085875508039,0.1,4.282739764166944,2.6601090599283403,0.5725680223206,0.3718631084405041]],[-154121507.82054362,-154121494.59990895,[4.224530333552313,0.6181822645326434,3.141592653589793,1.0612657845324254,0.18141477091523278,0.43319416153991863,0.5153652038433438,0.19590433476325003,-1.535627850164987,0.5129091979752196,9.0,3.5245491170502903,0.43537289517518535,0.6704048134092337]],[-155189958.52800125,-155189951.04105246,[6.590326431347921,0.0,3.141592653589793,-0.1456267901641658,0.2433051068757454,0.5493579351256588,0.0,0.1948680314858654,-1.220076758944547,0.5564383017732731,2.5718642728630376,1.117025127501193,0.4233093806190009,0.44402756881536093]],[-155360436.4806176,-155360435.87317967,[8.135456181742311,1.0,0.17383695059029614,1.5991087947640974,0.23768892211442094,0.5520641434449753,0.6226776952835131,0.21234927589201724,0.32393396319964146,0.5592100766947514,1.9407165261841324,5.53574654815607,0.22369577097813842,0.6866281086142794]],[-163711996.9420021,-163711987.64918506,[11.692827139442263,1.0,3.141592653589793,0.5560271990735719,0.1407877835497236,0.5805703928856558,0.594834057671868,0.0,1.9409709982562169,0.5142012882614915,2.3465175122766087,3.2601300100517365,0.3102010776252814,0.4874988145105847]],[-164038129.80100393,-164038129.4166808,[6.039293220594053,0.3394001937330098,0.4500144692604253,0.9822364189917205,0.598973621456717,0.5148597824540326,1.0,0.8220272230997476,0.8935570755341089,0.7355307677647023,3.8010004876035213,5.303557960400627,0.52635767383051,0.6371438725239229]],[-164281600.60910982,-164281600.31813753,[5.351209371924015,0.0,1.803292853352587,0.7096692497797431,0.9238595020058356,0.5346796614660558,0.689401699656595,0.5186421779795983,-0.9106330355202432,0.26895611806015207,4.165773572350023,5.838813172288978,0.5376432647265943,0.5556904107729905]],[-164399874.60811156,-164399816.66277707,[3.17784302265113,1.0,3.141592653589793,3.030698245236211,0.36289179464838256,0.6311059548045236,0.5137959090434039,0.23261408094940056,3.2449818500186485,0.5470646230342538,7.506295635386853,2.236335782304989,0.6031893628350786,0.6668467253938622]],[-164922404.00383767,-164922385.34170818,[6.529499043846799,0.6359073298452552,0.8151729408236885,0.5818982317882253,0.3103560317526232,0.584881356753337,0.41431269191399145,0.22672537870481974,-0.9891601681710231,0.27829832542492056,1.4122125318820542,6.600526128889982,0.5200854033774395,0.514236879203428]],[-166026224.49353492,-166026224.34162027,[3.72706978353373,0.0,2.7687665995280484,-1.7110023835946455,0.5607537157342921,0.4652347577770125,0.6641663873518813,0.6093739530281216,0.13299906205924159,0.827406339966126,3.7883163804754507,4.450897736563772,0.32213426607532125,0.6093700416107384]],[-169017433.82298404,-169017433.5532844,[2.864543459561641,0.0,1.621227676923275,2.1212728942099552,0.0,0.7329674170145385,0.44750274030655723,0.496842944033805,-1.1630312734281452,0.841119012424741,8.49258941862579,8.128020480054694,0.5922867088045495,0.5442588398425285]],[-171456394.0577961,-171456390.87181866,[2.356375176838761,1.0,2.9922018972855633,-0.41844061306142455,0.3043127564607361,0.5247357811768317,1.0,0.41656878480693477,0.5067714863184387,0.5174584067238606,7.161879093674962,0.0,0.6589814038737516,0.6074715513997426]],[-175259053.02332026,-175259052.99475574,[7.518713204376331,0.0,1.1411614467925781,0.8486151742898638,1.0,0.689580932942688,0.4374572043204541,0.7272626634905249,-1.257164391517264,0.7518665633048376,4.7949314613725855,2.8306437820730324,0.6781022963377681,0.41779594601973674]],[-175593413.49025607,-175593412.71919584,[8.694786197770954,0.0,1.7568197469698081,-0.9931277061804857,0.4164093019016878,0.6287878090627484,0.35342725330667946,0.6036242313946777,1.8504135355006954,0.2622139137286732,2.8773838176948874,2.6716044680909343,0.5688414900299968,0.5086599024054557]],[-177002595.16662586,-177002548.4895202,[3.846357037317845,0.6260001938602382,0.8917604190599152,0.7742826392377485,0.07115561045420932,0.6569168792942581,0.2625845889386552,0.0,-0.8003089929795777,0.41611480276277923,4.403048748008085,5.161474262650422,0.5535933476002775,0.4428616218288865]],[-177374870.81630406,-177374870.79901636,[2.231469167784091,0.6111954692901412,0.8348442703499812,-1.6531299168254527,0.6533371214600994,0.5790104403772176,0.6339074631887002,0.9118467565056203,-0.42569951742310974,0.4206476930035602,4.119194930365291,5.875432979831528,0.5493798608768884,0.5153899375446266]],[-182661072.9862364,-182661072.0857519,[5.085778324136261,1.0,0.0,-0.8559673647989199,0.6620464009931721,0.6385062712738883,0.8707751075064554,0.9259264487079433,1.7342291629940472,0.5044827775956882,6.648229538058705,7.384573941385867,0.5180999356032328,0.45049182726263126]],[-186808123.86265665,-186808123.86244595,[2.890246834781243,0.7729984884675454,2.166180991310221,-2.402499081634244,0.869799011151485,0.6559629662454618,0.3379057195428307,0.4533992140126215,-0.9724506059199185,0.708441412498165,6.933618056934172,7.10969152122064,0.524031801551799,0.447805261693605]],[-189285054.21781558,-189284994.0428809,[3.6865947389024902,0.0,3.141592653589793,-2.4470997319921137,0.8298842506073771,0.6645130467154021,0.6247270413970764,0.08096198910241742,2.337450530677994,0.22013820286222963,7.686741506967931,5.750845943865546,0.4458972686283277,0.5383562870268539]],[-193299390.41986513,-193299390.4198091,[6.971906293832373,0.9413466861968846,1.1916997361559043,-3.044142760118294,0.5118455131154742,0.5547057224379992,0.5696661926791626,0.46016648693290013,-0.25472237865113245,0.8763049559260963,3.5140839906852683,7.352258483860604,0.5369752050171692,0.6138999251805196]],[-195859971.83578846,-195859971.1774528,[3.269032851841085,0.0,2.7889932303290106,0.8334069596984879,0.39215653897957536,0.48684721371856754,0.19294312546869413,0.915675585504804,-0.509108996671426,0.7504516640083925,5.571939283708959,5.148858280620471,0.5768558183388697,0.7501416072090563]],[-205098203.87990558,-205098203.26409376,[4.48491232737601,0.0,3.141592653589793,-0.1711923479784986,0.7377644305511978,0.7203632800866703,0.49118220339462454,0.5336761098032665,1.4263997807278475,0.7769630043798337,1.7364929505043611,2.3756159193942374,0.4158102342979952,0.4422514159228101]],[-213411090.639052,-213411089.4176581,[4.213329647453544,0.0,1.8154171930990446,-1.2643951061489291,0.887473646382231,0.7994841250087306,1.0,0.31199759715601716,-1.3063248631140036,0.12485486321147699,3.045266192629872,2.8245017718223737,0.5616327570305348,0.5410130045742401]],[-214565075.52354345,-214565074.59823322,[0.782702264526816,1.0,3.141592653589793,-1.5675407971936597,0.0,0.5493102128508484,0.41441071188803547,0.8546181447626475,-1.2771497590674068,0.44486540294535837,0.0,0.6513912629340686,0.5689232316877153,0.4773420323065356]],[-215374741.62640423,-215374740.27447736,[5.54739974604285,1.0,0.8980315798458703,-0.35885117366156916,0.06805687207265249,0.668344248282086,0.9945842721026297,0.6147929573674141,0.3085857988156398,0.8101510707654616,2.39789242633843,6.87713832568903,0.4800113178294832,0.5592121180058742]],[-225872087.36768234,-225872085.95622158,[1.4198828297713924,1.0,1.4170273549211276,-1.3846409406902858,0.22214637897442752,0.540078357147302,0.23645705198191086,1.0,1.732626890771706,0.6194094288080825,2.948686869954723,4.8127538178577,0.41002445668318055,0.6889512215296857]],[-228051376.21516445,-228051363.96818805,[5.969229348922948,0.0946844444753534,1.3404451005714286,-0.38058905938812043,0.690399231979838,0.8071626518206011,1.0,0.045869440407590556,0.441907841116385,0.14315430421337055,3.4102730523636335,1.8418921945632616,0.45280259092591013,0.478206424147142]],[-229719491.34677833,-229719487.30274034,[8.581708937781325,0.050315199013919065,0.0,0.21802818999791737,0.3828865788110085,0.6905264546873404,0.4233860601118679,0.8595314104891343,0.841692669691953,0.3638151039533256,6.020991168545909,0.0,0.20818517353508614,0.5987301580879459]],[-232237042.48034093,-232237039.5551895,[6.086313889225984,0.0,0.9539027077515958,-0.6462009605828434,0.4666493043163284,0.684991923046383,0.21419112694811615,0.6348917106559335,-1.5981540154439795,0.6210772546816881,2.478805392886238,1.9438081819279298,0.5709865223308312,0.6248193885184945]],[-241408727.15411267,-241408726.89051902,[4.507471477167505,0.0,1.6964410893458168,0.18910222788568176,0.5367848476715491,0.7121905694824809,0.7196852196386473,1.0,-0.6804969047825782,0.3789956397267472,6.346385236861536,0.0,0.5543074836355498,0.5319846935698734]],[-250733690.94190204,-250733685.42892158,[7.841605036978034,0.8220953576759242,0.0,0.5219310478731433,0.6013273637028903,0.9012309674206076,0.33546246814482655,0.4361841370384716,1.9654489366319985,0.36184478780747015,2.7402302487958345,1.3300540279000068,0.37316103317928373,0.36571936788013076]],[-260362168.91263363,-260362158.5344566,[2.276940947317316,0.3525060049382345,1.5850934358140445,-2.594042884787911,0.547337080737624,0.7702770978877929,0.023168841671351637,0.4948292513025619,1.0215839436393022,0.48119457931875737,3.208970707451197,8.886739105080498,0.5362933817853456,0.563483707879848]],[-263695491.9291664,-263695491.57241142,[8.571170039894207,1.0,2.5583324775439955,-0.38134713539298104,0.3959991372507712,0.8017867088479167,0.7713758968151878,0.21952626181020174,-0.965388192218182,0.43288878382844453,1.3502985508157184,4.3858154579537425,0.32188801239866494,0.6080356508759681]],[-270419122.7352029,-270419121.7878263,[1.06137577715899,0.0,3.141592653589793,-2.5179202329775077,0.2773037595674487,0.7221893075677053,0.37745839983761426,0.26580198172666647,-1.284586515399173,0.5665058108852135,6.680778280902549,3.6674464125095714,0.44681636636482325,0.5194853833127182]],[-272331936.5708855,-272331914.695354,[7.007000100864462,0.7819411922732256,0.31125488970342907,-2.3486419918505574,0.2304797831730036,0.8733512318437648,0.6596885503287528,0.11711446045207763,0.01868351903913852,0.9,5.683022140714922,0.0,0.565902926383279,0.34033484064132247]],[-278973863.9906884,-278973863.98795545,[0.9892911034497178,0.09536049095183874,0.0,0.1448084561913224,0.23722740824089716,0.859314435607783,0.72396520579985,0.23407144524536733,0.8539309636872074,0.33750956942863675,4.031088105563361,4.17923167546955,0.34792622531772166,0.5349659952020597]],[-283147736.80990064,-283147736.255586,[9.646126737240328,0.0,3.141592653589793,-2.6003084142262356,0.6125915935576726,0.9115124390621131,0.5292359513209932,0.6202848343450492,0.998215660792426,0.5530022452142179,8.525556024017563,2.9947165939664124,0.5832788415081325,0.47586429310499107]],[-286736448.6049622,-286736447.1200627,[3.12825665308483,1.0,2.3961914372741737,0.35716162265854934,0.4661096323888267,0.9120536125900616,0.7914676316641268,0.6360204303260266,-2.2373511813464195,0.61571378422475,6.442824940496933,3.460766409718582,0.6053035654477763,0.4885741641302565]],[-294225365.24480337,-294225365.23665667,[3.125888084175391,0.11304898332578805,0.0,-2.010200242953731,0.45817559137229996,0.7796833008267661,0.6038379713791417,0.4288044617229926,-0.6251261845174825,0.8820455256050933,2.0807807983953777,4.348746655206209,0.6157375612320749,0.6620695867375609]],[-317599075.6901984,-317599075.6096473,[1.3467629483608818,1.0,1.250389110895281,-0.21755269496666635,0.736295394626778,0.8760367501298133,0.21306837068766404,0.5998856954584499,1.0753574462888151,0.8426474630357331,2.4321837323116973,4.870620722706192,0.604544345989656,0.45997568940716294]],[-337181751.5764716,-337181750.8029388,[3.623846260981372,0.0,0.014811751232256087,0.33202910103329836,0.35213760852192344,1.0,0.3301336175776388,0.3948843124178581,1.2518589174539982,0.49102486020291175,5.116187266464688,4.877567451308643,0.4719119909311769,0.5146462960705072]]],[6.639386237410922,0.5658617788819906,1.558056928645874,0.18991667302015153,0.462032671886515,0.25371042141268163,0.5072174389116015,0.5211524584627539,-0.1403055178743447,0.39022680243275887,4.1222904066203006,3.2777451358077614,0.47961770250692426,0.4584926516313884],[25.043517852299367,3.586505501276095,8.919069309616724,9.09137322034881,0.23836541292511515,0.26957107260504476,0.25315876394127756,0.24508139619578265,8.940533751502098,0.2432799471324376,15.014855170441475,16.10643797338415,0.04025512497136039,0.03947622695695655],[[25.043517852299367,0.14923950343139,-0.05142899170622949,-0.540384609318102,0.01795785821971842,-0.22843161194593609,-0.03932372411662405,-0.0013717602899086553,0.21447384440205625,-0.07922779383663124,-0.2419847790882483,-1.0003942646421358,-0.018742311030164455,-0.040582323478761666],[0.14923950343139,3.586505501276095,-0.050845631923574934,0.001986782416941698,3.458424297539624e-05,-0.00781849098871492,-0.0075997163797641674,0.0023510663790194063,0.027844561029613902,-0.005601190923356439,-0.012840898691180361,-0.07589686440633374,-0.0036851201596532083,-0.0009401650067144417],[-0.05142899170622949,-0.050845631923574934,8.919069309616724,-0.025907504301105715,0.0030415610352911866,-0.004785376223262058,0.003564944012873728,-0.0021213854782698126,0.06632502301227047,0.018863104020686302,0.04338085737695847,0.001917433956693492,-0.0040794534884027326,0.004803700260378395],[-0.540384609318102,0.001986782416941698,-0.025907504301105715,9.09137322034881,0.00012357293971121435,0.02509951204535985,0.05228069284426465,0.04137965744130331,0.027140416990468284,-0.007626497110581438,0.30072974102418437,0.12967213640387926,-0.008675707623208713,-0.02221353449093815],[0.01795785821971842,3.458424297539624e-05,0.0030415610352911866,0.00012357293971121435,0.23836541292511515,0.00753756219291612,-0.0017042612078559892,0.0018454382711173575,0.045127218118393035,0.0005399833436167985,-0.03839204741171345,-0.06610628131988767,-0.0039735429231596035,0.0018842458684288895],[-0.22843161194593609,-0.00781849098871492,-0.004785376223262058,0.02509951204535985,0.00753756219291612,0.26957107260504476,0.012460019467681228,-0.0017961680932267125,-0.01977761604350184,0.004876030915774739,-0.04882975161241854,0.030081315457913906,0.0013976691313061303,0.000430801446653745],[-0.03932372411662405,-0.0075997163797641674,0.003564944012873728,0.05228069284426465,-0.0017042612078559892,0.012460019467681228,0.25315876394127756,0.004543258273201601,-0.07027514727015555,-0.01096801998565823,0.018538865788774096,-0.025835633416004703,0.0040403775521194625,-0.000966837219056377],[-0.0013717602899086553,0.0023510663790194063,-0.0021213854782698126,0.04137965744130331,0.0018454382711173575,-0.0017961680932267125,0.004543258273201601,0.24508139619578265,0.010807438405628552,-0.008805861529888279,-0.003714475905841519,-0.037662727500302015,0.00019924491662803883,0.00206962007272822],[0.21447384440205625,0.027844561029613902,0.06632502301227047,0.027140416990468284,0.045127218118393035,-0.01977761604350184,-0.07027514727015555,0.010807438405628552,8.940533751502098,0.0634672947507196,-0.03484454650367628,-0.22305637267820835,-0.010141871794019207,0.00809169824525089],[-0.07922779383663124,-0.005601190923356439,0.018863104020686302,-0.007626497110581438,0.0005399833436167985,0.004876030915774739,-0.01096801998565823,-0.008805861529888279,0.0634672947507196,0.2432799471324376,0.023378410968112644,0.0946240594916632,0.00080011297646542,0.002006878359547446],[-0.2419847790882483,-0.012840898691180361,0.04338085737695847,0.30072974102418437,-0.03839204741171345,-0.04882975161241854,0.018538865788774096,-0.003714475905841519,-0.03484454650367628,0.023378410968112644,15.014855170441475,0.18810962363686984,0.011924814353825022,-0.014411182344978898],[-1.0003942646421358,-0.07589686440633374,0.001917433956693492,0.12967213640387926,-0.06610628131988767,0.030081315457913906,-0.025835633416004703,-0.037662727500302015,-0.22305637267820835,0.0946240594916632,0.18810962363686984,16.10643797338415,0.04610628574502653,0.01798268602150846],[-0.018742311030164455,-0.0036851201596532083,-0.0040794534884027326,-0.008675707623208713,-0.0039735429231596035,0.0013976691313061303,0.0040403775521194625,0.00019924491662803883,-0.010141871794019207,0.00080011297646542,0.011924814353825022,0.04610628574502653,0.04025512497136039,0.000644063197408121],[-0.040582323478761666,-0.0009401650067144417,0.004803700260378395,-0.02221353449093815,0.0018842458684288895,0.000430801446653745,-0.000966837219056377,0.00206962007272822,0.00809169824525089,0.002006878359547446,-0.014411182344978898,0.01798268602150846,0.000644063197408121,0.03947622695695655]],0.5795847671225607,[[0.0],[0.0],[0.0],[0.0],[0.0],[0.0],[0.0],[0.0],[0.0],[0.0],[0.0],[0.0],[0.0],[0.0]],[[2.483507813547684],[0.24943518301992224],[-0.03071519582052884],[0.4795082560017678],[-0.5751674247203883],[-3.7310432334906483],[0.10933705262204603],[0.3204388000167479],[-0.35424827695993416],[-1.6629552429750096],[0.2315723206593814],[-1.3676807497077914],[-0.7719290598969916],[-1.57198806542216]],1,100,-64732871.732657984,-64732871.22612548,[9.045057874872011,1.0,1.0158800484056367,1.0910766161037881,0.5775067495545851,0.09555285263272717,0.16706453095512835,0.5614455481461501,1.4574903732409399,0.5023692412903317,4.989725999939996,2.6811729963577333,0.36587197537199967,0.3791808404804575]]
