["generation","mean","variance","covariance","_sigma","_p_c","_p_sigma","iteration","num_evaluations","best_score","best_evaluation","best_solution"]
[[[-69783570.68103117,-69783503.33201385,[6.995556882902763,1.0,0.7997188047606446,1.3879587872272974,0.6193130630388703,0.41841648095090156,0.2702079242232436,0.1278129743649179,0.4757237961834598,0.1185621721233927,8.092468725125915,0.16280191267273958,0.410884456188431,0.31738570438471747]],[-72996454.3337979,-72996452.85910517,[2.808185931625506,1.0,0.41619607566385763,0.9641736961798287,0.16028721898810216,0.0,0.9650100505323365,0.36865230120591974,-0.3054198711116583,0.3022629777168654,5.537068726402622,6.686769507764764,0.4584837477733828,0.5050147854705798]],[-75029843.74528484,-75029797.07752109,[4.784299336634905,1.0,2.828403351290894,-0.30995257550087496,0.60276171946594,0.2537228576393721,0.30601518806342043,0.47418316689680196,1.5324670648186822,0.1,6.8056158595557585,5.537778752936351,0.6210384670121096,0.35990310074310905]],[-75216954.8470715,-75216938.20599777,[5.185173660808497,1.0,0.2955703136572094,1.5945996621102618,0.3560865121988949,0.27414775926210855,0.11972542327048813,0.5000652861262208,1.8671938582386418,0.1901836875865519,3.927955773716635,7.722467466389249,0.6401207124267931,0.39017681968814255]],[-77418449.96564525,-77418444.85397518,[5.037858195772131,0.0,0.0,0.6174428016739515,0.2392728401332565,0.28709070844483603,0.5565070105899487,0.8076194416413497,0.1773834491050327,0.334130833164864,6.907510700642593,5.477620657448606,0.5020688157661639,0.37199203716327534]],[-78771909.36031835,-78771878.83533537,[9.952187075302227,0.9058725033025794,0.47105300933008576,0.0333420873473311,0.18256323883584535,0.26019186982092335,0.1817145104417356,0.5073939089819812,2.0466068735355916,0.1,5.413507233653851,3.0781189895685674,0.5014148531392479,0.419560162205149]],[-79104494.38260445,-79104491.64995629,[1.9587712079348907,0.5383422110601783,0.9608531258817455,1.4122557598640295,0.8121836628520638,0.0,0.45317265507842064,0.2221687514679242,0.21411740855638858,0.392488510962158,1.6484730077752028,0.0,0.5180559535263138,0.5277790140842133]],[-87767384.22538804,-87767381.79617715,[7.32234840302708,0.0,1.543315067150387,1.5907512617608623,0.6292984668569479,0.5574656168754254,0.3600589319294146,0.3884011077116083,1.3107671089406083,0.5758176411066005,5.343457092056944,7.361914886098951,0.45626732171701007,0.30139806307459993]],[-89718860.54487506,-89718860.32243317,[3.8411544963158075,0.21430618242683996,0.0,-1.167110617341276,0.692987771391285,0.3558003885741573,0.44122604859102676,0.7270884915441918,-0.04889467211636528,0.35410384124209343,3.0166005672917837,0.4696923845532721,0.6054110072461678,0.35757833241079406]],[-89727447.47619188,-89727445.61909205,[6.430957784471114,1.0,0.6734388100322847,3.4540409650970183,0.4232850482992421,0.45821239050487106,0.720028207758776,0.6458488716380892,-0.7695834692288517,0.56467143975098,7.109700782696963,4.87545508718642,0.4272343760076349,0.39851535832096663]],[-90054822.65168013,-90054820.90481073,[6.111825066173437,1.0,2.9300320669356577,1.0988459267407549,0.20618470328503585,0.30052768114438044,0.49634687451808446,0.9965447995984024,-0.6618730398140001,0.4051642109090051,3.5673655032860045,0.6690813081665037,0.6591342715595117,0.4026303413424702]],[-93741638.5886679,-93741637.84849936,[4.481306677830309,1.0,2.2973157054981996,2.5962780818566324,0.36286207782704505,0.6475840979376659,0.7895568952013089,0.5999491242094916,0.8669307222507057,0.5489067159634339,1.1228869367621113,3.920318282146329,0.6318888118084245,0.31349001363376094]],[-100546082.40706424,-100546079.1067015,[5.041242981940021,0.9233782894159663,3.141592653589793,-0.08919006744615723,0.7979789900159246,0.0,0.7595846600936897,0.5158831809009351,-3.6754504731270083,0.7247502598324919,4.378070754158805,1.5065261899418592,0.5328413474038444,0.5557164573249699]],[-102650362.66791725,-102650340.16124308,[1.9962816760714963,0.0,1.1410343233709976,-1.6680358998828955,0.43131496604710545,0.10019222733802052,0.24031887032190125,0.139179535547572,-1.8240327808306103,0.31053703047538406,3.337573561931997,3.6895526813667,0.5140559562162531,0.6175879084695273]],[-102784114.93809834,-102784114.28236485,[3.9914120421905386,1.0,0.0,2.0652240796798074,0.21630322630324245,0.44729241978588513,0.6086000602202898,0.17242916354509036,0.016286245854531773,0.7207153519676878,4.388217083564335,2.815163114109528,0.5759345445517347,0.3560312999369845]],[-102899018.6429131,-102899018.54641616,[6.003387499598734,0.0,2.3607942489783067,1.9904632606853543,0.9032788887273503,1.0,0.5392256019913901,0.5676460634008366,0.42431933823290524,0.5517097699210746,2.349464076204127,1.6372712179354756,0.4315031747939659,0.3870839790527102]],[-104341732.17004938,-104341731.51259315,[4.749753083601192,0.026047811396645415,0.9387170563738649,-0.13645728674809213,0.4950593313033304,0.4003801235249207,0.44879943067440004,0.976443229075143,1.5192632813268532,0.4611274083895376,3.422730707148247,3.4044297705724986,0.2852737748613904,0.3995457289537391]],[-104811625.15507452,-104811621.90017676,[0.6013033316663146,0.0,3.141592653589793,-1.83919798146212,0.9907275327117342,0.0,0.4253079061937304,0.221270094961747,-0.7346973812463362,0.3206690276181302,1.8904020786149247,2.4106431316775083,0.4971724902046068,0.7056667649919862]],[-105533066.57262908,-105533009.83093858,[5.831817626465014,0.0,0.0,4.0,0.4876491888682032,0.11089614160713535,0.947503534773082,0.015516273928003699,-0.5257886660148954,0.697813155789412,5.775185129036694,5.105658990327004,0.3904606278087586,0.5672263754799867]],[-105644711.58077577,-105644671.0680862,[4.914282834147732,0.0,2.3534017905117217,0.6088512232150646,0.4483883390050447,0.22397320669339849,0.2958543325529883,0.24457918381656735,0.8320065769328182,0.9,6.336421480269514,4.620365736634385,0.6235106914519414,0.36628430280213475]],[-105689463.03145264,-105689461.10050821,[3.1495541383303776,0.0,2.3186444965153985,0.9421600034579531,0.5013383313673442,0.3679056080886549,0.6073062574777048,0.2810423783780627,-1.5800597430957493,0.5608902694220929,3.944917146362646,3.999387504915801,0.41261652036289675,0.4252136278713617]],[-106474037.33016016,-106474035.89172304,[6.524594914085097,0.0,2.488156589850865,2.8226438252525026,0.08568084696123657,0.7031778270680289,0.4782565470126437,0.8148975928984674,0.7547215325852643,0.2273053680513839,4.131961815642566,2.675351787839319,0.34291270881273805,0.5032225765224566]],[-110695347.0228771,-110695347.0228771,[3.664013663131785,0.2999695818466382,1.9285241340040595,-0.446598848240732,0.3225700136093361,0.32588377599894974,0.5385247744108146,0.7485478738082869,1.0155236644397232,0.7769844861598549,4.610805189020631,2.4566570496492908,0.5397291378820513,0.3884896581388473]],[-110892965.24748026,-110892965.08777034,[4.230533532763145,1.0,2.16102493785145,-1.303377706222713,0.5493983304382895,0.2814528493368118,0.24533637181851353,0.46105905484490517,-0.9138466227308422,0.13444343856831337,3.899375934297233,5.27151746186221,0.5343602619299577,0.6244499582868995]],[-112562064.47139527,-112562055.93779963,[7.032540257305209,1.0,2.4873762279785407,2.133715723951369,0.22279221096316715,1.0,0.44822404693263174,0.6748845873351238,2.9627931419267464,0.1,3.6191050984871573,5.875536566115835,0.3916050283943404,0.5008170143710937]],[-112815745.59245944,-112815745.32819265,[2.9516289202784134,1.0,1.916339001979217,1.3803141235940624,0.18968526886759768,0.21613235719087526,0.7525761132110016,0.5894324341632348,1.9973168165571833,0.5881365498888478,2.222625811249021,8.063260126200452,0.32046605413156126,0.5545418680362392]],[-113023879.85566029,-113023879.85562545,[4.719252800562502,0.7087672039837283,1.4143768586647878,2.6278332094907406,0.7892380671004001,0.5008360734311456,0.3749729480374737,0.38435766064743504,-0.7811543145741179,0.26400440371865985,2.3943932920914555,3.9593610017851044,0.4806458963290003,0.5527075611818436]],[-114014584.75331414,-114014584.75331414,[4.081113238710861,0.9188163748696135,1.4633652132124395,0.42565541441134436,0.3084025460620029,0.1207909340185151,0.4973758007612408,0.23943431152910144,0.2776016084517201,0.5883287801693051,5.895780367134344,5.133670119209741,0.5850951703417993,0.588278222154387]],[-115298776.59504096,-115298776.12819964,[4.3113065811513,0.0,3.1230135452027774,0.05646214691662959,0.35084013358296373,0.5032937227003061,0.8838593036359379,0.6309630464334607,-1.646202256410764,0.1,3.465650973184152,2.1370295230199616,0.41682825488727504,0.39083586255037944]],[-115881235.09960954,-115881235.059089,[2.8356268638678337,0.1392343695950764,1.9318173539278432,-0.1722138922171904,0.2590448951712975,0.37736118888038295,0.5976909080806873,0.3556124505221373,1.0736386963657323,0.1,4.844405779981213,3.9442264253803505,0.40363961089734907,0.5128290937287853]],[-115917813.08326179,-115917813.08326179,[9.979494028264995,0.1148219936505055,2.3807364067357493,2.224179237920492,0.1638628071095541,0.584967299235435,0.678426559913949,0.7832560553525793,0.14679555915437184,0.7159070816007149,3.604333027656655,2.2178796885693592,0.620971565591764,0.45926171322253295]],[-117039720.43582553,-117039720.1885469,[8.30723876259652,0.6281987148468828,0.8398071286007427,1.4808932908539774,0.6035560885587318,0.46671558194086105,0.733340021782465,0.42991416427267465,-2.013881052445426,0.5915732763897414,4.923817809463203,7.495719737840612,0.5659247296378198,0.5388619342867729]],[-117059381.210353,-117059375.76592535,[5.5889640097221225,0.0,0.13197099378263766,1.5373474520916277,0.4920736526534517,0.5254020862000759,0.48949497601202147,0.45865855828900154,0.2525030742142654,0.21803856905205377,3.8717906381935454,0.20593657584621283,0.4229232381785996,0.5598357932955209]],[-117451434.01199037,-117451422.48520285,[6.347780421880554,1.0,0.28703704048272916,-0.3816353669615984,0.24000897814897754,0.3330421867088242,0.7468767916289905,0.0,-1.0725586340398223,0.544161991195739,2.74503573681453,0.0,0.4484099823495576,0.5323324183457729]],[-121472510.41511263,-121472510.41496062,[2.833043147260488,1.0,1.5617467823059445,1.7541325021915983,0.2149214404046224,0.5082307286997841,0.44640036974453345,0.3903857443799256,1.1827762469791492,0.4026849848605713,7.458490340355926,3.205539655810367,0.49121083559660866,0.42806909425654094]],[-122038456.81857215,-122038456.60132325,[4.936918860808382,0.33477138991224853,1.2781690497351834,4.0,0.10717084307778763,0.3561996531937618,0.743845366998392,0.2649100917551866,-0.48856262142095963,0.4899608914376532,6.5883335618914245,2.0402786475016894,0.3920749845526745,0.6195569589743305]],[-125761839.20151839,-125761837.89884359,[11.41721998485286,0.0,0.0,2.338320344584882,0.3550781981022453,0.6116841925438294,0.8577902276236863,0.45756915070503185,-0.10055340072387838,0.6109096523768277,2.5725030559695985,1.3152538664918985,0.4793214667398692,0.5698612113146315]],[-125791104.11218572,-125791064.4811436,[7.2565149931660375,1.0,0.0,0.6909437766545946,0.9495678726367257,0.4013116342922945,0.8627285115229513,0.9271109090855209,-1.7519800753473005,0.40576541356967416,2.847845517900235,6.26710520202294,0.48368842144845486,0.5443597664591906]],[-126586990.1760472,-126586989.53478074,[3.023365446982781,0.0,2.512488376374401,-0.8172513418973646,0.8153260531543478,0.43043547372688,0.40911665882147286,0.8704795449585021,2.081032009027531,0.23078849819176805,4.637678524077888,1.2608954353870891,0.43126856043047673,0.5234937785347702]],[-128231543.06140155,-128231542.55780709,[5.075639841963056,1.0,3.141592653589793,-1.6930648217442616,0.0,0.3525164007161289,0.8130444982859354,0.4008756893665619,1.7663836116528293,0.5836172873360757,3.558460150152572,2.7382088519737193,0.577305613764458,0.5578904619301696]],[-128653309.56797926,-128653309.5660668,[4.041088937948839,0.8735708740581245,0.46228185217112383,1.1389880483603827,0.26284302244131824,0.35842060665607234,0.7338157904112149,0.6408688848330003,-0.3976216913623054,0.7970208247705334,3.735042838911771,5.6896165649855055,0.4124275186795347,0.4991076087726715]],[-129497804.38385977,-129497804.33537048,[5.779764450113697,0.530970371016084,1.095393315308399,2.783625732593409,0.5756325643230122,0.23817119061855246,0.7102840472482732,0.43311078557927307,-1.197871157887463,0.48354877989212,4.761774674388091,1.659332182263448,0.4792007845980325,0.7167343090888075]],[-130463589.36813967,-130463588.1387304,[4.862087321780865,0.0,1.915581322938387,-1.1395792690219184,0.5863195004092651,0.5642320447833344,0.4410478268208409,0.38636699371088135,-2.060721757830771,0.1,0.724398797586864,0.3736615253493154,0.643653013151356,0.33932162325439696]],[-133123070.30390935,-133123063.79663569,[4.356937680571362,0.0,0.777940145375889,0.016682570276626292,0.014718744286535357,0.341883922103742,0.8377954575640203,0.736965135542327,-0.21588392040534726,0.9,3.371247058712019,5.368225222759639,0.48733004560107496,0.48310983451047]],[-133423482.7596888,-133423463.10395873,[2.4069501689257526,1.0,0.0,1.3709890355218737,0.22705020009870613,0.5037648625108277,0.8075582283673259,0.7277559833655978,-3.4755794554142296,0.6172763070255516,3.0369452602896776,4.206897612331703,0.4111687383929007,0.436631215896798]],[-134338418.61277503,-134338394.65696096,[5.830243055036888,0.6938381164384753,3.141592653589793,-1.299375272683051,0.994109479224474,0.44243653038156144,0.7401999669750843,0.2647284012088931,2.494949192727086,0.391331252174022,4.625830483704424,0.0,0.609433040596183,0.4360555581542765]],[-135446723.28394258,-135446723.28394258,[3.1751666429172296,0.31149312755032454,2.048189277806713,1.1590730431946021,0.9582645292402673,0.6882701055721745,0.5006892476171979,0.48597582361396774,-0.32546365200929883,0.5777977652852017,6.766829993782048,7.80820723981923,0.6342834667139327,0.4004653478032127]],[-137318108.19786096,-137318107.9837795,[6.488565399133231,0.18781633176216905,0.0,0.2761844153212734,0.4453393167368567,0.36484217415242837,0.5170017928730243,0.1931319060598411,-0.4560560767292048,0.8048863171086729,4.885260785764614,3.6716974291646767,0.30391813657439704,0.5568549087759763]],[-139173097.3703804,-139173097.36723262,[7.0571363284152735,0.6574219383414374,1.2272245593717317,3.0624023968228977,0.16672701251248429,0.628131625621874,0.6874364739191572,0.5305362807375118,-1.0351675998445282,0.7957669662971479,5.642491370693768,2.527015940514556,0.6944438866898558,0.5348268977396472]],[-139999915.59176818,-139999915.280856,[3.281540082693255,0.3837922669417693,3.141592653589793,3.3837712573379366,0.2502563487979207,0.36003478306440806,0.13002373402779238,0.7310382447392185,-0.14177731470791755,0.6250825003371167,8.730193172308352,6.942662167094015,0.4720730663116721,0.6060814357363028]],[-140097197.66940334,-140097195.74203074,[8.19065877829426,1.0,3.141592653589793,-2.1338958155872874,0.23455571054424423,0.5122557930890288,0.49386302069353777,0.697741157686538,0.46462490004643686,0.7442965437605128,1.6642971149079395,5.734644640861767,0.5042460590136177,0.4051996265439494]],[-141835701.27333078,-141835691.6928866,[2.729912938071611,0.310922366552083,2.567717902045193,2.1816862962849295,0.5239095541013229,0.5684850196590476,0.3657444964996347,0.5460285502099925,-2.656306097542099,0.2556476051096571,4.589829395488471,3.084277547881464,0.4118850230176067,0.6111203175534916]],[-142988493.2583191,-142988492.45230293,[8.575750862874994,1.0,1.6180199124628238,1.6629334724025984,0.563328702122089,0.35495884884424184,0.20891340256126256,0.7425332542923695,-0.4878011411278813,0.6693823644082671,5.433891829879684,4.847699415984275,0.6960568855816789,0.6607262997525694]],[-144004417.7802027,-144004416.07232696,[3.603636338307219,0.0,1.3991560175195557,-1.5521852888714789,0.6800619440594526,0.5046949839169982,0.5517444545577415,0.44205637616434873,1.6759346501056451,0.9,2.691247412212948,5.600097874866927,0.5076088476529969,0.34809494185678336]],[-144156116.9362064,-144156116.86304158,[0.0,0.009742125568929727,1.5908344434410746,0.495867063695687,0.0012907697212338198,0.20926642856528194,0.41447731282811484,0.6230488674190683,0.8531234134537029,0.14612232439936007,5.046920862111186,4.34325165402202,0.357782181920553,0.4788709457045915]],[-146616987.42049345,-146616987.08617187,[3.4221320877346866,0.8487146995759907,2.5370581457000743,-0.7372102462263505,0.31820994830443305,0.5146072627151136,0.4995258741004651,0.9495699169770253,1.3337698332239882,0.5259203475843499,4.635969633064652,1.5696564118181597,0.42912099747547533,0.4640006478439537]],[-147664984.63647032,-147664971.51029384,[6.1214402594894946,0.0,2.303340958491572,1.048748678474733,0.930770267032939,0.5193847008308551,0.7265571872009615,0.7938771924082886,-2.383120642016375,0.7096751241165343,7.6172993594228995,3.5539669672500755,0.7973161765706804,0.4767337595468878]],[-152515375.04008174,-152515369.8539614,[0.9307986072765999,1.0,3.141592653589793,-2.407592654452821,0.0,0.2727845091472072,0.4082412144897598,0.34229269910581084,1.5291877595700027,0.5610425441594664,2.04056213367998,4.122157557711807,0.5796416885022633,0.40148783786206077]],[-156560443.3207334,-156560443.2181573,[4.783181577418694,0.0,1.7861110043708543,-1.2720553035547,0.22929482988291722,0.5621562777100555,0.12033386101591703,0.6737063557811777,0.9901074570772688,0.1,1.0352831943077558,4.825347959699064,0.5730657602642286,0.43585792500888065]],[-157354464.52985075,-157354464.31177652,[6.061961791182988,0.0,0.10645746156126923,1.1678794228993086,0.5212441912470656,0.48053913078070093,0.42450440680244195,0.8176342951447182,-1.6549518696194612,0.708689664934537,6.360959152355171,3.605567858959584,0.701047984440758,0.6408426927231575]],[-159790690.1309712,-159790688.85602868,[6.781219371012464,1.0,1.2106706394005502,1.0059373343947415,0.5603927262536954,0.5778295158968796,0.2854976923725872,0.4060459743173825,-1.435446048134146,0.9,4.675814978739883,2.6682005595107543,0.5477235429264712,0.4647435559215196]],[-160515190.76320317,-160515168.97153795,[9.492624250105152,1.0,0.9455829053566729,0.5822570143765549,0.026002599695674977,0.5709832524703435,0.620811138918444,0.22543519610205887,-0.9669798216024315,0.1598102337308796,4.111424639509787,4.185281990176986,0.5849495270090218,0.4982342878820906]],[-162585550.90566063,-162585550.87930334,[2.5638871991235317,0.0,2.0397615053236566,1.1081873550074517,0.6854840461444178,0.8845325685119159,0.6863878439381308,0.28178765443050013,0.40230391115523,0.7660316728074616,5.8595577145227935,6.827026009274128,0.6903139064676796,0.34576609627805244]],[-165383804.22917187,-165383802.48946458,[1.1715361754877405,0.0,3.141592653589793,1.7721971642287748,0.08566786383299524,0.521183129851985,0.7270780127475656,0.7909003295793353,0.6997667858898886,0.5775351968553654,5.3187015663697705,7.820498979254898,0.49069005032905366,0.37659976513492743]],[-171135185.98093995,-171135180.736053,[5.029200996146076,0.0,0.0,-0.1910722463148323,0.5183389120336066,0.6193802803114459,0.6062811285172436,0.15508917665262356,-1.0694159127570986,0.6881201810335473,4.415446461413084,2.178211095295735,0.3886107534907031,0.4164177118953258]],[-174105146.08088315,-174105145.20648944,[6.085698426199512,1.0,2.633419238856705,0.5356850657615353,0.4451170502926656,0.5783506012748836,0.4887149747857776,0.6796081936512205,-1.3266990865064319,0.3949391882706801,1.6369622767435819,4.490864615384222,0.7248038766815887,0.6116014683586998]],[-179699082.49081603,-179699054.5774306,[8.192469053700625,1.0,3.141592653589793,-1.1458207834025484,0.8244011475337901,0.663178932274851,0.4773700932215273,0.0,0.5439349514969449,0.1,4.614488856344996,3.789935322477931,0.4428678049328077,0.417764972218816]],[-182142148.13619903,-182142147.895998,[3.2125878956447456,1.0,0.6461400660060019,1.1514710094788616,0.5510246185442282,0.9290613810736957,0.6171903171361729,0.5588036940339548,0.6795114863189532,0.9,3.991277729593516,5.79465277792441,0.35246090240343825,0.5137483703478813]],[-185369054.18403512,-185369039.51690108,[0.3653054394037323,0.11595222492243779,0.332501043414134,1.033658853191295,0.09505486637331156,0.3466691167692057,0.4990276881501115,0.3096507441343523,-1.5039670149708728,0.4346705737244291,2.604700503008618,3.829563815075138,0.6301828859355423,0.5222799503531246]],[-185408328.6471364,-185408284.86363375,[1.6258897754081074,0.608174905413309,0.0,-0.19746950502464933,0.5444301730596975,0.3864811956500039,0.38172544533386754,0.20187011576376274,3.362683650173704,0.41863311042049534,6.488020183276513,3.488840194835782,0.5973862749784519,0.6987633640554974]],[-188620808.36703297,-188620798.35490322,[1.5766690937461458,0.0,0.10481586937398646,-0.05256963601311063,0.6796542193980891,0.5450126164101496,0.19472087593110143,0.3058717815971781,0.9688478363862187,0.7424252470722289,3.0787583929467552,1.683314211400329,0.5715220318228366,0.4790282378885391]],[-188872153.20168602,-188872152.91842055,[7.644884195662462,0.0,0.9215108841101808,-0.5259415928723877,0.6138855751605387,0.6410394253694984,0.16252521117425173,0.5837374576114016,0.3712338360607796,0.3699677650892415,3.7984207203622042,3.180218662129195,0.4751111840731176,0.44743150476519894]],[-189619291.44156763,-189619272.83122963,[1.343539342684989,0.0,0.0,-2.9813350730195305,0.499857354749102,0.30962281819103044,0.3832458894121168,0.16291156497895493,-0.44925049925966887,0.7989482593580095,6.11772933478587,3.9447514052883244,0.5274830386527797,0.44912345796200326]],[-193438631.7418609,-193438631.6843015,[1.0820566751051777,0.6375341177027601,1.264123518642998,0.7316002684674561,0.4195557720877228,0.5849369480532506,0.7535009488927293,0.22087295245933702,0.4261779363172985,0.7648322486963957,6.452400264207494,2.598147662379114,0.4788068326805705,0.4450967102800534]],[-194204088.28855696,-194204087.78508055,[3.686028019076247,0.35871914823206597,1.4223525773024417,-0.20314589703292674,0.17621149470850134,0.5485334993482631,0.8828644993967619,1.0,1.4825230954015778,0.4876729765195716,1.811613679509636,3.414025243613346,0.45032059905455063,0.704235075511004]],[-195710919.8083091,-195710916.1580875,[3.2793925182628447,0.0,0.0,-3.215485925146588,0.6925901978082136,0.7264391170994606,0.11012438110830036,0.6369350711862867,-2.1222379133596547,0.24838185327232198,4.716217020310748,1.8038084504463665,0.48799190590671393,0.39101870323071175]],[-196362575.25455913,-196362558.8408184,[5.5753951796347785,0.6307729222439372,1.4256475536808573,-4.0,0.2664162913524552,0.4929068673484427,0.7018915749852315,0.032622550490622515,-1.1175054230769261,0.8610559558127309,1.1903013416892194,3.200057302803107,0.6017150353484021,0.672114116624092]],[-206339167.50937483,-206339167.07965147,[0.0,0.0,3.141592653589793,-1.7827863807878375,0.3501352776945744,0.5818332776793995,0.619712815333856,0.7298046420037592,-1.2982870139502514,0.1,4.327317945935417,2.6221305978955973,0.49458209048120244,0.41671944818902007]],[-207553964.40820786,-207553963.38403952,[11.610385481602647,0.0,2.692393443937614,0.5922517554211728,0.702471825155571,0.650559670521165,0.24758969587507695,0.4360351432822529,-0.9383793151784452,0.723243145292443,3.1886627631930633,6.683958751050163,0.5570140800778041,0.5265540105183807]],[-213219585.23293743,-213219585.22951794,[3.5906968826890964,0.7571152681106821,0.7054500311242755,-0.5663200249612573,0.5474469155933975,0.7243621634593836,0.7025395859954812,0.8362870710468883,-1.1465827851196515,0.23915543127284355,2.910648943334977,5.666778920464855,0.43598534940212985,0.5198162573546701]],[-221541772.597877,-221541771.97878313,[5.55640864930165,1.0,2.987782470378236,-1.1657035444871644,0.6229944678057102,0.7413077411916711,0.6402723276280293,0.628748207731589,0.842443698086927,0.3741183999429417,2.9314861383407047,2.6292022689936934,0.5661735871496271,0.6286966931913119]],[-223256106.88614774,-223256106.8081913,[7.323926595082131,0.12063002780914905,1.1852982447142804,-1.4811635074795153,0.21335176658486799,0.7191763917974227,0.7327302877416448,0.31618051743623315,-0.5430506459955594,0.5066243963179311,3.416294354871734,5.079310753372079,0.4958934230277177,0.6460660075293742]],[-223348739.64075518,-223348739.64075518,[7.411025285809009,0.887243236877769,2.1643998876496773,-3.1209862437405564,0.24917908076258188,0.7730624435689457,0.3528323457587087,0.7222967856216461,0.3265198739445788,0.5012157305417608,7.105336959542219,6.555986127152506,0.4808982960577683,0.4200025446840734]],[-234676730.5443942,-234676730.11354423,[3.9211505666610567,1.0,0.0,-0.28501510546543685,0.5540601755557333,0.7811159396990297,0.6128480126002007,0.48428916773810776,0.5573477481459185,0.438146151187126,3.369369103594175,2.80083467855939,0.6628181001369214,0.5214498719069511]],[-245310746.8305019,-245310746.749964,[8.297710751989943,0.8777254200598765,1.8823301742463248,-1.031185324836657,0.47771698961474335,0.7137312515135321,0.7651570926764765,0.8989901471771895,-2.0211668422446962,0.7408463337219211,7.229225177737224,4.6728757077101815,0.5146041608514931,0.5844413469482087]],[-245796446.73365924,-245796445.82766008,[3.3013139456442593,1.0,3.141592653589793,0.024842043701890942,0.8793926414573219,0.7640676711195395,0.41993034489827563,0.5529213264085222,1.1204489497778884,0.7683453265674502,1.2641947637037108,1.3806123020230343,0.5114952138226717,0.49560805715141487]],[-245848330.8304899,-245848330.81230652,[6.200257854107448,0.6906927613304725,1.979327950202411,-1.8430035562705713,0.2777681400748202,0.7113513280298448,0.5671565010349149,0.33039433287515607,-1.4483334704219404,0.5420075411930619,2.874289671605241,5.118453964436997,0.5025269100854828,0.6201515845577424]],[-258167929.79076177,-258167929.77400708,[5.2786434020793624,0.06157934622450656,1.8993615345584742,-0.12911531148087096,0.2405234815522148,0.7306864044778798,0.1518771237093255,0.54498525032039,-1.1165796800949865,0.5980425030725367,5.5501972618456,0.6268056028488873,0.29444320995307827,0.6611449136739523]],[-269327916.39314014,-269327916.1035862,[7.801991468964575,1.0,1.681443222704053,0.22607740043374736,0.9502632856380291,0.8323591358421828,0.6851573493923959,0.459731177659722,0.16220877179352944,0.48696049729687707,6.427914694755927,3.5546317381433137,0.5853295784215877,0.40044052934206464]],[-274386514.01270473,-274386510.201448,[0.0,0.35015478799330835,3.141592653589793,-0.6070207647660653,0.4102362195321277,0.48456507999713966,1.0,0.3578768621254213,-0.9839539116603885,0.4077275564244539,1.4912064124430788,5.915730585155393,0.3804144241459262,0.6056750516368903]],[-275941569.54650223,-275941566.81979394,[2.8334897390698215,0.0,1.4864909449198307,0.23243673253007824,0.7661161096951444,0.8419588516957404,0.7107542929524651,0.18740262572121003,2.483829091659657,0.3354763753158183,0.0,5.2552061592951125,0.5768465450151653,0.5240220644576777]],[-278857439.7624169,-278857439.36153907,[0.18050422309593284,1.0,0.0,0.7463092098609765,0.964220384463377,0.4963175443608767,0.11611751087404576,0.5834061545870475,-0.6236746302125419,0.20312213871573337,4.9198832881035415,4.965042999439359,0.5226774791477202,0.46812206863618816]],[-285185817.5360491,-285185816.3778986,[0.5604502358255754,0.7445759896091738,3.141592653589793,1.391843205265337,0.18361514983144195,0.773890964207737,0.775137542962003,0.3070981858112708,1.8105700241729559,0.6593018919990793,2.7051022477206907,5.8972622871094105,0.4318809338463304,0.5162781498575816]],[-300536155.7224706,-300536154.23916364,[2.322469750958633,1.0,3.141592653589793,0.3123452642589445,0.7563250243780884,0.9042382930336512,0.47144823265389585,1.0,0.21504749780083202,0.7619787082285572,2.1957083712304213,3.6391223952998404,0.5412361670065265,0.4999737738359454]],[-301201959.40785915,-301201929.0368041,[5.294619523404238,0.5091348141713613,2.354222627590799,-1.5301679737493705,0.16249149519870965,0.7970973362098406,0.6102716825736522,0.14143643933167482,-4.0,0.6959182074820841,3.0798500482704103,4.255382229399433,0.5240585913226958,0.42877741778932427]],[-308839918.57141674,-308839918.2690885,[0.0,0.40095572263875734,2.3235185836250642,-1.156946076017996,0.32356485775147237,0.6621946572869579,0.7365193700856949,0.5552236938701013,-2.2541268890716895,0.8488684362844996,4.878126005121299,6.572114743925599,0.4841290865235871,0.5998899193267668]],[-309312298.8509618,-309312287.8359264,[1.5151532156342533,0.0,0.0,-0.8481388770838594,1.0,0.8525748106426855,0.5293264949367845,0.559382545055618,1.2523468796099233,0.34790341768204114,4.348369264055576,5.939101336624366,0.49145036965405664,0.6753896988473234]],[-309466550.8812165,-309466550.73360217,[0.6576604483841768,0.6158071153606796,1.8649188787475606,-0.7627597700530937,0.43971909269222176,0.7127551857485201,0.2033191103112425,0.48553707103543636,-2.6082517460559957,0.618434752147736,2.9172973319359254,3.5980385275807905,0.473989054456523,0.6318034904159358]],[-310152412.27660346,-310152338.9870144,[0.43234469854112767,1.0,1.3204864635569062,-2.7350430407663566,0.44967636986547,0.8961679414410977,0.6370810400589689,0.5599404757075445,-1.9002502312299865,0.1,6.703883744341782,8.537289893452192,0.803168123433485,0.5539271356401383]],[-325960243.4679319,-325960243.44780064,[2.0481207356159237,1.0,1.0304306694072825,0.562037880597819,0.2927376049163969,0.9578569237280676,0.4375866710944642,0.40699772667649087,1.1045483233797044,0.19051851647740314,3.449951769973397,3.7141116887450916,0.5053195808383394,0.6192701148922797]]],[5.08824316053754,0.6474344467861918,1.2377509020735977,0.9185823291451704,0.4631328939797614,0.3069721862848784,0.47667486242788043,0.4597289143577548,0.3367175180725381,0.34988070812835187,4.96086610499205,3.7761748790309624,0.5079489650305685,0.42040358303748926],[23.910933608627204,3.612476414733421,9.231733192811316,9.053382012990724,0.24534909115400366,0.26053324534641015,0.24854084168341062,0.24897761216781084,8.6737236284786,0.2511202389910189,16.33191244018647,17.210207449155114,0.03918851144125052,0.04243885222559915],[[23.910933608627204,0.0828928580984937,-0.09076585074685461,0.3875577056466806,-0.03858972300246279,0.09964225626920391,-0.09624719909175834,0.029911623451050598,0.4871387384805667,-0.04935961232367059,0.9271197695841237,-0.2183543832351055,-0.013285159265588554,-0.05343468503383052],[0.0828928580984937,3.612476414733421,-0.020800474663404265,0.11734800237624897,-0.013615582139397293,-0.020168896840403728,-0.0020543169353344592,-0.01011614671839,0.057660013469243356,-0.027204004607119605,0.16845389112654618,-0.006351620989401811,0.005311133588036975,-0.00825871180749877],[-0.09076585074685461,-0.020800474663404265,9.231733192811316,-0.26774032188514085,0.0442114299377719,0.04704391630747603,0.0008392579268902938,0.023546426018399805,-0.1451661314573378,0.03773611341259348,-0.36900177201909584,-0.11076614526128443,0.008348413087887805,0.018794976207672634],[0.3875577056466806,0.11734800237624897,-0.26774032188514085,9.053382012990724,-0.040750758716000555,-0.03051259883459301,0.03366402089161507,-0.030578354104751578,0.2241369431789977,-0.029582032674634186,0.5248401652533167,0.08827555756833966,-0.010437045044433022,-0.04937385128517109],[-0.03858972300246279,-0.013615582139397293,0.0442114299377719,-0.040750758716000555,0.24534909115400366,0.005171432007089244,-0.006693701102422544,-0.008218786995075274,-0.03271684065871873,0.00439355419265463,-0.051383420932008456,-0.12350371838122763,-0.0005380582109635007,0.0017654747493729746],[0.09964225626920391,-0.020168896840403728,0.04704391630747603,-0.03051259883459301,0.005171432007089244,0.26053324534641015,-0.00302379796073177,0.010194676058717565,0.014028999569575646,0.01524059327924501,-0.08872388221181496,-0.006075407218785839,-0.0023448213349033403,0.0013881825583521548],[-0.09624719909175834,-0.0020543169353344592,0.0008392579268902938,0.03366402089161507,-0.006693701102422544,-0.00302379796073177,0.24854084168341062,0.003504229087841767,-0.07721733449356252,0.013744640901523665,-0.03938094613851185,0.05040107040247846,-0.002699623093757708,0.00431745764134107],[0.029911623451050598,-0.01011614671839,0.023546426018399805,-0.030578354104751578,-0.008218786995075274,0.010194676058717565,0.003504229087841767,0.24897761216781084,0.007942923866192733,0.0052677183615709,-0.06891398864347834,0.044472110519577494,0.0021954453770975583,-0.0004360659210257927],[0.4871387384805667,0.057660013469243356,-0.1451661314573378,0.2241369431789977,-0.03271684065871873,0.014028999569575646,-0.07721733449356252,0.007942923866192733,8.6737236284786,-0.07528014359688588,0.27457674639007495,0.4085890103722655,0.006670090838617662,-0.0400792092285968],[-0.04935961232367059,-0.027204004607119605,0.03773611341259348,-0.029582032674634186,0.00439355419265463,0.01524059327924501,0.013744640901523665,0.0052677183615709,-0.07528014359688588,0.2511202389910189,-0.1337094895012979,0.02315580170598176,-0.0006015334210570708,0.006699525633280819],[0.9271197695841237,0.16845389112654618,-0.36900177201909584,0.5248401652533167,-0.051383420932008456,-0.08872388221181496,-0.03938094613851185,-0.06891398864347834,0.27457674639007495,-0.1337094895012979,16.33191244018647,0.11300732264101611,-0.020094224932211746,-0.07404749290012395],[-0.2183543832351055,-0.006351620989401811,-0.11076614526128443,0.08827555756833966,-0.12350371838122763,-0.006075407218785839,0.05040107040247846,0.044472110519577494,0.4085890103722655,0.02315580170598176,0.11300732264101611,17.210207449155114,0.013133141798354406,0.013995495541195058],[-0.013285159265588554,0.005311133588036975,0.008348413087887805,-0.010437045044433022,-0.0005380582109635007,-0.0023448213349033403,-0.002699623093757708,0.0021954453770975583,0.006670090838617662,-0.0006015334210570708,-0.020094224932211746,0.013133141798354406,0.03918851144125052,-0.0008297923060304578],[-0.05343468503383052,-0.00825871180749877,0.018794976207672634,-0.04937385128517109,0.0017654747493729746,0.0013881825583521548,0.00431745764134107,-0.0004360659210257927,-0.0400792092285968,0.006699525633280819,-0.07404749290012395,0.013995495541195058,-0.0008297923060304578,0.04243885222559915]],0.6054072856470731,[[0.0],[0.0],[0.0],[0.0],[0.0],[0.0],[0.0],[0.0],[0.0],[0.0],[0.0],[0.0],[0.0],[0.0]],[[0.13367965015567637],[0.5583714688825472],[-0.8029857704251289],[2.319268780554647],[-0.5585001494751675],[-2.9241802368099914],[-0.3533527370823793],[-0.6100670700427174],[0.8501561621136574],[-2.2741586199740236],[1.8195212521193271],[-0.42384111818025966],[0.3010473723722923],[-3.0145172465426393]],1,100,-69783570.68103117,-69783503.33201385,[6.995556882902763,1.0,0.7997188047606446,1.3879587872272974,0.6193130630388703,0.41841648095090156,0.2702079242232436,0.1278129743649179,0.4757237961834598,0.1185621721233927,8.092468725125915,0.16280191267273958,0.410884456188431,0.31738570438471747]]
