["generation","mean","variance","covariance","_sigma","_p_c","_p_sigma","iteration","num_evaluations","best_score","best_evaluation","best_solution"]
[[[-50340469.83118168,-50340462.43111628,[1.8103906125947402,0.0,3.141592653589793,1.1809304393067652,0.5660807286449847,0.0,0.936963675576669,0.2917774280399639,2.247219124859295,0.3442584281123024,2.538799582406534,2.7580967408827086,0.4915223520460382,0.33381173275476705]],[-58300917.906112894,-58300917.705046475,[9.480216741870944,1.0,1.027425204389437,-2.142603237693003,0.5996536608425345,0.13682961075423838,0.5934790130825788,0.49146289386139763,-1.399339111204429,0.32534527328424956,1.8721731147327683,4.2149952233718935,0.5666712461555148,0.33424885198777643]],[-75243710.61594969,-75243704.26694816,[5.955454641418832,1.0,1.1691749380485033,1.150627961499901,0.3642312775364447,0.0,0.9701422702832079,0.3242735448450515,-0.6508360178528045,0.6898869000478051,1.8334838728166516,6.110099184069779,0.5043428977789571,0.40275080324897916]],[-80295678.48780292,-80295677.75287807,[3.46559987626907,0.0,2.4403684631277835,-3.806501008193889,0.962242062057038,0.25656379641988325,0.6248166270849087,1.0,1.1688253096779824,0.4992809773176731,3.68649176838402,5.30288922712443,0.43474324042613854,0.3454478840338818]],[-83191486.10239644,-83191484.49486947,[3.6443782427010536,0.5770157605005894,0.0,-2.810202269056564,0.5442801486066798,0.059384932533656176,0.5341681774815973,0.3773458927273128,-0.8987407911194423,0.5101870403664391,7.243053958595253,5.061152386897222,0.46020111755329185,0.5021788234825454]],[-85723356.6994536,-85723352.30787992,[7.978197466184131,0.8738716100080958,3.141592653589793,1.403046170194518,0.5513038060561646,0.4634684808590347,0.38017135821519793,0.8576232686011117,-1.2317839402535125,0.474392496478973,5.070273560637114,5.337183685926076,0.5864532740781196,0.36406409928562755]],[-88798140.94569919,-88798140.72729218,[3.880612522380819,1.0,0.982579679589413,-0.528885038069871,0.5071780121861105,0.2526039648891523,0.30745640892997733,0.3401284232809178,-1.9142497879188203,0.8804549825445962,4.34031531264905,4.134458099742226,0.5265870695016456,0.23759925626020173]],[-89512716.93138143,-89512716.44884473,[2.65532894886844,0.8738400696795685,1.298788889514093,0.17122435726345722,0.8059036750083934,0.17778966062547152,0.6373859950993229,0.48269984157246854,0.4460084090533811,0.5356576557026915,6.274377818081949,0.0,0.6967102354959955,0.34867372471866065]],[-90662208.91667306,-90662208.91667306,[5.657794735682607,0.45681338331361865,0.5573379147324609,0.39269786366233644,0.8259275994642383,0.18171949505408236,0.45537335775458687,0.4084464589254089,1.6539164355052174,0.6950758595530309,1.2430594512100859,6.530775684101142,0.5441447687369251,0.4054526167784992]],[-90921860.27783005,-90921859.48811305,[3.3742992360667676,0.5971979141618297,0.8696946082309048,0.28916418500627444,0.08632587880487758,0.07605148576013421,0.27803124184857647,0.6094242772253028,0.8314071070031066,0.4425162240742391,0.0,5.428802064815932,0.468466671778798,0.5580320888785986]],[-91403946.25484158,-91403939.26872724,[5.193015017419572,0.7124422799636447,1.8903621010482974,2.3247856420869777,0.0,0.03006442557271244,0.507281766055273,0.13326714529825517,-1.3213004206777037,0.5028485839009307,3.1700903824441213,1.390387848290242,0.6042112878286682,0.5683991112743745]],[-94120527.54490247,-94120501.55415809,[2.7771170447691116,0.22936978017831994,1.7058948399018086,1.1541251641378514,0.6924722232266036,0.3059133860155021,0.5010144715890648,0.5495530212573916,4.0,0.10245834264015102,4.830342683082656,5.8762795874947695,0.5637417135319519,0.3447299035958192]],[-95964234.38269885,-95964231.01117349,[5.288791016668292,0.0,0.4030242473052972,2.7906217632689923,0.43513272906546824,0.4807929057075869,0.49220887264362206,0.5723186716174726,1.0410329777749605,0.2289978373784166,0.0,0.6892533228429847,0.5281961280259496,0.46827658989343923]],[-96224840.95056282,-96224840.7387892,[9.811790333467295,1.0,3.141592653589793,0.16042673395190316,0.6518998849667894,0.31773519920978516,0.23673837225591127,0.49949837406783537,-1.9381219677855412,0.6709353757014067,1.5072653408872028,1.809667892067206,0.5445423301615294,0.3539634116832059]],[-99302306.60321808,-99302304.5958597,[5.854427934826669,1.0,3.141592653589793,1.6125886056217222,0.48014672283152976,0.7884061578802812,0.6270151136756481,0.5489048887942745,-0.14491159618347127,0.4709875390716938,3.7415865122033485,7.547467231927545,0.5042605938621088,0.3923444355640183]],[-100186122.15285699,-100186109.47835547,[5.379933099201958,0.30455159918759744,1.2176616229621153,2.424849802010318,0.0006367253242448023,0.7053698041060464,0.6835846810667282,0.19796680813469447,2.121506982989524,0.6155313473669883,3.5555045177168267,4.0710569758470925,0.5756231492675624,0.3697693184691615]],[-101138664.75313278,-101138664.57623404,[7.474516099381411,0.8544340057715762,0.0,-1.4378008622128997,0.54720655662953,0.24413518074499468,0.6386940196642188,0.30708507871884094,2.047358946045474,0.6211144049098467,1.237892153055204,6.272637688490267,0.528716203022164,0.4640878348639058]],[-101215333.37939803,-101215325.31208086,[8.480645265461005,0.4817162745935012,3.141592653589793,-3.734881179790754,0.2876946476505483,0.3945544923946145,0.6678851047309108,0.6724055754733118,0.3656627111178815,0.2886173495037848,7.103781560657268,1.1427291355896703,0.4333648752390137,0.3915780857742133]],[-101302042.51526578,-101302041.8682754,[8.64869912675426,0.5662575901194129,3.141592653589793,1.1503616139146047,0.0,0.39032146938308904,0.027478626854477717,0.7679310485395986,-0.23531904829464412,0.1,4.583037712300266,5.652897757407072,0.5429868254988716,0.51930859106009]],[-102207478.25439584,-102207464.55263072,[5.407249409471126,1.0,0.0,3.870880158012624,0.26154062217820156,0.6563051283592615,0.44466963320353964,1.0,-3.205589412487126,0.4338520148109359,5.772745171154973,2.4645384335343308,0.4719514383833068,0.4681839086734219]],[-102408579.3123674,-102408577.65566283,[4.236121180314742,0.0,0.9692783916811488,-1.2246199903856712,0.41084216554209085,0.038849594351566596,0.1633003305128996,0.794874680147682,0.8814933778545039,0.8922047858587445,4.68037376201298,2.5405076814243106,0.5464972086825508,0.4829782028470693]],[-103934042.70190884,-103934036.37499535,[3.1829135065362326,0.0,1.8668619270372986,0.7705202674679934,1.0,0.11566066672653713,0.48116513363435004,0.5743533229374206,3.5507741068843237,0.5470895400646604,2.2876364526847186,5.101173703610136,0.50349673585475,0.5617464488232676]],[-109713733.63597402,-109713730.22581226,[7.099164983950175,0.7461096517691976,0.0,3.8328487384983303,0.35351606875449315,0.5431039226487244,0.1745400879555586,0.2822888260526569,1.2450787355369166,0.22434104247167752,1.6932774539847175,4.615693282147327,0.5291417402814734,0.5825139717746342]],[-110115654.79314907,-110115653.96583235,[4.36007971474754,0.0,3.141592653589793,-1.2892657709127135,0.34111807267468297,0.4285190241306812,0.3656200216492791,0.6358052724663997,0.8557510936818029,0.4826969318599418,1.5008365797503074,5.525506235130153,0.5586578240136042,0.37296604710455844]],[-110148368.52604735,-110148320.98160672,[4.272713753373749,0.9365847918521442,0.8317694916927831,-0.1587288098530044,0.7304234518395822,0.3018578301998054,0.30257304768655424,0.6060096995544293,-3.48210827842606,0.45605743806437704,6.480903991430599,6.808381862487543,0.4861158785008472,0.5588612668042885]],[-111049654.8217364,-111049653.21731216,[8.458097116382898,1.0,0.4750449397986696,0.6594363917296996,0.8726526886347687,0.3553983907401432,0.5053828195206458,0.3565187517277314,1.817785986460239,0.4897904514918415,5.43058910136434,7.419174524490673,0.3707753479080641,0.4872062074774513]],[-111309987.1840311,-111309986.98407543,[7.672916628381416,0.4441890793709786,2.3028053138082605,1.4441880968152452,0.15085516356416978,0.6527841614677615,0.8101646502990782,0.4862258205535387,-0.9301839723723051,0.6393554115448434,3.56549444853163,4.1987455580761255,0.4593679883684766,0.4403859399257064]],[-111822102.03104442,-111822094.46823078,[6.6121553034232505,1.0,3.141592653589793,-2.6497403454866384,0.40286402882977945,0.33963859685088665,0.18984805727492976,0.35900057037541133,-0.30109879809123985,0.5974465352083373,0.0,3.1317683388768733,0.5805165404601956,0.4539753392841044]],[-113362607.61656106,-113362585.00079674,[3.4554403065472874,0.0,0.7447511671707321,0.13402109461746356,0.22327224236853466,0.19983213106035524,0.3259590551867362,0.2784571020356591,0.6429904781164022,0.5751335871950176,5.853834854779324,5.7531979052089515,0.42018359928226756,0.5622973637225023]],[-113635652.24162777,-113635650.44841021,[3.8982321758664513,0.0,3.141592653589793,1.9626494390812645,0.5500197330417311,0.6637233573129606,0.2004433340454384,0.7067759625978481,-1.4317880832112015,0.1320315443898334,5.623750554703165,2.126128484268058,0.45739426728602073,0.47510746475307625]],[-114789022.06039916,-114789021.97786182,[3.6820968666497587,0.6067657291458185,3.141592653589793,1.2911993227607574,0.22624746578242716,0.7877440142164283,0.576151780911553,0.39166156285392845,-0.049646926059109586,0.34858829097088573,5.500012695086749,3.978682283307447,0.39483935515772534,0.39001934728345866]],[-114815539.40390268,-114815539.07896489,[5.414678513677944,1.0,3.141592653589793,2.24631733249339,0.19836032466700898,0.450747191176686,0.5117665695859563,0.522280880744595,-0.47026068925737463,0.34641495736290207,3.9281779906507164,5.211002023520801,0.5536337822187772,0.5959278099439459]],[-115038018.01256506,-115038016.679963,[3.432614015817747,0.0,3.141592653589793,-0.18898094886273,0.42648320722170235,0.4393385649905427,0.4568140072667287,0.35896594985933616,0.2957187061919164,0.28033715795347325,4.832326861965042,4.193964787086776,0.42066904779619196,0.4262306304941666]],[-115599097.73619042,-115599097.15153813,[6.037180758550338,1.0,3.141592653589793,0.6356426837881409,0.6782466743093163,0.4383444810138142,0.24589415194672115,0.3641657957875865,-0.04154594511708229,0.5329335575195974,0.8628710064928877,2.9463522460208553,0.6209570319274528,0.36772194977276307]],[-115853900.38486584,-115853886.0049665,[4.11956931034817,0.0,0.8229940250567241,1.8690055339120533,0.38369772381371964,0.6375796084880498,0.0,0.6895972174576165,1.620891895310388,0.48467659018041015,3.6448164539048054,5.546474400580634,0.49500920087179306,0.4748244772693983]],[-116025244.08535585,-116025238.19503397,[7.0578691047835616,0.41088457059752137,3.141592653589793,1.093412287973524,0.8632322844307017,0.34869059716099915,0.34132561693620167,0.57725029838714,0.7516892958872027,0.26916568409384595,2.8703246899029358,0.5266353134510955,0.4382054347951913,0.5800432938483857]],[-117675022.01856695,-117674994.97910577,[6.237127006116331,0.23793505456526792,0.5854297832355928,-1.0749821475267995,0.5916251416129059,0.3387485414496343,0.4340159688416663,0.5866378610692374,-2.89259309066194,0.5149807115184936,2.5670845219064953,5.195141493906829,0.40865388504839556,0.5288262339561474]],[-118228393.52736102,-118228393.43499094,[6.451398422220278,0.0,1.6934962844031292,1.73505585445412,0.18261025254600244,0.61989512273052,0.6477714622400741,0.48325219651659135,0.21233431337638814,0.3463764576027284,2.3401658937794947,3.7595767520186976,0.4531755473249501,0.5579358541483752]],[-120163570.7846297,-120163569.62942404,[3.2812798873443048,0.0,1.4000964800407947,2.2939891713263245,0.3204842173366787,0.5876275951552117,0.5509868095033346,0.5019752120026127,-1.0108397872348462,0.4911959810701713,3.277801880098627,4.695572915532232,0.4210487342963094,0.44308314071973115]],[-121410207.31952544,-121410159.57505655,[7.0168387619238555,1.0,0.807219231559608,0.2648177993138397,0.710297998486694,0.5137385581899475,0.36131016382223186,0.46996886912139757,-2.6018093372607134,0.37670549916118073,0.9472592697259286,6.662525824378092,0.5903675699534726,0.37518955075292504]],[-123128158.51721196,-123128158.5134924,[0.8209817517280387,0.14607716666744175,1.5302845302317134,1.959570011128083,0.47195673698294893,0.3074397080124144,0.5370963355961068,0.777098622880009,-1.2640425874733585,0.19474295483906506,3.0197157767874736,2.757908645063221,0.5288791931581185,0.523964528113397]],[-123331696.6040117,-123331696.59028006,[3.4403557809484564,0.20167258777388164,3.141592653589793,-1.0890513576966943,0.10415243414943248,0.2551957509991574,0.7825725696591403,0.41439877201379655,2.076061454192099,0.34646962281909827,4.778724442090615,3.2426624938253985,0.5146885552276136,0.6884226727986437]],[-125882669.0348481,-125882666.9692356,[3.8511091888357276,1.0,3.141592653589793,0.09244745597485438,0.30905123075371577,0.2141158533136131,0.7547460186763331,0.5272846827065946,0.5374137783611012,0.9,7.391880797379454,2.6445742344000482,0.7021877752485641,0.47590272819702106]],[-126104059.45798895,-126104032.74433136,[7.286500691665378,0.0,1.062020752135587,-0.3668647901112164,0.7419584553939409,0.42087154331115706,0.4650003323227803,0.6604612812132536,-3.0798796430286224,0.4733590878174354,1.7208337885742324,5.080858599108701,0.3890800099076214,0.5179093594855224]],[-129638863.65902658,-129638863.11806762,[2.6152994288985743,0.0,1.3496040693899818,-1.522173590502895,0.2676853971510854,0.4955954705976912,0.8493969683013318,1.0,0.11777321694301052,0.23903282050875652,2.6863536143026674,1.8576040785746257,0.5523542382738074,0.40642013764626056]],[-130332699.58633414,-130332697.4020918,[6.3716793965069956,0.5269404321851802,2.621568078844427,-0.937256609309338,0.8820009856830171,0.43262690623282807,0.505978762731412,0.6499823959211515,-2.474946857508263,0.5066488312214883,0.0,1.2137861835406296,0.4526273893437452,0.4964803676543384]],[-130781533.51222998,-130781484.0500071,[6.284493406839358,0.0,0.505510208310876,2.5324980957541494,0.8881629371857966,0.9507055599405269,0.4071339283161022,0.08974492578824522,-1.20606202722399,0.3542762307863281,5.903853382612799,3.6188655813483015,0.37291509474716983,0.59513006839666]],[-132328382.01351441,-132328370.63419032,[4.225991880595898,0.0,2.1799459423357503,-2.4869894249631974,0.6637823757733818,0.4740944042133325,0.37292276617016307,0.3800209634474288,1.6820482054098724,0.2543751823478028,3.3672136876334657,1.7829978907185184,0.4125798263064596,0.5188691549425959]],[-132538459.64915466,-132538459.64915466,[4.4738618380706425,0.277306616007963,2.9918930676854556,1.9093763199861944,0.21439183594151906,0.30499624299183836,0.629661340585397,0.521311643307529,1.925221893638203,0.35245335272963485,4.945974844943998,2.107078510719619,0.5170705787687805,0.7308279342186257]],[-133115688.45303604,-133115687.27313733,[6.961337219964851,0.0,2.6695781322648697,-0.2738083864280943,0.9096434325885887,0.36630889608564254,0.6972337812504504,0.4267097689183312,-1.725821767900109,0.33052102529055827,2.7570128020833504,4.927204566079411,0.6291190243691581,0.6813892721645912]],[-134368198.08711162,-134368198.02608842,[4.266025739718119,0.0,2.2954746870005103,1.1972048067707157,0.8947427701857665,0.6365658260891798,0.8294390148655673,0.5973841459400014,2.3380127312663594,0.23356155643217857,4.7180413328305075,5.717401602404688,0.39436695801378946,0.5756737918352535]],[-134641919.69144124,-134641917.03550935,[3.6622427708379943,0.0,1.094414518314724,0.5852881135184029,0.4503528970915055,0.44298705813902484,0.5662292623495853,0.22748923082513833,-0.578977275775657,0.5782028966503822,4.270780923873874,4.437982616480796,0.3685892969064708,0.48293103111621477]],[-135625953.98556677,-135625953.97877514,[6.231812159041928,0.14677392490627145,2.5104157747440845,1.8067479731369704,0.42061084875866755,0.4966751149020187,0.12222676216943618,0.46303741939578846,-0.28974423544171357,0.9,3.4808740571804897,5.47464789045174,0.46758534605347785,0.5377243473812259]],[-135641700.77028996,-135641700.76411211,[3.1379710979652797,0.9748139392885329,1.2018078448184057,1.5390254084375983,0.005806913981427353,0.3439272743641538,0.6812617961462633,0.9207362405629667,-0.9642016252857231,0.4944504470438072,9.0,3.006460256107155,0.5187188825263022,0.6307880345180743]],[-137921682.75322527,-137921682.52789193,[4.917055817250413,1.0,0.8335493024718488,-1.7327575561834698,0.7608223333715554,0.5383277645106818,0.559033432179611,0.373879624392288,1.9965247167536235,0.6163418937023171,4.037630635323704,6.597641481728302,0.3722096696507323,0.2916294280396438]],[-141322046.83267057,-141322044.5523091,[1.7261773034546986,0.0,0.0,1.7406164686445482,0.05767311705896816,0.19369036561831843,0.49840525082223314,0.4915157726312347,2.992302477845918,0.6190569500976396,2.4562523067708266,7.810453545902801,0.4345601924657988,0.5993309416100848]],[-141378911.11529383,-141378903.75081587,[1.6913296722286981,0.9201236262908048,1.7303336907989624,2.2473789052733224,0.21640970525362302,0.5163197487898721,0.6604626062712324,0.5376039955087066,-2.6527701030739506,0.543918217352079,8.443384434453764,6.833587795570123,0.42347515199274544,0.4312295441861182]],[-143283144.47206843,-143283133.72170532,[2.626579343458168,1.0,3.141592653589793,-0.152387832405151,0.34107256560389265,0.2982150887714405,0.20544031773647914,0.2623808973932551,0.14666104813713393,0.7758685732440926,3.2705783375826067,6.633547440310189,0.6741723671695496,0.5411945754752928]],[-145390763.87003213,-145390763.66037476,[3.204321918076264,0.6444361204951999,3.141592653589793,0.31565116333097293,1.0,0.44542261434710334,0.6648373170303701,0.5110592684697636,0.1387279090860027,0.4821885653038019,6.349751117401568,0.48965551294300846,0.46843152041853614,0.5741145586724894]],[-148413851.4198947,-148413851.4198947,[5.259342182660559,0.9458812591349801,0.7294564148613688,1.1153185270202055,0.8278944121286538,0.47725907469082524,0.25731134453937643,0.5211316050912169,0.14329710373261714,0.4460364698873638,2.673153970139757,5.363399331511625,0.47590490078421394,0.575337859637284]],[-148956653.8046949,-148956653.6942346,[5.822887921031175,0.6865330361452322,0.0,0.8276442712845167,0.6077811952111343,0.37804226989014983,0.3037654194189235,0.5225950190832699,-2.4834423230858604,0.9,4.633919798808508,4.744788914215617,0.46696594910019973,0.5718386086679929]],[-149917667.5339698,-149917665.49603236,[4.160517171808352,0.0,0.0,-1.798508969692128,0.5444392160920004,0.5066012904878564,0.6163320937526123,0.3403949631418891,0.016009880809783036,0.1,8.409414965041725,3.3642878595837025,0.4273848089323657,0.49318960124923433]],[-150388875.0254237,-150388874.1609701,[2.126984596507322,1.0,0.8507753684772922,-0.07536879042001554,0.6218694145064295,0.38050942243323704,0.6395560346893067,0.5483050029796978,-0.2619604596256485,0.24710446538584746,4.9160202693215,3.4222999208254095,0.3997160056810519,0.679816533580565]],[-153015543.881733,-153015541.42539442,[8.88565456748805,1.0,3.0313665306537203,0.022491960486813033,0.6425647606089865,0.48793044793266177,0.7439159176093175,0.23523344747326103,0.10571598528074407,0.9,3.431162689219801,3.7571898534347863,0.48804312002097905,0.420438739750188]],[-155687482.63369074,-155687481.71994436,[7.1723986160763324,1.0,0.9101190620191463,-0.7355029144117595,0.25531906923365877,0.47610552544603585,0.6230407501380326,0.6119790724085877,0.27328115589022917,0.6127812007248081,3.1750737440148145,2.7030816424842032,0.47097556756311965,0.5511705252786472]],[-155882486.93484396,-155882486.93484396,[3.7131550576867833,0.8904784702337736,1.7174117334295491,0.06633600044554022,0.6598408240723614,0.5096096257059547,0.6263685044104313,0.6474302726928189,2.690130933235507,0.7872894033252702,3.188643150373178,3.7769363139248995,0.44522067856423314,0.4437199467500991]],[-162738001.87353605,-162737997.5580415,[0.2750547842808615,1.0,2.5791634871052054,1.3494533879881376,0.2475790166918056,0.3668197216558715,0.578501954357661,0.31730861214375505,-1.5089244193671738,0.1,4.947435622399358,1.9437934716902152,0.6057022319853007,0.4308102669627345]],[-166192239.28332397,-166192238.98338473,[6.554712057521714,0.0,1.7834125493268607,-2.354355596382763,0.5993722290547383,0.4873746964921639,0.38201371449944227,0.46986036636162937,-0.2783456755971766,0.7570161441973828,3.879825770425059,3.448641833550414,0.6239684271894489,0.5215920203610033]],[-166621447.90506515,-166621447.31645942,[3.688228489825123,1.0,0.005392798045176006,0.4150707824495268,0.5200127463363602,0.6377275441208059,0.8235773347106531,0.48923249630400456,0.23231777570399537,0.31554832347484163,4.3073639933883925,3.5313360503295,0.437492586919258,0.46588826905263064]],[-167977367.92739856,-167977367.92739856,[5.071284746475333,0.10681904733240344,2.2560160875754516,0.8558498974492463,0.5880671736420628,0.37381621136243703,0.45893367908648736,0.6688196491581218,-0.1842135175077079,0.6098272850776929,5.90293584281311,2.565269962642617,0.36176137202474457,0.738695560926323]],[-169246891.52002907,-169246869.4762169,[0.6486613573450581,0.0,2.5558242110550657,-1.2838087138397385,0.4653405454362404,0.4879571079802237,0.6214408730250544,0.6664837331245221,-2.555532494960598,0.3475287276213854,2.393795921872572,4.617637611870548,0.4278573422596724,0.5375161017382745]],[-169390331.23049083,-169390276.69501448,[6.997755900246924,1.0,1.6746794574684614,-1.036378436875133,0.4718952108605294,0.552689894158768,0.4492003616525168,0.0,2.1579566475691463,0.4350598926085365,7.3090247636373835,4.4708702743938264,0.6210662409018957,0.5692398933456198]],[-173842975.59293374,-173842975.48791742,[5.659832957978328,0.7654117999801444,3.141592653589793,-1.0261773513414325,0.8987701023061021,0.4914972910741189,0.7543351087509665,0.6063344172709959,0.1370970753552009,0.3722290468042905,5.89680620352542,3.0646120318655425,0.37583056967681344,0.6487624845883292]],[-179036251.71984535,-179036221.56547058,[2.504447699554298,0.7109751388758292,1.4556048812655966,-2.301828778362594,0.004244779591069836,0.6316492234952776,0.7599047485773786,0.18708237686674423,1.439386411515105,0.9,5.490405830050165,2.4380849607459227,0.570336451973649,0.315887039936105]],[-180543294.4668802,-180543294.4668802,[6.954228058505518,0.42826125391959025,1.2558038794667274,0.6380508146723187,0.4944232337598396,0.5588680610988934,0.4775059444224943,0.5658883753051445,-1.0727951044730064,0.8442481212927611,0.22507576420974473,3.3405586850854165,0.44150777572181454,0.46106975050179305]],[-183465784.42251188,-183465761.61947703,[0.7023664153759839,0.10628785866493357,3.141592653589793,1.7008340665987882,0.4634768639343938,0.3688934023775976,0.8323026016213794,0.17549753139178925,1.3742702865148984,0.4024819134060783,4.683633924303733,3.814596591218898,0.7320912860265534,0.6215040498414246]],[-187440376.11233497,-187440376.1086462,[7.473315975566411,1.0,1.269509998749303,-0.4163381654031434,0.6785351140259719,0.6468678747117975,0.3155765886296885,0.7131367850833141,-0.21681629285224702,0.6264119619889317,2.3383898684784206,5.275503453386296,0.2935788243651154,0.44720734424514114]],[-194909047.9716411,-194909046.60909653,[3.5493427957156927,0.35962055732162174,3.141592653589793,-0.2923812589850226,0.505935652427448,0.5655462030443399,0.4088176073535892,0.347901110893604,-1.0419681584889704,0.7222983760845022,3.8409009955885582,4.447975641796065,0.5168907727065534,0.6334579526591624]],[-208521856.4577477,-208521856.4567374,[6.366871975724719,0.7959157020496215,2.918370793028873,0.6041263930723392,0.2920581898265341,0.6500461754994887,0.6361368507630112,0.21796436139425146,0.0540039245048268,0.600069001699617,4.064322785449701,4.837167647556409,0.3620497834787434,0.6138028874585366]],[-212596662.7396513,-212596661.17459774,[1.3279163303206927,0.5024305800002153,3.141592653589793,2.2479487926107518,0.5066011301875278,0.5060824993645743,0.6055782881310896,0.5676248062140818,-0.7817514488256433,0.6991725157216083,5.399010524704073,1.610020629931145,0.6702158908120983,0.5158041207227713]],[-214075536.37720326,-214075534.3142345,[5.851517892090816,0.0,0.0,-0.6124025053121087,0.3518654127056646,0.74009938247935,0.365627600971812,0.75038664604981,-0.03365852372174891,0.1,3.750927041601558,6.076099908506848,0.5428202410319386,0.5277011451664535]],[-215882600.11219016,-215882597.61805618,[4.051636968112123,0.0,0.0,-0.37390564885258626,0.9675654797054166,0.6766211435099919,0.11665859207989088,0.4258893326674864,-1.7777310749824582,0.6016317463582244,2.9495481387028755,2.615118824193887,0.4191978658105219,0.5566210352124066]],[-217431483.75092003,-217431457.30331302,[6.399077410606286,0.16450343138788293,0.0,-0.7651316397565229,0.6708795780341656,0.8072080649279693,0.6203589444133402,0.1746074557203076,-0.04995106252044618,0.1021591448264153,6.135562259828122,3.962132994829948,0.4975398657252288,0.3658035239556214]],[-221761299.97129717,-221761232.8504696,[2.650823958659441,1.0,1.8959368098862397,-1.532475313289947,0.4332567300017817,0.6235767989827876,0.4639007824961628,0.0,-0.6013939540862193,0.380548403357772,6.605701579463339,4.811636661090615,0.44665214595732655,0.8101031207642063]],[-235736389.30602005,-235736385.23389417,[0.7903856183066003,0.0,1.4122573668273568,-0.6708764903620934,1.0,0.5439125556783334,0.4660169613711803,0.6813837932252091,0.7514727872498288,0.26415855366798846,6.011307134545364,3.501355887243852,0.3861168412418206,0.6335778658669]],[-249259076.49641868,-249259076.07963204,[1.0147917775458373,0.0,2.547447449749823,-1.3648462879652035,0.3340465056534625,0.7991858367906126,0.7199030074317259,0.49998505208991567,-1.8905370606049858,0.7270049001069555,1.2784292661345766,2.762718510645918,0.38430341700637144,0.3799587897045342]],[-251737374.9452246,-251737354.02832973,[3.77891387270107,0.28489237839661374,0.9813738955462677,-0.7050546035038382,0.7978216868362278,0.7843452962367092,0.3394364225369495,0.4678761219204277,2.605486627921266,0.7031182212276441,7.795301242285511,6.4146200552037165,0.4434301008141032,0.43249988564376884]],[-260367190.53157678,-260367190.53049445,[5.802693259419204,0.6168567410940139,3.141592653589793,-3.6735552673274876,0.4329432293314487,0.8521371980637842,0.6659847244057872,0.2505631573938298,0.4789499307532621,0.16058629275226327,3.8206619552437093,1.6542521437171258,0.39541631843573255,0.5225491544056458]],[-281908410.1501654,-281908402.94593155,[5.0449566095067215,0.736842275589632,2.071608813592067,-2.758894124671424,0.8405700106486442,0.9507665365552,0.752592245141753,0.3897407638182455,-1.4469662950816895,0.38102659659472105,5.2378017955209275,0.0,0.40295333176443604,0.5177719287800648]],[-286296048.55912536,-286296045.2925674,[6.112146798290704,1.0,0.6707573934990813,-0.3149516339979359,0.7956981202839931,0.9173553919228787,0.0,0.4720157931424631,-1.2570356803089906,0.30893435898629906,0.5243429944479603,1.118521384145247,0.5978800812299265,0.41642010855801687]],[-289611755.163042,-289611726.6368543,[6.175099276854823,0.0,1.408599162015994,-0.3776153903291568,1.0,0.8759813643994425,1.0,0.4074777202062688,1.48615230386149,0.4734195515224814,5.194432221743704,1.899275841503901,0.43548264145371646,0.6066643112817229]],[-317581552.95797205,-317581502.9348217,[3.958183476471982,0.0,3.141592653589793,0.6377588866011504,0.44469618284980783,1.0,0.5812191106100533,0.012306607363657573,-0.8686440350949125,0.9,6.061013969847053,3.4661564608461335,0.5365312316731629,0.4522111612962162]],[-328548079.56070256,-328548076.8108641,[3.8143939786196697,0.6884826575470784,2.60631487359373,0.15094850689514588,0.25941350915445716,0.995008752385442,0.38782519398625115,0.8002103854377846,-0.9066580269979947,0.58024189569002,5.634231693474207,9.0,0.4143209987484118,0.5880138973119888]],[-328887960.112294,-328887925.6905302,[0.0,1.0,2.301928673928528,-1.0711966767242107,0.6565977752911125,0.5823456300210854,0.32796172340181395,0.0,-1.4782164761756178,0.5386720444768339,4.572278201202329,3.0281476592441967,0.32835144970672103,0.547585231297494]],[-331620886.473348,-331620851.72091556,[8.5184010097365,0.0,2.710426582561821,-1.0206353554681213,0.8864788594177293,1.0,0.9282914137613523,0.3980261411453635,3.112809397308941,0.5127214254060504,5.7141030506572,5.48391494568501,0.55426728329478,0.35215746251758384]],[-343734305.26969004,-343734305.2636812,[6.195425714133403,0.07952660041998239,2.0213700843765623,-0.9003381212163393,0.4719159071853647,1.0,0.44567938452425376,0.7708044615730072,1.2214082284463954,0.8016942649296099,4.230656389701107,4.450321702441164,0.4101196714221591,0.5301810732691347]],[-347439599.06872964,-347439598.35747075,[0.1344841215596535,1.0,0.6812629223889897,2.1585960387649754,0.6703681056996228,0.7335837150021326,0.5250284048247592,0.40533666628819753,0.10315979126163456,0.6951054210051351,3.3674396579149235,6.637467752017506,0.5690733169675206,0.4044803888694623]],[-348621473.543368,-348621473.12739086,[3.9221294302154304,0.01129345518335656,1.0520359479211359,-0.6059502083925357,0.8104423330819076,1.0,0.7849522586655655,1.0,-0.32140269245941855,0.5935596162815014,4.265810287537114,2.631792964647958,0.4391991257293985,0.5834720970268611]],[-364219112.2924558,-364219101.52902627,[2.613219158288059,0.5683550532223053,3.141592653589793,-1.533332373867776,0.18320686461355812,1.0,0.42311361311677764,0.20999626416117673,1.9318405908877785,0.8419807834905653,3.0269125246653505,3.4710560893977265,0.5008390042997525,0.5878385701804704]],[-483224253.441847,-483224250.4309938,[0.0,0.5972353302995238,0.007599778880637231,0.9268368962812841,0.5910634951383016,0.8759312076406929,0.14130679236674443,0.9434379873189159,-0.38705238385119545,0.6262169164226581,4.4582451136669565,4.467981082159917,0.44041109971982384,0.5436667946167295]]],[5.2214989146866335,0.5771991562462796,1.6626822792985474,0.009686580198130361,0.519379403628948,0.22744895365796625,0.5683358940338517,0.49983166865621076,0.2213229366057379,0.485072782036375,3.3445459807286744,4.22544070313256,0.5240037002466167,0.4012159709013136],[24.796968857821252,3.5891068505619383,9.24646716815411,9.743621694002114,0.24975405705627252,0.27519208012421625,0.2478237593194266,0.24397043493728185,9.237715149822954,0.23573451312667404,16.14980734322901,15.801013350606718,0.037187680118963,0.04323185810167589],[[24.796968857821252,0.29544789563896195,-0.07158461461738781,-0.20535474510403737,-0.04520339625831654,0.04809593937589298,-0.07233588271472628,0.035927011136169744,-0.9919671207614831,-0.006896348362610207,-0.49192318771940224,0.3701109215627997,0.016844299428011505,-0.008010716868649324],[0.29544789563896195,3.5891068505619383,-0.06114059282139605,0.015060424970269895,-0.00853595038467053,-0.005691245211858649,-0.006292931144131786,-0.00635352699552852,-0.22679513397726245,0.010951253553153479,0.0010640481583235226,0.06758646050493698,0.005196949280958546,-0.004046572019332223],[-0.07158461461738781,-0.06114059282139605,9.24646716815411,0.0959569195289102,0.008565610498741482,0.002995943239769086,0.024312490949318123,0.027091744968644197,0.16927322171949474,-0.02565784735835991,-0.011793025436598206,-0.13493802814813619,0.00030359145243524067,-0.01983792364182773],[-0.20535474510403737,0.015060424970269895,0.0959569195289102,9.743621694002114,-0.106588688151117,0.04798582130318867,0.009912612312136436,-0.06707302902633508,0.17219547794283002,-0.017130141750643882,-0.4379934521540568,-0.2639130672502974,0.01734543416233362,0.016136956684704638],[-0.04520339625831654,-0.00853595038467053,0.008565610498741482,-0.106588688151117,0.24975405705627252,-0.005410314248337374,0.004008996099719347,0.009002984547858682,0.04994462752292029,0.0007222746800116194,0.02545408196280196,0.024596290063355186,-6.859750183482158e-05,-0.005491072126060207],[0.04809593937589298,-0.005691245211858649,0.002995943239769086,0.04798582130318867,-0.005410314248337374,0.27519208012421625,-0.01808422254258746,0.008950385143997654,-0.04508623450379133,-0.0003818127191693623,0.11943596980308636,-0.010589684532662874,-0.002722488882562398,0.012562710354601703],[-0.07233588271472628,-0.006292931144131786,0.024312490949318123,0.009912612312136436,0.004008996099719347,-0.01808422254258746,0.2478237593194266,-0.009239256607889521,0.06305298878003295,-0.001620794435830549,-0.04824119113692912,-0.004286045609013479,-0.00034813681631849194,-0.006200221012715411],[0.035927011136169744,-0.00635352699552852,0.027091744968644197,-0.06707302902633508,0.009002984547858682,0.008950385143997654,-0.009239256607889521,0.24397043493728185,-0.016315669102019488,-0.0034901613276317454,0.044647265559704476,0.03016004357358461,-0.0012120299984474706,-0.00044601016512990443],[-0.9919671207614831,-0.22679513397726245,0.16927322171949474,0.17219547794283002,0.04994462752292029,-0.04508623450379133,0.06305298878003295,-0.016315669102019488,9.237715149822954,-0.047648723894475914,-0.3915028145274887,0.09259647238010169,-0.0038018717462915434,-0.011607071083396755],[-0.006896348362610207,0.010951253553153479,-0.02565784735835991,-0.017130141750643882,0.0007222746800116194,-0.0003818127191693623,-0.001620794435830549,-0.0034901613276317454,-0.047648723894475914,0.23573451312667404,0.005730828406977621,0.02377504165159077,-1.4920229391987083e-05,-0.0002956221178896851],[-0.49192318771940224,0.0010640481583235226,-0.011793025436598206,-0.4379934521540568,0.02545408196280196,0.11943596980308636,-0.04824119113692912,0.044647265559704476,-0.3915028145274887,0.005730828406977621,16.14980734322901,-0.24488129643223205,-0.006973396268970749,0.028410808310422468],[0.3701109215627997,0.06758646050493698,-0.13493802814813619,-0.2639130672502974,0.024596290063355186,-0.010589684532662874,-0.004286045609013479,0.03016004357358461,0.09259647238010169,0.02377504165159077,-0.24488129643223205,15.801013350606718,-0.019070558337470053,-0.00306008820162275],[0.016844299428011505,0.005196949280958546,0.00030359145243524067,0.01734543416233362,-6.859750183482158e-05,-0.002722488882562398,-0.00034813681631849194,-0.0012120299984474706,-0.0038018717462915434,-1.4920229391987083e-05,-0.006973396268970749,-0.019070558337470053,0.037187680118963,-0.0015378062441464106],[-0.008010716868649324,-0.004046572019332223,-0.01983792364182773,0.016136956684704638,-0.005491072126060207,0.012562710354601703,-0.006200221012715411,-0.00044601016512990443,-0.011607071083396755,-0.0002956221178896851,0.028410808310422468,-0.00306008820162275,-0.0015378062441464106,0.04323185810167589]],0.610320350789364,[[0.0],[0.0],[0.0],[0.0],[0.0],[0.0],[0.0],[0.0],[0.0],[0.0],[0.0],[0.0],[0.0],[0.0]],[[0.335548922373138],[0.2923726931484341],[0.22154068750271802],[0.024457016351239105],[0.2935787750078752],[-4.128878465211691],[1.0352211266996112],[-0.0025500531724944693],[0.5588038883439498],[-0.22613257084394714],[-1.241184918122459],[0.42690042692868935],[0.9090807241781611],[-3.741200556065416]],1,100,-50340469.83118168,-50340462.43111628,[1.8103906125947402,0.0,3.141592653589793,1.1809304393067652,0.5660807286449847,0.0,0.936963675576669,0.2917774280399639,2.247219124859295,0.3442584281123024,2.538799582406534,2.7580967408827086,0.4915223520460382,0.33381173275476705]]
