["generation","mean","variance","covariance","_sigma","_p_c","_p_sigma","iteration","num_evaluations","best_score","best_evaluation","best_solution"]
[[[-50645191.21896025,-50645190.18748236,[8.976486551766904,1.0,3.141592653589793,0.19686440858727555,0.16942130759779422,0.0,0.3187905837317344,0.7126895511910227,-1.8504739777289814,0.27653622118280974,3.593288812128803,0.0,0.4680162853651839,0.35270043077843616]],[-60425344.356884964,-60425309.330007195,[6.809364202673797,1.0,0.6742680947337272,1.7217351292698453,0.753916462034258,0.03044121310756559,0.4422206289218603,0.35801367202030177,-2.3331308417078116,0.1,4.651442112105094,5.867197750724829,0.38164080858011085,0.4299466737586415]],[-62401615.44746713,-62401613.42055297,[5.482409841021425,1.0,1.5055371070006385,-3.8012227210517944,0.1945073073051241,0.0,0.858777170229424,0.537587715284348,-0.4736597433568811,0.3305466361130411,5.90474707902084,6.105317413337586,0.5341427094437721,0.4249450078596658]],[-81824046.70307474,-81824006.63148946,[11.709344592327856,0.0,2.065221756258168,-0.29284519126616115,0.5712980378023458,0.1403964731731192,0.0450285146854128,0.5445494869030001,0.6016309825541775,0.5608564629192739,6.768068491103234,1.499716559965235,0.5440350476790806,0.4397398586551643]],[-81988795.85574493,-81988794.72324377,[3.846196043950572,1.0,2.4082306353967473,0.6349634076059897,0.5268570092748195,0.14108384886142505,0.7006535525791866,0.5211636402608651,1.2555819910458195,0.26982895417821046,3.6433601198871317,7.340476866741772,0.5604064155195716,0.5141036382496252]],[-83513347.65968825,-83513318.2263816,[4.7374314136948215,1.0,2.8422684400972704,2.1427823591810817,0.13246847594607924,0.3198012891001179,0.4066764193552329,0.17496678114407027,-0.6975043713158982,0.43563626490530083,5.292047888493797,7.707101475497928,0.6011437778721115,0.39316157105290384]],[-84299382.35492708,-84299382.3249439,[6.297843110524459,1.0,2.641465736979491,0.2297905402665381,0.1502520409712096,0.023156839029682685,0.48472502024844044,0.27456623762346083,-0.3946462865303285,0.3048472362153426,3.091944467526293,1.8137222316104729,0.43181056345130053,0.569571471628029]],[-84412534.11524904,-84412534.11524904,[8.757836705415812,0.8033299016204507,2.65482352800207,-0.6863027083751949,0.3962982421687669,0.13931012465499765,0.6913985382336051,0.7364957744112598,1.455955884270932,0.37087019708416324,6.761353308689385,5.076294530344109,0.5966441881739382,0.5174879386656804]],[-90375574.21883444,-90375549.88051337,[7.279483358891195,0.0,1.2204688418139626,0.10631333547483704,0.24309125638684892,0.028041723303745436,0.7614828492074335,0.8903575483300459,-4.0,0.48009497881159946,4.767733590101772,4.282214735253787,0.5021034363111498,0.5738233919486835]],[-91027517.4889055,-91027502.73009402,[7.923319952506039,0.5607802467717942,0.0,1.3192169099723319,0.6661550734784913,0.7073048652934977,0.07853287144947213,0.11451783427852885,1.082508260370637,0.3080913520727361,2.890706946056179,1.4511283472241492,0.5492578224221796,0.39604697589253257]],[-91816190.44302246,-91816188.77696592,[8.74565878234588,0.0,0.986458507156702,0.1901315974689698,0.7328999537891987,0.20097793932179836,0.1144470014288339,0.7172533258846878,0.6402077988307422,0.5930269901786391,4.777728100478399,5.209463311264702,0.5620286770648153,0.44943918011510736]],[-91834864.21412349,-91834863.48988152,[2.513785577266775,1.0,1.6665631993582737,-0.8132915980962161,0.17113182695528184,0.14149722795631703,0.46124704084880946,0.38364392053530966,-1.3747123346422434,0.3136459081157348,3.2978305077577112,4.739125948059292,0.5242295212902419,0.5538260116889783]],[-98810792.57269137,-98810791.90226728,[6.22520673432489,0.5927179276185955,0.9664841912354963,1.02483556842818,0.4145160176587496,0.26183599330658175,0.4247577017453015,1.0,1.8900881648704995,0.1632088416536191,3.7698773050635435,7.0925337110426545,0.5719619817312283,0.5414131995306621]],[-99806507.90368448,-99806503.60275012,[2.4421760487573825,1.0,3.141592653589793,-1.4549048386615975,0.5541516917283182,0.22604892759659784,0.3733156934640877,0.5541435355273029,-0.1850557523465668,0.1,3.861185394198536,5.031767310501919,0.5757196917671432,0.5165227727784106]],[-100508610.19701704,-100508610.19619656,[4.111063629770616,0.2208323508917801,2.3578203137764375,1.4086099507258951,0.7442984233292376,0.3408029991386824,0.7349955899874494,0.33872698622951714,0.6770733944578848,0.38941087767475185,4.014069313700251,2.1708511702224196,0.6141371156712163,0.46523966037424663]],[-101573479.54955533,-101573478.43062282,[7.22598090431481,0.7014965520702294,2.7515611248879717,-0.388956556491518,0.7714994837742869,0.20035724917159808,0.4642459089162595,1.0,-1.3556556296734579,0.6033043321838767,2.1611399868925267,0.9900477971755572,0.5430533213123881,0.5201315816481067]],[-103357502.94635795,-103357489.37270957,[1.1639872777522138,0.042042563733845795,1.5122351455808658,-0.8811980106435023,0.6574744053750706,0.09197050660857953,0.20709612626983193,0.11250510805320657,-1.5572157356619811,0.5790624277470475,0.8844062676614612,3.2373966726453443,0.5805897381957459,0.5470339043200925]],[-104470112.88303597,-104470112.19935799,[7.056705487954348,1.0,0.8758945006885601,-0.3842131396698335,0.49408431010637427,0.3756979499729036,0.5188158719176401,0.523182594056202,-1.9427704712806948,0.5923768869885231,2.576830400138543,2.208586682143287,0.608605961692114,0.3303467756603018]],[-105356255.32020773,-105356252.679726,[2.499027078407416,0.0,0.0,1.368833179959092,0.5902686394966884,0.4512221063854922,0.7392229412950433,0.8455317161769556,-0.9253468459556164,0.1,1.5225095004659503,0.6362580609724793,0.47340159624242384,0.37591455026655035]],[-106614294.48537917,-106614294.48537916,[8.109444990772024,0.2119753170991917,2.5179597279668453,1.2605328354282435,0.414240051069017,0.7459983853490502,0.7925469901436585,0.6806196279323528,1.38809616424768,0.22085309357718896,4.544101260265612,3.448320181235495,0.509418465895741,0.50032942936303]],[-106720380.38444011,-106720380.301014,[7.56179199287467,1.0,2.5976740681030175,-0.22407579758837737,0.3761383001874853,0.16006119301914518,0.20775731515159207,0.6030243773811486,-0.9749305398411527,0.5610229172307075,3.2023421552004385,2.177216233819839,0.6759639609743894,0.5839263863962902]],[-107845559.46078068,-107845554.70293069,[5.773873034037936,0.9415479752928133,3.141592653589793,1.5478287784611275,0.31242813316714035,0.6626049117558017,0.49100548784636616,0.7236730163192884,-2.915159929651338,0.44382174967802096,4.968747721999546,1.907314267945365,0.5535902133596675,0.46665832936047097]],[-108318011.4968707,-108317970.58084899,[4.920569172741807,0.8748029831172799,3.141592653589793,1.9633440702913956,0.19669122282096946,0.20310317146663492,0.6709600706148237,0.5022152164835304,-4.0,0.6523641812990932,5.474608840319028,6.177741186977674,0.32731956137074014,0.5536158960697963]],[-111615290.14413442,-111615288.66578376,[5.835372014785053,0.0,1.6950893251459707,1.840730281556982,0.4030521338687905,0.4896868329143359,0.7116042671958241,0.9070812785511947,0.559830681576821,0.1,5.879963797438756,3.712857656081549,0.5043344684734072,0.5922941643415649]],[-111840567.13556945,-111840567.13556945,[7.333327169606433,0.7125837590270122,1.1709909117452881,-1.018181958392701,0.49238777373717346,0.28212879466296403,0.4447358269146932,0.7383830376387385,-0.35042882710295453,0.3691101951124221,5.917433723682797,3.033981786724382,0.6858871514485775,0.5890656326303252]],[-112735649.96459861,-112735648.81885493,[3.62393702884299,1.0,0.13337776040985316,1.9182459413944404,0.2654096869198409,0.760731695029927,0.6685171423694463,0.2784681026092038,-0.8350392322526923,0.13867652601931618,3.387115298135109,5.240532898482716,0.39152027429063313,0.4873031467350221]],[-113171784.81808893,-113171726.47150004,[4.463072667922895,0.0,2.285326986715511,4.0,0.6435701793738875,0.33533213067694867,0.32882294697460823,1.0,-1.3652410295923465,0.451175798865742,0.0,7.409827203953752,0.34879790889956475,0.5698079639209072]],[-113323921.66592751,-113323921.34380144,[10.903907878707702,1.0,2.1151113129732337,1.9144857518019607,0.468008801700574,0.863911995370498,0.5505015685840894,0.8984866061361119,-0.19373032948980687,0.6418764742847414,3.6913813581232464,3.633976653274777,0.7179894120998346,0.3973068857952978]],[-115269486.7001792,-115269485.77960557,[4.090501835633502,0.0,1.4238314776346994,0.8172262943630042,0.48835732664758374,0.11489577944847734,0.33119146642062236,0.7182386761301002,-0.17285234984098796,0.705375942143137,0.47337053063251533,5.366474749171308,0.3264466866538623,0.5901491110503763]],[-116160622.71366519,-116160622.48137033,[5.0215266047129035,0.0,0.0,-0.5011592153914423,0.1630115754287464,0.3142101991190961,0.7926886816955245,0.24892258117960642,0.3376613255876893,0.299828588166507,2.6774504828131507,4.383337064541854,0.6130284726739129,0.6084947319551829]],[-118739951.04001066,-118739948.575602,[5.990327131285696,0.9030854503606067,3.141592653589793,0.9841594858768572,0.6190570145044254,0.38468000286542403,0.21456276208159808,0.3527753292792446,-2.6066949599631064,0.8857074602296351,5.978654195008577,0.0,0.3846642015385707,0.4085912721442749]],[-118882204.47572236,-118882204.44369471,[3.650179139638654,1.0,0.2709828781247219,0.6169675317419434,0.37940711197424626,0.38451613209227997,0.5719246120935004,0.6696799638691505,1.7801417628219658,0.4720530065196202,4.04765843256534,2.610675869448647,0.568386922849512,0.46059434695585727]],[-122191746.83771603,-122191744.20203483,[3.9063195072483374,0.0,0.0,3.760138787270284,0.33784078411573387,0.6238375173290325,0.4154858021125661,0.3995118964258728,-0.4449747021785897,0.1,3.527859373841148,2.3364189169686016,0.512699132311238,0.581417193075872]],[-124360128.32849367,-124360068.48564214,[7.995233439766874,0.0,2.29776909999344,1.9681021339969393,0.3198065450165658,0.7631174213874453,0.36573978499425375,0.059457420604450806,-1.1670939213934812,0.3994589472533448,5.6534380101335575,5.16156913611943,0.5365904589803366,0.5864117691365938]],[-124846801.41338757,-124846785.7251938,[3.2371456526448226,0.0,0.12756073423451642,-2.3109772424253348,0.08648690349544702,0.3718338399736481,0.590294885650116,0.09764691250536178,1.0270094682844846,0.42992434361030424,3.8550578596174514,2.1764257713532653,0.3842370505288796,0.477508071924745]],[-125708591.53407228,-125708591.53407228,[7.95469434372547,0.7662206606050206,2.8807958098385544,-2.096183240727131,0.2575659612444748,0.40875828465919584,0.6380679264674596,0.5017133482764623,1.082896863840704,0.7099163223296325,3.2207129087829602,4.718232788058755,0.6094408044249617,0.4137873950641379]],[-126380638.18001567,-126380637.82921284,[4.095514876376569,1.0,1.8690391013367538,-0.9337202931100564,0.5909262497264978,0.527650281624538,0.6033053140037995,0.40517245349912107,-0.3730198616321154,0.38484616148811746,4.027120618097553,4.101878050688241,0.4056673849831637,0.38023870023298156]],[-127552646.20386703,-127552640.39360625,[7.154234801043023,1.0,2.0763338573937506,0.22937711507420905,0.5423231418800053,0.3758763610745716,0.1405007473521494,0.7694630863525449,-2.4530676544730396,0.9,1.9364860873260756,4.393808869169091,0.25739549473396556,0.4714075913506359]],[-128431967.20630443,-128431967.20630443,[7.428638611415936,0.3025652990786152,2.7648288805890524,-0.4412992212885106,0.5384523335432596,0.5457924581475484,0.3679099619309415,0.5141250419189692,1.939453000173052,0.37764474770779793,4.622200225115461,0.3362847024314011,0.49976715133248834,0.3508780393337889]],[-129342107.43589665,-129342068.1201188,[0.2412097047735653,0.31350908691491064,2.176516922234528,0.1253668254678261,0.0,0.17572657265154107,0.6429551800143215,0.14168878200591417,-1.0630215617819796,0.20548706774730763,7.241270694172851,5.383983773360201,0.26179340869160017,0.5053801470523483]],[-129415862.77351871,-129415845.6475308,[6.348072473219389,1.0,0.7934564824945122,1.3210034838474254,0.6165470629508453,0.8713382470488735,0.1306513067286314,0.21938328383493327,2.5185452927121545,0.2624770319816372,3.60172315015736,1.7591212295373997,0.4532705914692926,0.5842981378151879]],[-129481862.21649705,-129481824.15587795,[4.135863328112546,0.0,1.2833373541370376,2.871437167945833,0.19101128973754872,0.27154380152530333,0.2613050198949809,0.22120933793420533,-1.6387629846167293,0.718269440422353,5.381954079371014,8.276051730155347,0.5650664082825313,0.5912065777843406]],[-132508869.30503556,-132508864.94538164,[5.067213641872683,0.0,0.0,-0.35666662287665596,0.5669966569008916,0.5744918670769017,0.8287689420159154,0.3886412922468873,0.27289430220961025,0.2697903283108601,5.383615744722382,3.1992066367344583,0.4306513206890856,0.34538917250989776]],[-132955067.06361358,-132955063.70664781,[3.0509663036886225,1.0,1.6907281568345476,-0.7961081695425927,0.6188437131146299,0.2484659086574308,0.0,0.5358091410836405,0.644913728429399,0.6576831622538721,4.112560136995992,6.657127594186771,0.3954646904146243,0.6145972104985588]],[-133383668.757417,-133383659.39302081,[8.329226304946868,0.7579577069775233,2.507141654156804,-0.09002860098759911,0.3196822661921888,0.4166370632415866,0.7663483551261486,0.3923086280152838,3.3481837033874875,0.3523676071378715,3.059126822692797,4.765276515250131,0.4122900691516088,0.5610016441254523]],[-135252042.20307195,-135252042.20307195,[5.189059406286633,0.5059469948553773,2.142159759009406,-3.022596894231337,0.4361548191180434,0.34287142497837075,0.661867369407199,0.797536758922327,0.033743994503169186,0.6307051034510885,3.87858452191318,5.365470345077926,0.5547854571010344,0.6031440638021217]],[-136662526.18222663,-136662519.43396318,[7.171277273664961,0.0,3.141592653589793,1.4459561661957627,0.30647906415479664,0.8705197538615455,0.46593986964290396,0.23575676482355784,1.9458481865094508,0.7140148212127889,1.908587436425211,2.5755721700997523,0.632681580899522,0.5152598081896433]],[-140593187.02018175,-140593183.23231077,[2.630675909384924,0.37063268583341935,0.0,1.5438839094614094,0.5691588799047598,0.751196083540988,1.0,1.0,1.4963441154382624,0.5461195828257829,3.264479928214825,4.839936395720483,0.5931236032230985,0.5036796301022101]],[-141909035.9842698,-141909032.85805976,[11.002977854391549,1.0,0.0,-0.33102683629010976,0.0,0.4439834755325536,0.0,0.3864478461913096,0.2801326033034842,0.4040110765332925,1.2602017674238888,3.086603490817023,0.26194603083916723,0.47967415670754554]],[-142824911.0583083,-142824911.02608192,[6.788110201168594,0.0,3.0448189005849504,3.5022905640010036,0.4166410607299235,0.537729980018611,0.5784465829635789,0.5299290524932393,-0.08582803870850653,0.649374535433234,3.499606704429506,5.31887994451413,0.5467087693867153,0.6567221020813407]],[-143252286.6322754,-143252268.6595044,[1.569811778903877,0.0,0.0,-1.9631017805537798,0.15628975682979485,0.3505113212257213,0.0,0.10831230557186666,0.7549213764520892,0.6042360282832973,4.173709005773225,6.475899240854188,0.4773802660444856,0.43214688159570885]],[-145148989.4849117,-145148989.4827569,[4.33006700121919,0.0,0.18715521736867413,-0.42471861668427646,0.034303244188381654,0.3380798670989156,0.3469990433922749,0.3473279408877722,0.12633671411293498,0.7004204595277915,3.745255958092181,3.9514382609509076,0.3432758005688701,0.6283551153125232]],[-146721556.6464255,-146721556.13969338,[5.668544131237859,0.7068219319284361,1.0048851516775184,-4.0,0.6277736634942706,0.5017764091523607,0.5951903795816297,0.4063971757306895,-0.1851095691544672,0.5349788461220766,3.802301472641934,4.708759485703593,0.510330056184849,0.5047222413550557]],[-148326107.27142483,-148326090.19089139,[1.150263217149992,0.0,1.7416128797707198,-2.2306441752747594,0.35953598936247033,0.2746287166578367,0.4255207060177726,0.4267633256821337,-2.258266437339553,0.5050131033529233,4.222339596287156,4.111590914726372,0.6167335479700238,0.6711312237597472]],[-150274523.9540258,-150274523.95341408,[4.700429585096916,0.6460265684753885,2.0490601705157827,0.06668302545318947,0.5248538765808163,0.5479212421641565,0.5828734780517152,0.2655901615109655,-0.1263500840694558,0.48957624832579766,6.025801826787052,5.574307349941881,0.5518119233738339,0.44534950102941084]],[-150857386.70419002,-150857386.15074515,[1.2912201254783078,1.0,1.5356898264804784,1.2583294408287784,0.7451227610832563,0.408607865211409,0.3753880063466358,0.8589427544507049,0.6504078888269366,0.5145145962537478,7.04950935851951,4.345442769101971,0.39848485907892317,0.4351397527999567]],[-150993414.26940367,-150993414.16219705,[0.5627032560424823,1.0,1.2077075241763051,-0.6978583776055962,0.7079709131059674,0.3027198016415893,0.7381610136705941,0.2965475343945302,-0.3885909494790395,0.3526947935579188,5.6142152186096705,5.504348320294841,0.45597605138520475,0.5241853729142865]],[-151535472.37483376,-151535472.37483376,[3.4024467434289476,0.6995603392158609,3.110000795284617,1.3404702081662099,0.1116657787261866,0.927012244165758,0.5193743899779578,0.6523559558093157,0.5479774217575257,0.7592578065313287,3.37445825632178,0.7005513462665824,0.46762676834181666,0.49155165724734984]],[-152457326.279163,-152457326.15213668,[2.587172899474429,0.03098684825260356,1.7319869693271124,-2.738915960561334,0.6616766488616256,0.5918310313777359,0.7314725193619318,0.2805626576790844,-0.5194092794225956,0.27853681313557044,5.000834864969624,5.5755283816623855,0.4920500923089053,0.47353391997707717]],[-153089296.1538652,-153089295.3479309,[2.3435505489993242,1.0,2.984467791862259,-0.33102225250298034,0.28602905874418705,0.4721475115321761,0.6783881900168298,0.8028560184280054,1.0219193989959376,0.2929207422576543,2.321419613763226,8.333198388246728,0.4819276472882977,0.6393341068957207]],[-154132854.16369823,-154132838.1355101,[7.509791275057053,0.0,1.4437209869249201,1.0810941141751529,0.15964000052673288,0.8483067599673941,0.8659560003645339,0.10366038909037029,-2.530997035076435,0.8301438342460352,3.0148135514957097,1.4131638644538116,0.4562428176085574,0.46473843792257363]],[-163017370.88169906,-163017356.01589274,[6.776268673256338,1.0,0.6584630937637357,2.3132832423187595,0.8462525981309879,0.43465690706081794,0.012119065357490133,0.0,-3.8474039509434297,0.2533480653412191,6.949724540948667,4.073376211455829,0.4145493057751858,0.6136924136371393]],[-164612435.23713803,-164612435.22818476,[2.1141116933410924,0.57264226281235,0.7870930737380328,2.928202195069454,0.33452359106715013,0.8246298694397461,0.13293790670380606,0.4501027339385119,-0.6140394315841922,0.6029574257070679,3.340875792914992,2.1673602408789563,0.393621756691647,0.49513429259923847]],[-164761123.0297993,-164761120.8702078,[9.936288433460302,0.12995972757170154,0.0,-0.01915880510108058,1.0,0.5184952462011952,0.46276078614240873,0.6233942883777223,-1.009869311797535,0.7946035553200375,3.9659930656604705,5.656305089747676,0.4687023819659115,0.42588085467461045]],[-166924795.08984485,-166924794.04167652,[9.348546942859432,0.0,3.141592653589793,0.04464873409374708,0.6638675107252907,0.6438134662394981,0.8394149001459108,0.7529729097744493,1.731390498520175,0.1,1.3968734796847717,0.0,0.3947186923049904,0.43236413097861615]],[-167981021.79533535,-167981021.61410952,[3.762572899326905,1.0,1.6846107761924314,1.3915276524245606,0.23592819713555374,0.9274410287861159,0.5746034759225294,0.5537890466492104,-2.4255133139342555,0.727236698746782,3.4926761721231125,2.440062175818287,0.33015908079202155,0.6049183669091149]],[-169831364.0144652,-169831355.3367635,[6.912595196119726,0.17393380449626433,0.0,-0.42958843086715726,0.49947399466979364,0.6440292415815413,0.5490256889065223,0.609519626141879,0.9050057310618911,0.36112033096641893,4.888560340454601,0.0,0.4657691771176542,0.47198551743284733]],[-172688503.79093647,-172688503.36705643,[0.8595800980879078,0.07975266873283737,0.7675828993295399,-0.6622682334988701,0.43477671789908073,0.4360684245554528,0.8601840410696127,0.4309216424017465,-0.35341541623092154,0.27192205029752536,1.025637191735476,1.2956286488129503,0.45435763568372634,0.4913626289651331]],[-175230734.78756228,-175230734.77279425,[12.164216034287563,0.0,1.2782971391365192,0.18858201158271548,0.26700324822086874,0.5983454171717717,0.5024445639683937,0.6335688319916548,2.5437622161194198,0.24531747282160865,5.4533028045734735,5.759510914785385,0.5734687677658716,0.5003489944438394]],[-182896820.36662197,-182896789.32436776,[2.7386370265880204,0.0944667802750842,0.0,-0.5933952524319188,0.7223183383196636,0.6434534845604207,0.0,0.39142794604236714,0.1929254813145587,0.1,5.549228142906114,3.713459676395735,0.5709299434761964,0.4346384051772457]],[-183961543.33790615,-183961540.73821694,[2.0602779456745353,1.0,0.5610657015836868,2.6576884726520893,0.21317380235430022,0.5827410819383929,0.5751008224615426,0.4068501617777176,0.8532710239020349,0.9,1.823832085738692,3.973737231325712,0.41669318078203826,0.5368805374988112]],[-186168734.9699381,-186168734.91124606,[4.675137522525239,1.0,1.9579780756536818,-0.9517995174969265,0.35281597347721716,0.6021127227903789,0.43462680198999054,0.6488491012710429,0.1473983414440224,0.6447276943125357,4.840913258908153,3.477251374330297,0.3490977456865656,0.5313234415604824]],[-187086880.97983518,-187086880.8624388,[6.711377994987693,0.4273484925933993,3.07555216543392,0.11865562411614022,0.7662594698371532,0.5621429779191228,0.7930577764727123,0.3849880047741224,2.279730599186029,0.6693954881305576,6.205034858271855,4.470810735277202,0.5973913917083128,0.5416494254096074]],[-187675818.45685396,-187675817.98089325,[7.966099683601325,0.9272928267278486,2.99262184789158,0.687188507665447,0.2936037022543631,0.6397095838845263,0.16560751650536826,0.715071521060952,-0.7754538849719048,0.4176750821605563,0.029078034374570016,7.450609222211538,0.508379397626961,0.5611837693842229]],[-188355531.26679125,-188355530.43040168,[6.586852199045352,0.0,0.0,-0.7855603048364432,0.7047537579326146,0.5301688442084426,0.5754310016812371,0.4462004792926961,-2.2955328424722707,0.9,5.406722348800445,5.421697028675554,0.6085575132204396,0.5294762610787329]],[-197732084.78518948,-197732084.6697073,[4.195516521385183,0.0,1.3244173231214866,0.8911576870496956,0.3572741205262976,0.6921877538224515,0.6822110661735541,0.6918606123272781,1.5859591602394805,0.7763317270416448,1.2230568651770661,4.8720736679102625,0.5336255656035109,0.41596944899782784]],[-207088921.65789142,-207088920.97848403,[7.127912620613989,0.0,0.09134818674566936,-0.2634695329710294,0.23203722954533818,0.5533198827321342,0.8684897024554954,0.8343857861477487,-1.3942348694500666,0.9,2.226998058656478,4.592090437585202,0.5010664621291943,0.6124091212325733]],[-216010807.04037225,-216010765.59095776,[6.210285248364295,0.009396086355786981,2.8418913586296615,-2.3484320194750086,0.19184339641488662,0.7262892442288735,0.0,0.10467930689353078,-1.627881688434944,0.42337190335366304,4.392869267288149,4.4125939365992615,0.5831975355523219,0.5191723356194662]],[-220196101.68153453,-220196101.4651221,[2.1009397667342617,1.0,2.837112358069172,0.5083883736945404,0.337240169156226,0.6535285655938001,0.3376143345791028,0.7599259004189762,1.2329460252660809,0.23186898654406202,3.939532661192603,3.2149897307095685,0.48585198721244693,0.7166019767792512]],[-221326455.47173357,-221326454.02684426,[2.3626087593621476,1.0,1.318168163501886,0.15740792787519856,0.04408838766287887,0.7020361322725751,0.6336535538656325,0.7150716043529077,-0.4234816482878615,0.7075314887928507,6.566384700253603,6.531199488438418,0.521763743160399,0.5044350283451734]],[-222949660.09203076,-222949660.09203076,[1.2537661498400943,0.8910462655557777,1.4797203917056374,2.1351353854955843,0.70136654283584,0.65075973853214,0.5245299821513485,0.7357515339382439,0.367138621376311,0.5086641145045108,1.014432822265681,1.3947409080611832,0.39444948057569257,0.5521424486734114]],[-225489096.6916877,-225489095.93324888,[6.152100289215718,1.0,1.4604959106833246,0.12138885923307124,0.30191957277389414,0.6772147159491808,0.33869631049039584,0.7827397407690764,1.9234189741174625,0.1,2.7832960490884626,2.7238293733735093,0.540897589986889,0.6126239488899049]],[-228183780.18782777,-228183779.17805958,[1.396821331523456,0.4277975057393695,0.0,3.604530621691536,0.52123301738297,0.5575028126988416,0.2510824069359087,0.8700602706873377,1.6300773673504283,0.6831993737529685,5.061751180946238,5.375224616930921,0.49201936989340633,0.6390982203201155]],[-245224726.4743184,-245224726.47344744,[1.127655042947338,0.597260687345202,0.22760120772482662,-0.6946268746822825,0.011463137973153514,0.8159633219949753,0.7275674651877546,0.5872214984673008,0.8000224315122765,0.3167055287694434,7.984681359698504,5.890716794760716,0.647293061072917,0.49554295071216353]],[-248423672.7789613,-248423672.7789613,[9.05900596837131,0.082051245439833,1.1944470698999377,-0.8358512908912065,0.3458440772149871,0.8200409601247081,0.39076724793698486,0.305256703411432,0.9084197715441231,0.668291064105236,0.7762727639586813,3.8583576082209743,0.36985512621872463,0.46154130004293886]],[-248795826.19040805,-248795826.11475492,[9.971200523448045,0.8318229862387074,3.141592653589793,-0.38346068362063557,0.3227594114823348,0.7363461823192533,0.6989634678150405,0.7531268038488146,0.4083566232285496,0.856655156970096,0.0,8.036831184035726,0.6948256433694484,0.5079186552562688]],[-254419467.0458892,-254419459.6212904,[4.639129658628957,0.4813264293786518,2.846258311590703,0.3072460399759654,0.7564003542739952,0.7703875606333832,0.0,0.0531236935423709,-2.7245628708063383,0.4512743518803273,6.864947075804667,4.009194149640851,0.19861724270333847,0.535438581990473]],[-260450124.52464652,-260450124.52464652,[5.156063980789821,0.3867034090393834,2.078501451409516,-0.8431150817279273,0.47491441690864716,0.8409040216733217,0.2570786093749281,0.5381787656849912,-0.49122712771406585,0.3242739582638997,3.9651312807782255,1.7855299525375563,0.4274032227174842,0.4628880808087245]],[-261875321.48207656,-261875261.05764914,[7.314802627880942,1.0,2.282381962323135,0.6186770071631231,0.7748477867999106,0.8552327477979114,0.8024106642575659,0.09936906629314957,-0.41060265654810274,0.16593706020259869,5.908422547880672,6.511300241514579,0.5200187350818462,0.5738543346114258]],[-274483553.1236226,-274483553.0772455,[7.492301541120966,0.0,2.4542627924526865,-1.3466316741560649,0.37421103754486307,0.8544140842510672,0.1699146241215333,0.4515931122280968,-0.37518757551405013,0.5166172583622777,0.8979903449403692,5.893405127309622,0.31867179036510773,0.45314189032579]],[-274646028.5765689,-274646016.1710918,[6.466493410519453,1.0,2.877669206064641,-2.195058073891827,0.09907127959015039,0.652419438779701,0.0,0.9553055850434642,-1.7484668625199467,0.403872967552923,4.404359605045496,3.1025231046641144,0.44535377617574134,0.5785702554760473]],[-278334514.9713278,-278334501.97752583,[0.21224544396160727,0.0,2.6768331944032955,-2.9163953405001806,0.6763296376114584,0.7026655780846197,0.5901566668934758,0.10049383049050575,-0.5878764120669175,0.5321858039078493,3.556765460028207,0.0,0.6051503041126445,0.298188647977813]],[-295249634.70574886,-295249633.70121217,[10.770114511350554,0.5049492608493434,3.141592653589793,-4.0,0.6482822654775791,0.9043971971557172,0.7670773744169073,0.48029064300868396,-0.7046178037700224,0.5283029544270065,4.124833098102532,0.11253796089521506,0.29687368250268803,0.5690936623597631]],[-300525250.3195225,-300525250.30884695,[2.8553941110399697,0.41100273083056427,1.0172783744967537,0.40810620121796504,0.4978907956880286,1.0,0.5710170412944904,0.5047232276781353,1.987749087710584,0.3603782656153673,2.4833500122968153,7.676326830220526,0.42181113245596547,0.3577734851273241]],[-306942662.4124775,-306942662.375728,[5.703874693789871,1.0,1.0545443482955608,0.5050002285302881,0.0,0.918394213795463,0.6501053537396271,0.5901688480976854,-0.7554722339556353,0.5667384692067612,7.337739081691874,3.6230985814981054,0.48346542752587696,0.6130060761671233]],[-326507699.0567258,-326507672.80026746,[0.0,0.7836688341900477,3.141592653589793,0.5333377749603381,0.767305347370025,0.7667036628863669,0.39327860819678545,0.40215473976759974,-3.568304388900477,0.4319044955841323,4.61459761299623,4.849011797516468,0.6576171586843385,0.46123043586630563]],[-343978412.43756443,-343978411.6148788,[0.3648792566773569,0.0,1.4254333024921249,-2.59244979339555,0.09460967138260373,0.9995707653851302,0.7388757283906993,0.423912258678986,-1.0791853319523796,0.11493693992295317,4.948540043903227,1.1277900493568125,0.571816653442494,0.26191812084855526]],[-346003691.9706234,-346003691.4092517,[1.2921416534732169,1.0,2.445462366495836,-1.822907432571966,0.5627852809178708,1.0,0.6413609473120914,0.3874997854384478,2.265239142750161,0.5851621390960433,1.889074811440512,6.293725973645467,0.6400624906148675,0.4338634934982021]],[-384488174.3351338,-384488173.94106615,[3.7933890499929626,1.0,3.141592653589793,-1.4958372990231594,0.05727637921964118,0.8361722819129803,0.26155535866914387,0.6920134220923154,1.5399125195474532,0.4271885672096748,1.81503347234477,8.767980292770076,0.6825133214935075,0.5656995366612703]],[-410192815.257804,-410192812.11765707,[0.0,1.0,0.0,-1.1233129888283808,0.6229293836752806,0.6521116471463659,0.3448749392405887,0.7318565740195746,0.9312223422792569,0.45652082558674145,4.111120939685108,2.365064465077076,0.7430191574906098,0.6639286333225096]]],[6.5908301835861005,0.701440087018005,1.920993610307647,0.18757323216982977,0.4219260942601375,0.18511736167247292,0.46747098379163643,0.5467133739065989,-0.635428572777013,0.34842140086588363,4.297342524299605,3.9049843212296396,0.5205300426451142,0.46539670684924017],[26.083119075004916,3.6081801800671127,9.159252175019013,9.004625131481642,0.24640837682057398,0.28597276930503185,0.24684073527923875,0.247779291745346,9.165093411416642,0.24270417972728853,15.10099076075274,16.991449154691512,0.03812470119771099,0.03836293927684773],[[26.083119075004916,0.03813120865699851,0.36078943660732404,0.16284166855980736,-0.046085601931964676,-0.25999415741224347,-0.1525605856371098,0.12188794240772843,-0.37124510817392026,-0.06128425390438908,1.0084237953464414,-1.4755961454121318,0.01136100534358287,-0.05599200941683742],[0.03813120865699851,3.6081801800671127,0.09112451662618318,-0.013808312024320103,-0.024119403006940505,-0.03912771674636114,0.007748865623707426,-0.007386361086109936,-0.10708382361773794,-0.027523813617075902,0.01469778885770048,0.0863646591326192,-0.00025446017383871244,-0.006674409245517188],[0.36078943660732404,0.09112451662618318,9.159252175019013,-0.010853634008156776,-0.061641833881225995,-0.07423535276871016,-0.005378274422181576,0.024385056928248446,-0.10839300962731871,-0.011081014202684763,0.1163556022607343,-0.2485809717712897,0.008190309852411181,-0.0055040160419553815],[0.16284166855980736,-0.013808312024320103,-0.010853634008156776,9.004625131481642,0.03924274588928602,0.03435428727583619,-0.050520070622396634,-0.020121687206425327,-0.15591572175210303,-0.03022578206974777,-0.25288680429359,0.03179773405187319,-0.012914740901784655,-0.005310638082290535],[-0.046085601931964676,-0.024119403006940505,-0.061641833881225995,0.03924274588928602,0.24640837682057398,0.016826843091143216,-0.006221737706644726,-0.0029674179661292226,0.05737967713930882,0.005405581978381693,-0.02982308750048277,0.015474751733569572,-0.000793435707640659,0.0015091382920971155],[-0.25999415741224347,-0.03912771674636114,-0.07423535276871016,0.03435428727583619,0.016826843091143216,0.28597276930503185,0.0027510575570763893,-0.009641672153942401,0.14458302571692705,0.023544347565702745,-0.06803001940988318,0.004126903514975528,-0.0005491693986057739,0.0049412022359139945],[-0.1525605856371098,0.007748865623707426,-0.005378274422181576,-0.050520070622396634,-0.006221737706644726,0.0027510575570763893,0.24684073527923875,0.00447886301013605,-0.0020957341840456634,-0.002619634590674362,0.014341036152840714,0.1184997347822788,-0.0003817431483716202,0.0027334619234025115],[0.12188794240772843,-0.007386361086109936,0.024385056928248446,-0.020121687206425327,-0.0029674179661292226,-0.009641672153942401,0.00447886301013605,0.247779291745346,-0.020398324701459244,-0.0018819804841223448,0.016367798790906527,-0.04586540791166534,0.0009812370372823715,0.0004461802166430935],[-0.37124510817392026,-0.10708382361773794,-0.10839300962731871,-0.15591572175210303,0.05737967713930882,0.14458302571692705,-0.0020957341840456634,-0.020398324701459244,9.165093411416642,0.042558352845042245,0.09094599297896284,0.33059297111623354,0.022486188658025,0.017339890671135318],[-0.06128425390438908,-0.027523813617075902,-0.011081014202684763,-0.03022578206974777,0.005405581978381693,0.023544347565702745,-0.002619634590674362,-0.0018819804841223448,0.042558352845042245,0.24270417972728853,-0.009156696274409884,-0.026651195289759694,0.0008722144133532235,0.003024846414627198],[1.0084237953464414,0.01469778885770048,0.1163556022607343,-0.25288680429359,-0.02982308750048277,-0.06803001940988318,0.014341036152840714,0.016367798790906527,0.09094599297896284,-0.009156696274409884,15.10099076075274,0.43765891802933715,0.01116579646085791,-0.00940181601206725],[-1.4755961454121318,0.0863646591326192,-0.2485809717712897,0.03179773405187319,0.015474751733569572,0.004126903514975528,0.1184997347822788,-0.04586540791166534,0.33059297111623354,-0.026651195289759694,0.43765891802933715,16.991449154691512,0.007350394267690669,0.027197097527709355],[0.01136100534358287,-0.00025446017383871244,0.008190309852411181,-0.012914740901784655,-0.000793435707640659,-0.0005491693986057739,-0.0003817431483716202,0.0009812370372823715,0.022486188658025,0.0008722144133532235,0.01116579646085791,0.007350394267690669,0.03812470119771099,-9.43149705805012e-05],[-0.05599200941683742,-0.006674409245517188,-0.0055040160419553815,-0.005310638082290535,0.0015091382920971155,0.0049412022359139945,0.0027334619234025115,0.0004461802166430935,0.017339890671135318,0.003024846414627198,-0.00940181601206725,0.027197097527709355,-9.43149705805012e-05,0.03836293927684773]],0.64283110595908,[[0.0],[0.0],[0.0],[0.0],[0.0],[0.0],[0.0],[0.0],[0.0],[0.0],[0.0],[0.0],[0.0],[0.0]],[[2.4099502001451065],[0.7629044618262554],[0.8443395844203279],[0.4735914546103394],[-1.1827423612226657],[-4.770160165989645],[-0.4927823845104069],[0.7076613579325413],[-1.6043522767148914],[-2.296265679957833],[0.5630556008908386],[-0.17992418080835776],[0.7775245417780691],[-1.3105140654668654]],1,100,-50645191.21896025,-50645190.18748236,[8.976486551766904,1.0,3.141592653589793,0.19686440858727555,0.16942130759779422,0.0,0.3187905837317344,0.7126895511910227,-1.8504739777289814,0.27653622118280974,3.593288812128803,0.0,0.4680162853651839,0.35270043077843616]]
