["generation","mean","variance","covariance","_sigma","_p_c","_p_sigma","iteration","num_evaluations","best_score","best_evaluation","best_solution"]
[[[-38294336.87340736,-38294323.565850794,[9.35744200380866,0.0,0.0,-2.797033248020257,0.5833704683586485,0.004454653626129068,0.7042506948197365,0.5634969120693973,-2.033002931050355,0.1221938408163401,1.316934728145975,7.282232303016995,0.5434141196361439,0.2729274414001161]],[-59592891.68812021,-59592891.47270799,[8.783182347846987,1.0,0.8981066063769254,0.20127300447942087,0.5837111182122581,0.16444558880820398,0.6099128736407612,0.4502004491844613,0.4301100739952385,0.482092333604925,3.5169532849936935,1.2848185958474825,0.5109761704197041,0.2899492801821796]],[-71097765.37930103,-71097764.25099987,[2.5418919521074392,1.0,3.141592653589793,0.4319409352682363,0.33782426095455587,0.0,0.4993769974392445,0.22360270157799284,0.3969955675625677,0.6364296816771682,4.864461963645824,3.4288025746959017,0.6092335495153578,0.36611861478307506]],[-77268513.36093307,-77268513.24199194,[5.0198589852345785,0.002185993628582017,0.864733910015513,0.20289471164382242,0.5358539936036274,0.0,0.783498385142751,0.5959720362478916,-1.409971686122052,0.6946221465515057,2.2581326448774695,7.661480018869043,0.3882859979838785,0.4377820331427545]],[-79367528.56115107,-79367526.01960659,[5.34301814615973,1.0,0.0,-0.800333297980858,0.4815775778207792,0.14277236243734792,0.6300374373332056,0.4522464684228117,-0.06971171209643023,0.1244313024547411,3.9600520112627944,0.43557492213532045,0.4973906938619529,0.5090962310894285]],[-80580715.62174751,-80580712.21860904,[6.5039057535339335,0.0,2.1088754882901286,2.947418082861023,0.8542330960713477,0.186958350346409,0.3900025675767121,0.01550669334467103,2.202503653287799,0.48286863783343864,0.0,6.380257831256251,0.44058835573203303,0.43264639182281805]],[-81066711.34307502,-81066710.66237909,[5.204270174191527,0.4222632645834417,0.5588522692711422,1.2442719485504221,0.5073576121294769,0.0,0.9843686046449222,0.45676404279484845,0.938108478669454,0.12499497394831927,1.3281890505210852,4.5590294563679326,0.5408304351057619,0.587408719934984]],[-81241853.30532409,-81241842.0841397,[7.7342853791470665,0.0,0.0,1.2636649635759247,0.3172702235096879,0.7163303705675554,0.0,0.9484022768346541,-2.165171566107763,0.5298290387744286,2.0288841868957963,3.0085352953291555,0.30010797083422935,0.3048914368576088]],[-83792340.39072406,-83792340.39072406,[6.927325141967778,0.3961085122693223,2.0755308427583343,0.9095190723510366,0.1810134515153642,0.1607050512892242,0.5723417995676201,0.7420193302540735,-0.12086695483273616,0.11537438090498608,1.4943947650281868,3.2605479445676133,0.546250236414412,0.546732271419139]],[-86941049.62985283,-86941049.62894762,[1.4530312520343824,0.25491639786190934,1.9013493061484281,-2.0991780951382344,0.7374768534681867,0.13915241602876022,0.6958175659298407,0.6564826467584135,-0.4268293024407934,0.23640665198268956,4.064537133012936,4.349371525257926,0.46596209817570566,0.528478980241981]],[-88675392.49726291,-88675366.53738415,[5.61103404404567,0.222590158899294,0.0,1.2184217270747222,0.28632036281426443,0.5343357015721475,0.4447242872711374,0.3555042938833962,1.8837979407782757,0.1,4.848721570601783,3.1518206469456587,0.46550938573250844,0.36042581567670123]],[-89725135.44775312,-89725115.54754859,[3.2814551028460537,0.4295569150199182,2.6696122647000085,-1.6352279968316987,0.8742490760382127,0.368081305356924,0.3281253645310999,0.24903486279943798,-2.3196745583450737,0.3566277007363209,6.9557287505957195,4.295342431123083,0.542453701156315,0.342340330146667]],[-93591413.88306111,-93591413.85454035,[6.723718504850967,0.39393138443245834,0.9757007462162107,0.13286239098175173,0.8028219778224798,0.350769318973321,0.682664301031372,0.27636292485191116,1.3012329298146526,0.1,2.8183395543675624,3.282509980642245,0.4360878226579376,0.45281176455720684]],[-95615473.31801945,-95615473.31801945,[11.340556203629632,0.6925872683185161,0.12240134037707273,2.730628403231549,0.38040008361912947,0.09832634606195723,0.5283682555491006,0.6521880346958068,2.2798332299848623,0.30581640341251537,6.164268980778986,2.068466655162683,0.5759409093957195,0.6278245344304909]],[-95708220.31449413,-95708220.14530313,[2.9285113747901566,0.0,2.3238085010590632,0.1057233720649334,0.42518204337798654,0.16572844795891162,0.4323186913214413,0.7479376152266537,-1.158975337328662,0.7079161457136299,1.8632857094878363,3.147974643814182,0.44545550119488675,0.4020620769857558]],[-96505371.79658529,-96505364.65219241,[4.322618121904417,1.0,0.0,1.3982574509105214,0.20958209323149435,0.15792450971554456,0.240336785219619,0.2102897231042377,-1.5911550466132596,0.2777206307438133,3.293395493126189,2.2360048436928075,0.532230872936121,0.6073054077950867]],[-97383730.32344604,-97383730.13372976,[3.96590756425645,0.5639246642909448,2.493654933599087,-0.874600449606969,0.6070187438630339,0.2699094783917313,0.8188137580796317,0.5704486867825452,-1.1189957358514957,0.5652858077292557,4.7177230658083795,2.129191509669994,0.5150510516451312,0.4532005664293033]],[-97403122.48440005,-97403116.22605443,[7.431131957865206,0.23869553041051805,0.37806450619476584,3.3226607914961375,0.8354193385423975,0.5001653826181229,0.3825280146475848,0.38871103481123276,2.967358094320355,0.22119886812047862,2.338956669638671,4.286879472502062,0.6932278105860591,0.5137608244791325]],[-99164370.02224092,-99164370.00447166,[6.8575977236711445,0.0,2.1331190496848746,1.0362908497383971,0.48629300512829415,0.32553413589011193,0.8476293978555858,0.6167651569745156,1.8941652497279533,0.4677026967790395,4.918976439403397,0.8692402896836882,0.618907028867155,0.4000920294457625]],[-100656676.25105847,-100656675.69024193,[2.7383570684196017,1.0,2.0279097087854874,-0.2813792677554957,0.4020109026646201,0.2759460445694994,0.5669279145569687,0.4053297259459209,1.204791739421373,0.9,0.0,1.9966702126753741,0.3714101100190293,0.3342637221572582]],[-102095867.50842655,-102095867.50842655,[2.5665869232198943,0.9097752388467506,1.1546396952600582,-0.02650792684409275,0.34051580822160865,0.03520659077970323,0.6570122771964131,0.6404772820657296,1.6109917206543538,0.5527670002548172,4.924840346671298,5.914175640775294,0.5346537716551935,0.6172608114151399]],[-108117037.01016636,-108117036.48881108,[8.137559326433834,0.0,1.1521056861717038,3.4707422951349702,0.5913310898094754,0.22337897818108665,0.2538372882322341,0.7444030213739106,-2.014240853926385,0.5688133475940856,3.6452217280729537,4.384448143154158,0.5734868798542128,0.5767928865614329]],[-108644473.7581268,-108644472.87544578,[2.250837905019833,0.30524197966225997,0.0,1.7164242105466563,0.329871505956944,0.09835846756077798,0.5065713905835004,0.4282554931138863,-0.18694397298762297,0.8541642341783224,4.78339138509666,2.478238004235349,0.5436633547702573,0.4730570324613853]],[-108719940.9331593,-108719940.61211139,[3.796761689390255,0.138080193506199,3.141592653589793,2.3152799775589443,0.4265447528773331,0.5300674398896157,0.24761894834635545,0.75438272712642,-0.3499482986546556,0.5253741863097451,2.014579522166011,1.8155136291704292,0.4699191896347726,0.43778480621068283]],[-109022625.64591993,-109022625.29779863,[3.413910205115648,0.5848793871257758,0.0,-0.34866258642841286,0.5882504858631628,0.46393697236328146,0.2046503770470987,0.43949413414597505,-1.0144891742532696,0.5684063064541812,1.418032178540618,3.032994075286727,0.6125682139411195,0.24388159498858408]],[-109586991.93002315,-109586991.32911426,[8.816888071848739,0.0,1.253672559034082,2.2502696099064403,0.7477629478439682,0.34176466324571453,0.7792007816926243,0.4378886563355032,0.06935885561572097,0.7751665147432634,0.683508967937954,4.945118696003046,0.32585679311001725,0.4860520487103912]],[-109654643.12312393,-109654641.73657155,[3.572209896880479,1.0,3.141592653589793,-0.3777473926027459,0.7618191642990345,0.11449517441141327,0.16727760774873968,0.5314130126939336,0.38604577734481826,0.5512542182073996,2.528136923835082,3.8103067575585685,0.5558391315332004,0.6012106390399274]],[-110773189.46580261,-110773189.40776551,[3.020993027884007,0.0,0.0,-0.14128764871971825,0.4740114836402953,0.33406099882648477,0.4236503157373269,0.3574376419100519,-0.1938408790916343,0.3599680430228589,4.479199213788897,1.9454963378517038,0.5694962239672657,0.4949182908556621]],[-110965315.47113848,-110965314.9976958,[3.8193097546211914,0.0,2.3750091583446986,-1.4255737286997803,0.2272468388388163,0.34588621421580046,0.8105512890073192,0.3353210506669784,-1.228489960730141,0.4234182244349848,6.769866986106958,6.856234769681478,0.5542288901764394,0.5234496660696397]],[-111552715.40579845,-111552666.6295895,[1.7988837937102309,0.8430489555483301,0.0,-0.48507971403024036,0.18570443582266483,0.07331064633001633,0.7678764073948945,0.0643551262274587,-1.0873945363722675,0.5641587549774699,4.186428671220795,5.453749457652448,0.5515672281871403,0.6422464080520888]],[-111651787.43738791,-111651766.48236424,[2.3240332605911944,0.0,0.5758620380064707,-0.7410693941304155,0.4179090246667248,0.4632728179228641,0.0,0.0,0.21667971392405913,0.1,4.524365868666493,3.4942680426967687,0.48593526672648274,0.33685902737092405]],[-112097727.19319217,-112097722.33011043,[5.0029699482897465,1.0,1.6977426165875074,2.21140581807909,0.5225059677618212,0.8462741285748747,0.5540859310672209,0.026363165328864957,2.2366295866304062,0.6551335377293881,2.0213944782273585,6.84550438064934,0.651601279959711,0.3685291146257535]],[-115079638.06004477,-115079638.06004477,[5.888427372490797,0.9386514884687714,2.1244577737233294,2.476695653737731,0.5352847056732574,0.2997089284868468,0.39967259336082683,0.5594606094801986,1.1161604878290863,0.5304033394623797,4.915827649882443,5.642404594179432,0.5613790747312553,0.5871960335863654]],[-119636449.68733203,-119636449.68733203,[5.458316615481886,0.5902436447585199,0.9347219952179918,1.3180236074017113,0.5598323057288533,0.6478826598194789,0.37894136142204765,0.4879671994018314,1.5513870904093072,0.6655237779708016,4.634165877707729,3.0757573682856703,0.5110367422133105,0.43583385065158603]],[-120020451.27936606,-120020451.26412868,[5.27111634367222,0.006007730970237157,1.82890294256094,-2.279679844813531,0.2924213161638985,0.3162407206872865,0.6218284320869917,0.6889677747367586,-0.21177804958148108,0.9,3.169821598675999,3.4115482692126364,0.4368001185795817,0.4673152857081033]],[-120855902.10508995,-120855901.5271762,[5.555158000148388,1.0,2.674636253119858,2.5400713665830175,0.1983582219538682,0.46427501913314867,0.8184399322744605,0.36964258797765276,0.5371085339048647,0.5736598355481612,2.7609598763017855,3.5573844657493434,0.5616264020126515,0.5603611041099218]],[-121418626.88458501,-121418625.81551975,[4.87783138776224,0.0,0.21478261530994192,-1.6247138779714838,0.4750968587288738,0.4447512012021574,0.13421205167409145,0.8043031211695625,-0.694756731453505,0.7956113850671467,6.145163727105622,2.0309679274178807,0.5482586380964873,0.28043632519625716]],[-122502838.55706438,-122502826.55216587,[5.880256701986816,0.8055103725670661,1.4339238473429696,-2.7833854926036916,0.32644753392009196,0.5034919014640074,0.47855947694702694,0.11298701686287516,0.776126938401785,0.4518119156774021,3.4094651902132402,4.731782596087751,0.47214114944299546,0.3510818492834109]],[-123136072.01573658,-123136072.01452929,[4.022375491746093,0.49027513871784956,0.8516447141981741,1.1658133049070858,1.0,0.41379621112962717,0.22877891917078985,0.501620590972422,-1.0194533651241389,0.7578169982584384,3.0669530278031325,3.485325012315398,0.6082133367664764,0.33085739270738035]],[-123757853.35962205,-123757853.32715249,[8.120540913374612,1.0,2.119162785053171,-0.5106537991613228,0.5510095728996638,0.40348823746534623,0.7797275403125419,0.6137983126938219,1.8260859268006087,0.65069811721368,2.9307271045449252,4.054195093444736,0.5690251538005211,0.41618145901023457]],[-124112926.87752207,-124112921.56960571,[7.320892025535484,0.5808492659818183,1.594809902184533,-0.2970109667923328,0.6440674628071241,0.3420004885717885,0.8108365451703061,0.14841169123562548,3.2429622295140583,0.1,2.072282860349171,6.629596389143289,0.574902700686479,0.5712585578008152]],[-124295624.7527595,-124295588.32499659,[3.4718165109906494,1.0,2.0071122702230477,-1.3499810512846269,0.2836810863986634,0.4172895234885487,1.0,0.366445857587886,2.100279943274631,0.7904857158507371,5.482828730220912,4.07965197222416,0.3405704034754877,0.39979228413119294]],[-125601685.64905193,-125601685.6269558,[7.2319125185110575,1.0,2.0123533305703245,1.5643905784400203,0.4066923328385816,0.7611723505460273,0.6808987261948617,0.26109865642634134,0.9163021285663604,0.49332633855013974,2.573765543780956,2.280118070251917,0.5195676570449301,0.5381792410736007]],[-125759381.50751919,-125759381.46082401,[3.9873397951930887,1.0,1.0545628226135084,-0.32231032605490656,0.8321580617846873,0.5145730596601178,0.4563882624524695,0.47973689644837875,1.6760410058185617,0.4583515052919771,1.0833250958396636,6.25909403581555,0.4228918011674562,0.3809900879628044]],[-126343027.50513527,-126343027.4608773,[3.9826557040516546,0.0,2.402860702448441,-1.5354391259372329,0.8514293826152015,0.4332396527701343,0.5195307255742345,0.6961323837069946,1.4163112530164288,0.40955138035900296,7.100140451780819,5.216077658962215,0.5208890140445335,0.5299302517412867]],[-127667307.32419436,-127667307.32351649,[6.678465970078213,0.29042839966479717,1.8827517228526016,-1.493376289527657,0.5057501916701501,0.3677991001066758,0.24111663871653127,0.552815681095407,-0.20188292674135883,0.18195825253525583,2.2895542313535753,4.483376457840731,0.4638516852233528,0.5896087352157485]],[-127889022.97391427,-127889022.97391427,[6.337307518969704,0.07412726270525849,1.8184951010306396,-0.1262535081932378,0.6052503777985034,0.3039193619269591,0.5641593949102589,0.44626013949273075,0.6036028754827755,0.5485832955987036,5.138698980896793,1.8258641731097027,0.5746972374467126,0.6099208686743157]],[-131193823.49328852,-131193822.59810615,[2.9939143361165783,0.5912275292340207,0.0,-0.36431107419188163,0.7212742157724447,0.5120767955277244,0.47029159889546135,0.7301084062350572,0.24299880975267427,0.6506180991586205,3.162517892913776,5.097521353092054,0.5309875029037607,0.3296106205582744]],[-131197817.49778217,-131197817.4942596,[7.319034243274307,0.38524942696565034,2.8427420182645164,-1.1642190278908915,0.5907100592363874,0.37771331868345037,0.7495893585435899,0.7445132796069949,-0.9188782982860582,0.4218209729734286,1.9756416775685284,3.7118800764389213,0.5372314928770086,0.5985521889896633]],[-131535690.34087314,-131535690.27961755,[2.845819490320301,1.0,3.023873258876991,1.418341875580034,0.6911642051866276,0.0,0.7236966530348483,0.5039491174728177,-0.5328202133868054,0.8556891811411548,1.0389703646453516,4.606469591463168,0.7073316888023722,0.6563659611878361]],[-135050495.85660124,-135050495.28219402,[8.336559051143212,0.8651750594650346,3.141592653589793,0.9302640741765844,0.1358585050219605,0.3880246198674384,0.23138903729739063,0.29715567816537214,-1.2562818997492173,0.418284675176255,2.956144947735398,6.265942883656685,0.7059796882452283,0.6205579384275398]],[-138380926.55070457,-138380925.9196329,[8.20194084175904,1.0,3.141592653589793,1.0646466238156551,0.39483261305039574,0.4263602203818066,0.6524634180871477,0.36168961926267906,-0.8423782485385314,0.37604211849402724,6.049253109630577,3.767716907467345,0.5285958407084225,0.6940148950025482]],[-139816177.3021258,-139816125.31704015,[5.25322814799129,0.0,0.8460038435244273,1.390032955281864,0.3136275987442308,0.22750543913092885,0.4164347865164352,0.14548790951657303,1.3839637157888005,0.9,7.132298388411984,2.7118684011335352,0.6071170063541915,0.6080898572755238]],[-147061726.20609123,-147061722.88353872,[6.893211195771258,1.0,0.0,-2.0434915340114705,0.15223707852144003,0.533919359218793,0.37578188410940727,0.748686332948492,0.5545406916886708,0.9,2.3796359615630918,0.0,0.4203178343675631,0.3256412582071654]],[-150112150.50698957,-150112145.58477682,[4.443555952583084,0.0,0.0,1.7628701824937711,0.07393101890859327,0.6757095466144397,0.6880919012077132,0.30839369981084686,0.8214698739498301,0.8867570231671803,5.279180388726439,2.8799984292992864,0.5966627601849943,0.522559003414249]],[-151539743.0910241,-151539743.0898167,[4.3831645985784995,0.5621344200485945,1.3215894754428983,-0.2601507665145465,0.5643832079120583,0.5119479793391986,0.5808617939147608,0.45494687650913296,3.364824432476118,0.7559869858903687,3.5823578127471207,5.455775149788813,0.4871799754560644,0.3775641798636539]],[-152364831.83340424,-152364831.8308735,[6.3912318646000434,0.5503596628535397,1.9946530424737619,1.3149638117232523,0.9300991439739466,0.5506367474684262,0.7211892231512431,0.6932282009011341,-0.45984088077181606,0.7228468894713374,3.8054268152786888,6.056421121996088,0.6352180340432787,0.6237590428833125]],[-153313111.74097463,-153313111.58588028,[5.228087900073058,0.0,3.141592653589793,0.8568905909482589,0.40641434551785943,0.6588215384471494,0.5238453325720261,0.37437106835753065,0.6902498193508241,0.9,2.8288768603298298,6.008049257117468,0.5896096082284928,0.28163750460109305]],[-155410616.08895323,-155410615.3356706,[6.430830702739863,0.0,2.128867955740669,-0.41085186306407717,0.40739555346965195,0.665173655491557,0.9517264761523239,0.6613590555684176,-0.4355631730566074,0.4436088530772545,1.648402519489954,5.281294907660579,0.46324631307527975,0.2657954304324003]],[-155831269.24868694,-155831268.87546957,[3.4848930145177572,0.0,0.0,2.587991778993828,0.12151094321430822,0.6179373017047732,0.19611437566175122,1.0,-0.675864883570008,0.5552162481219104,3.1186685228366846,0.0,0.5463269841069829,0.6425350123713871]],[-157059104.71005613,-157059067.46911806,[9.611959008013375,0.6244882418098094,1.4746589542269637,2.017688178855851,0.0807669124894913,0.8286483854870009,0.1511975364681219,0.5419373365866538,2.498802834275881,0.9,5.978597333516664,5.140602970157874,0.5994121046081949,0.5810027367174835]],[-157365636.49027568,-157365636.4299891,[2.458390873009218,0.21657559772993606,0.0,1.9739935463663876,0.07818848159404007,0.5429531906547997,0.7863330424809667,0.49151769261395106,-0.480252169929831,0.7384949951267199,2.964673730365469,2.28825750560992,0.49378307322666654,0.5494644585881444]],[-165792725.9980694,-165792658.04158902,[6.897484685201036,0.0,1.2419157538631795,-1.5085299433756973,0.3662509319993442,0.49209981293820704,0.2282528905003282,0.0,-0.63506117400735,0.6976984186473763,6.253953767535398,5.30139153109707,0.5654447719208039,0.5874991626562489]],[-165951688.4285401,-165951687.7779293,[5.109781961535912,1.0,1.3618941944664815,-2.735295240435433,0.41385174351369425,0.4612140814511463,0.7891808930388905,0.5100517579658341,2.7386019180795684,0.8046698655615697,3.5933185866512343,4.826113672334698,0.680630182473896,0.49161084728365795]],[-169779975.60617697,-169779975.2896123,[10.8673025150259,0.0,3.141592653589793,0.6726877217127399,0.567160578762565,0.4187841259232878,0.5881157629656959,0.2054583903229013,0.6355179504335491,0.6931632914898236,1.6043672374126663,0.5634721820498307,0.5614993059176994,0.7017692259226105]],[-173351003.53278574,-173351003.34141612,[6.469481487069975,1.0,0.4661974546475396,0.5765774040800314,0.20305636787047587,0.4429833213734512,0.36566112079716706,0.30608089910030783,0.6994048786896012,0.8757365013955832,2.580001036796082,5.130056378324601,0.43793409668652533,0.6237840570415834]],[-174186050.36263072,-174186049.14768493,[5.873516451998538,0.0,0.35174143279587655,-1.963052122961071,0.29520502227134293,0.6486928245425992,0.47891280182495455,0.6864936631647617,0.8640369219340325,0.1,4.429523754025414,9.0,0.5239891011483027,0.4560600309397469]],[-174819541.59275422,-174819516.3874234,[10.481341968259311,0.0,3.141592653589793,-0.23958122286877492,0.35285350127808884,0.6111439689229239,0.2917731569428451,0.4291288861578587,1.9372141325958858,0.617126568603422,4.90502535188752,1.2469102593641637,0.5457859773128125,0.4298277463499955]],[-175816158.27044448,-175816155.7307043,[3.863629061694934,0.0,1.3849423185501832,-0.22180996779035428,0.26870257775575024,0.5888898074207969,0.5057408896851334,0.21456866205067365,-1.104322107600245,0.589453445005986,3.530749488893688,4.18053364137612,0.34023267291210646,0.5582594684010764]],[-176051424.93862328,-176051424.11422896,[3.215291228819434,0.2587101798833602,1.7522270004546714,1.0918776978097762,1.0,0.5054357238753319,0.924067823423387,0.44089312884053533,0.9963879825766566,0.48836792143834257,4.147408679460601,0.0,0.49145042200020583,0.6812581304361135]],[-178756101.68763405,-178756100.5328089,[2.7351993864452178,1.0,2.1532571756063756,-2.473403116424797,0.6037210896745104,0.6540087401326787,0.9018430503468209,0.24709713942374517,-0.5255606926437738,0.5707568074189029,4.3616264781595575,7.533577886050727,0.5474112876899792,0.3888928650818154]],[-180071630.92174774,-180071630.80663443,[9.816116285136115,1.0,1.5705980082269244,0.49128538370741137,0.060718244552591505,0.6195606870305054,0.857349235734548,0.6066101659932895,0.02772724897439442,0.5465988580019248,2.540999741242084,3.2557847138102005,0.46676109533846033,0.33453537787962884]],[-180538270.14235225,-180538269.7524346,[5.155860312133878,0.0,0.5560224467668238,0.6942440094098303,1.0,0.7014014662832506,0.6401983108419268,0.9454404412715279,0.820522234261295,0.6079661149003626,0.07238991190377808,3.964655460933858,0.46068247322982164,0.29918441605153545]],[-180864570.48501888,-180864568.9607768,[7.816493051209026,0.0,2.7800187594474037,0.0041775323991659705,1.0,0.6162283062043885,0.6175395564631923,0.8542702049692251,0.4011688624369759,0.5052339444852652,3.289061246168473,6.9323087457979895,0.5737177722315117,0.4928743270377141]],[-184343568.3830777,-184343565.0910045,[5.635877866567615,0.0,3.141592653589793,-0.5167560759997248,0.5760013395094034,0.5009844506749728,0.44985353673388795,0.568913210085497,-0.8836459330259511,0.449651231538705,5.3045102330561065,3.947766354467242,0.5514596717517074,0.7574008382900483]],[-188896749.5545011,-188896738.5064757,[7.977959594030607,1.0,0.0,-0.6655423843065729,0.5983125370518955,0.6628336887721554,0.3619371331262276,0.0,1.1038813611491587,0.39284345251997205,2.357156257269191,5.151664789808094,0.5103541161936196,0.4318669631300538]],[-190195041.30609375,-190195041.2986313,[6.022308600534014,0.7557880643539014,0.07887529826117956,0.8239487703367727,0.8006483243038878,0.9946268496555934,0.7173609617686872,0.31185668447724657,0.044247971729116264,0.3205372512940615,2.097742323194161,3.592783471471913,0.47490817774005045,0.49378449279919556]],[-193414330.51472184,-193414297.43155682,[5.511091015117278,1.0,0.26193423099991775,-0.5993706516758586,0.6321359977591917,0.6659220591766392,0.34517784169510957,0.15993907937109525,-0.24604617905261483,0.7954545187604989,5.721195497839581,3.18768646439558,0.4134697949784448,0.38863735181529024]],[-195917360.4267281,-195917360.164832,[7.47371633283762,0.0,0.6948155085152166,-1.5933769209832847,0.4269228066075736,0.6472455243352331,0.2512019494380095,0.6356549930477728,0.07722328243225757,0.23749306079022497,4.742987489165547,6.6798336516741355,0.6360618575963627,0.4707923759368409]],[-196348015.349414,-196348015.09039116,[3.937244068765247,1.0,1.9592184607040284,0.9995102470817447,0.5577696742708493,0.5886815580252424,0.18740790267791957,0.39336533545514407,-1.8651827502838847,0.7510496968912022,4.7499616062234775,4.947802446067929,0.5140454409986681,0.589412013578056]],[-202512312.4851994,-202512292.28555393,[1.8721802289081904,1.0,0.0,1.1841614728041405,0.7954469684414792,0.6382989561987489,0.2530454330182821,0.004400615495274707,1.1102481919259388,0.5671664609215108,4.174111666622285,5.877204208082654,0.3985778418027895,0.522367649178114]],[-205525257.57925728,-205525257.55682462,[7.417136996398064,0.0,0.7977833548355142,-0.4173692845101832,0.5451336007558821,0.5918972664516533,0.7893890740729239,0.4977690624365129,-0.1478825373962868,0.1,1.378746145374817,2.0804529922215877,0.14579214572802318,0.6025327434829779]],[-213609963.36647543,-213609908.2242775,[2.998069403609703,0.6210961059157067,3.141592653589793,0.25049643837167673,0.37255142233875604,0.7047253924976112,0.9178676906905856,0.21319224350234828,0.7662082759379245,0.411929899192651,6.98516175786393,4.724604485293627,0.42167969892879076,0.5768235685453051]],[-216049112.2473603,-216049111.24044418,[5.702711231784391,0.0,2.9477366590690806,-0.9095716561588756,0.007879503883156835,0.6568109252303042,1.0,0.49910636865854313,0.769500460193592,0.19795174731376441,2.845815514447258,7.790633463718877,0.40744014373876347,0.5057908674402405]],[-216334637.88909385,-216334637.7520318,[4.469815134261511,0.0,2.25301714832883,0.7883766175971847,0.17986010745579573,0.9048320734933857,0.5660080189545511,0.7206236988686101,-0.22269301720352325,0.558014028215349,4.75418169311253,5.164370272487047,0.5385165592209686,0.5031496762332659]],[-217308784.04296842,-217308749.70607853,[3.013110608436323,1.0,0.0,0.859116501387229,0.5246489610651134,0.5525109700748287,0.8156785683573518,0.1707771807101356,3.809230973431019,0.8712108768959932,5.7837929693539305,4.987939393339898,0.41766073807810533,0.7149250292506587]],[-221972476.6622,-221972473.50319135,[8.14224652468833,0.5485858546708134,1.8229921079670035,0.6350738538470428,0.49734848841313756,0.6608425921972488,0.9808392638398304,0.48677362874213603,-3.4801543731745497,0.3771272570353704,3.3900428553510085,1.457437862802919,0.37752447201408346,0.5603005854277494]],[-235662175.2428996,-235662169.75159252,[5.668492637247066,1.0,0.33195520339582596,0.6892661375446065,0.7394964830928832,0.8182670557441893,0.02022856767839215,0.4715192145499881,1.1833700006170753,0.4532301787046225,2.152761890037713,3.282827873473474,0.41631690004927857,0.4102969512195378]],[-236619293.27377304,-236619288.203946,[2.3021052393978643,0.0,0.0,-0.4056933649927059,0.830568018007817,0.7819456115727019,0.3874577140385381,0.941254128584261,1.1957031202724975,0.1,8.95069185742173,0.0,0.5041353861696828,0.5119261217423842]],[-247631032.70068505,-247631003.08793557,[4.951414148530879,1.0,1.0353434730948199,0.3506811806102348,0.4854602588297243,0.7413987530744459,0.343471815246455,0.10264495353664921,-1.9328187803377566,0.9,3.7355425512924687,3.53542863665549,0.4800705719625478,0.5660861510958349]],[-248106670.64711007,-248106669.8520862,[3.1302254009822534,0.0,1.6127155937224034,0.5824831485836114,0.5799297172472526,0.7787796338536046,0.9596483722190989,0.5708962303599703,-1.0070652793668113,0.32891111185968214,1.0253789439960954,3.7773305947416813,0.7265364164354836,0.5713689485650447]],[-255152490.5318784,-255152490.5188167,[8.314018669451212,0.22940786699704335,3.141592653589793,-3.720079557404584,0.23998500956773844,0.7606536664509669,0.4150456353297902,0.5805081077548253,-1.3772771614791577,0.8024222568515593,4.552581691958087,0.7012248841817357,0.4360442601987723,0.43412510109044045]],[-283183629.62999994,-283183627.7257348,[0.4948110372622674,0.6523878534800271,0.0,-1.307233376416211,0.4427701841118231,0.5484754715474939,0.6648131193709022,0.33023035722782446,2.3070352669766128,0.1880407197583051,5.324583067813463,4.615046515518671,0.3010813702914653,0.6335670217045294]],[-290748092.9253224,-290748092.77272683,[10.87518825203708,0.7793580472491791,1.8605742492660913,0.6311704040721597,0.26953531892909066,0.808746589062083,0.7876464956334817,0.8680573066483956,1.743430774116293,0.7064292015799256,2.9642739035427903,3.0868291398705336,0.31290931441639314,0.44116461347596997]],[-311113883.3650937,-311113873.59628546,[5.12732327594795,0.0,1.7454123584013301,-0.9141134631174253,0.5818566092757377,0.9654326582522488,0.12618407783179847,0.2556880725490365,-2.5638696100372065,0.1,3.1863589187773607,2.27538396421728,0.7195847125951549,0.6751599258715963]],[-338682049.6878815,-338682027.31217587,[5.449416692266314,0.09041852988193272,0.0,-1.0368730809603903,0.5121579383131076,0.9809896332681673,0.5222559131459862,0.40915948207525693,3.057312173449443,0.4262203654241462,4.612823070161393,4.098025388108404,0.6777379917085667,0.5310776068662739]],[-338899792.4647689,-338899792.17071366,[3.788248710178812,0.1625548405019263,0.057712145076550314,-1.2043623692144991,0.7795366471313034,0.9380459233398928,0.20276082599068923,0.9778910133551404,-1.041574002971307,0.893383223694215,3.398910123757532,2.57093729317138,0.5110882071909009,0.5967277148127261]],[-380444909.59733033,-380444909.1135336,[2.9162598429012245,0.0,0.26074135026170797,-0.9010568658515453,0.09251732853507949,0.9641646122739743,0.33345373923103483,0.9578240323342355,-0.4080259976652957,0.5667110283527019,5.055903060247431,2.58982801202567,0.1668273075231157,0.693523048935831]],[-405406863.1669996,-405406861.8149449,[0.0,0.5569191537825166,0.0,-0.26866124647331446,0.5348085297853121,0.7273062053000924,0.1994572706015742,0.7741098851459116,-0.7876999065276786,0.1,4.203837508376953,3.1344957078146365,0.504715866947605,0.4942187364893214]],[-595179271.7420185,-595179270.7078516,[0.0,0.7722282541797842,3.141592653589793,1.783412651927991,0.693330706335848,1.0,0.646481300545104,0.4761461332031851,2.2485109257800424,0.5704260139606201,6.2251056356629055,4.38031844388555,0.6528294759878798,0.4681405300382756]]],[5.917235546168129,0.42837050274354543,1.1309078263058303,0.20912326316051807,0.5200779553470062,0.18513970510729197,0.5639763185488389,0.47740957418548713,-0.11939514443699756,0.38379928650035033,3.0047333572231802,3.9219095727388438,0.5035373260284788,0.4219902683626113],[25.4383940930312,3.5925303277856497,9.304158057728849,9.2127569410075,0.23627708022437074,0.2837126077385113,0.2442153888724023,0.24143080735276595,8.938282162061329,0.25118955533082865,15.960358088001641,16.331246639408732,0.038259117393555246,0.043894033092601335],[[25.4383940930312,-0.1351358228198169,-0.9140504171708898,0.1651777830447121,0.03271956136112309,-0.1278367851512703,0.03967292988915641,0.05342432991998141,-0.0667160876182287,-0.15121662802960936,-1.056980956085643,0.21102386864697414,0.0008228028133494563,-0.07190119445575761],[-0.1351358228198169,3.5925303277856497,0.050311556693451456,0.0012740179280708397,-0.010064202439411148,0.003650511058415031,-0.0016634999139582725,-0.012206875048225572,0.08641126774861405,0.00803891922077418,0.18900464513573137,-0.28218982951219623,0.0055432631166250764,0.005505087341080557],[-0.9140504171708898,0.050311556693451456,9.304158057728849,0.06342973014413392,0.0058261853303729245,0.05612983844604823,-0.021548712949351415,-0.025417215225737654,0.14834746850245129,0.07877008245943266,0.38085618064987065,-0.04728690531127842,0.006565604575448287,0.01869760327923057],[0.1651777830447121,0.0012740179280708397,0.06342973014413392,9.2127569410075,-0.016509499685700722,0.018423379818832745,-0.05424725756756215,-0.03148241819427198,0.6977040215702605,0.04256118137853757,-0.18735837384103113,-0.42281824374005034,-0.0035439599857640595,0.02960154807180843],[0.03271956136112309,-0.010064202439411148,0.0058261853303729245,-0.016509499685700722,0.23627708022437074,-0.003072425386865103,0.0031432059083599286,-0.006684888993713017,0.010320013065952933,-0.0025775730664262084,-0.03475177345107189,0.057736281584577935,-0.0002689271862382465,-0.0021626138797170387],[-0.1278367851512703,0.003650511058415031,0.05612983844604823,0.018423379818832745,-0.003072425386865103,0.2837126077385113,-0.022503419708367247,0.006698354604027099,0.027800727885725903,0.01763651896731862,0.16256839894252703,-0.05906551484394521,-0.0031827494514337076,0.010086132502862766],[0.03967292988915641,-0.0016634999139582725,-0.021548712949351415,-0.05424725756756215,0.0031432059083599286,-0.022503419708367247,0.2442153888724023,-0.0009247850612062711,0.011828966980550843,-0.008940687539507898,-0.04454452048613365,0.050657415837727926,0.001745687183513485,-0.0003456130039303366],[0.05342432991998141,-0.012206875048225572,-0.025417215225737654,-0.03148241819427198,-0.006684888993713017,0.006698354604027099,-0.0009247850612062711,0.24143080735276595,-0.06600691727726164,0.0007674676821269605,-0.005614399085491088,-0.006464359078513845,-0.002448146961658609,0.0009830480296864953],[-0.0667160876182287,0.08641126774861405,0.14834746850245129,0.6977040215702605,0.010320013065952933,0.027800727885725903,0.011828966980550843,-0.06600691727726164,8.938282162061329,0.0010115208087182013,0.1285004377906726,-0.46702302257266665,0.012926392763549559,0.03150819344913751],[-0.15121662802960936,0.00803891922077418,0.07877008245943266,0.04256118137853757,-0.0025775730664262084,0.01763651896731862,-0.008940687539507898,0.0007674676821269605,0.0010115208087182013,0.25118955533082865,0.06530447612630862,0.0002733457135893933,-0.002552668869297517,0.002407868403425127],[-1.056980956085643,0.18900464513573137,0.38085618064987065,-0.18735837384103113,-0.03475177345107189,0.16256839894252703,-0.04454452048613365,-0.005614399085491088,0.1285004377906726,0.06530447612630862,15.960358088001641,-0.7931555472735761,0.0227504912115689,0.048845437207107226],[0.21102386864697414,-0.28218982951219623,-0.04728690531127842,-0.42281824374005034,0.057736281584577935,-0.05906551484394521,0.050657415837727926,-0.006464359078513845,-0.46702302257266665,0.0002733457135893933,-0.7931555472735761,16.331246639408732,-0.01049949427113956,-0.012567581372270355],[0.0008228028133494563,0.0055432631166250764,0.006565604575448287,-0.0035439599857640595,-0.0002689271862382465,-0.0031827494514337076,0.001745687183513485,-0.002448146961658609,0.012926392763549559,-0.002552668869297517,0.0227504912115689,-0.01049949427113956,0.038259117393555246,0.000437512324277186],[-0.07190119445575761,0.005505087341080557,0.01869760327923057,0.02960154807180843,-0.0021626138797170387,0.010086132502862766,-0.0003456130039303366,0.0009830480296864953,0.03150819344913751,0.002407868403425127,0.048845437207107226,-0.012567581372270355,0.000437512324277186,0.043894033092601335]],0.6431589274154456,[[0.0],[0.0],[0.0],[0.0],[0.0],[0.0],[0.0],[0.0],[0.0],[0.0],[0.0],[0.0],[0.0],[0.0]],[[1.3895210254843953],[-0.27127898852841675],[-1.0605886772411128],[0.5280017262984524],[0.3041611418130557],[-4.769821685077167],[0.9691778750624646],[-0.3422225814846203],[-0.3014530350265199],[-1.7603257446637943],[-1.884663012515003],[-0.14787408073877967],[0.13396746645663585],[-2.954425467792483]],1,100,-38294336.87340736,-38294323.565850794,[9.35744200380866,0.0,0.0,-2.797033248020257,0.5833704683586485,0.004454653626129068,0.7042506948197365,0.5634969120693973,-2.033002931050355,0.1221938408163401,1.316934728145975,7.282232303016995,0.5434141196361439,0.2729274414001161]]
