["generation","mean","variance","covariance","_sigma","_p_c","_p_sigma","iteration","num_evaluations","best_score","best_evaluation","best_solution"]
[[[-26995225.950231127,-26995225.931293786,[3.8528447615008012,0.12249250620079466,0.5189400968558353,-1.7064351298818883,0.5158072272460419,0.4071747040640861,0.22321042033563143,0.6344833127670477,-0.3188509351307578,0.1,6.282740511230059,3.0931297843616443,0.4130556836273534,0.33003969488583096]],[-29699898.256372448,-29699885.694894075,[5.225501667137977,1.0,0.0,-0.5408201317884559,0.5173910178917155,0.5012882205144046,0.3605312888171176,0.8957130029851096,-2.2312665153491316,0.2185643718330269,1.0951634551862917,3.2212999712825625,0.6037760788845414,0.3660676057929825]],[-29920380.420195073,-29920380.410760343,[4.653352075826003,0.0,1.2512209859264538,2.5256712703113937,0.30413547650665246,0.05053126489864285,0.5842781833283125,0.7624318582342912,-0.46823957025918483,0.1,4.636177591340039,6.741937671014515,0.7126156631510978,0.24485509315593423]],[-30637973.505980097,-30637973.20051515,[4.611112054163243,0.5998974580642422,1.2544520932255703,-1.9705528203159637,0.44933369290806,0.44766565205371106,0.8273766633951969,0.35534350215948984,0.08841386534490091,0.44406636033861835,2.678557475846116,5.3905261292010636,0.6114926031677539,0.33506079155433366]],[-38140430.39858464,-38140430.1106531,[7.004868723766895,0.0,0.1344246193376748,1.8634782602679247,0.9083376004461693,0.6999008186897147,0.20908658341757524,0.6299225871954552,-0.287589912368828,0.18866003020765776,3.3401531856270297,2.810951368747795,0.651409413578627,0.3103375406657032]],[-38324976.86615925,-38324965.353888094,[5.401593358785519,1.0,2.2420310659197007,1.408761535190047,0.7734319518684376,0.6716803313689529,0.4707267700171773,0.3253236990228173,1.370762728907606,0.233331660610423,6.196650034043414,3.122914865019305,0.43707227903042944,0.37499687359131684]],[-40521625.72382634,-40521625.668099284,[4.437806616394185,0.2969363463121473,3.141592653589793,1.1866033560898785,0.5887517261923765,0.4083409289898639,0.5112197351889259,0.5089371006766358,0.391615877816482,0.39805970068509366,2.98329921592624,4.979673503070164,0.29225009719644657,0.4018608125093703]],[-41587125.736892,-41587108.29514146,[4.71445259856151,0.4831352944631215,3.141592653589793,-1.5030656216436897,0.17186056307843106,0.47424969490347135,0.6279982931787569,0.013367752650392473,-2.414518340525933,0.3896570274818176,0.15707234994069008,3.091754050839275,0.4543063033685539,0.4071267517337213]],[-42219419.3421551,-42219419.3421551,[4.767038346659952,0.7615697163207159,3.072528469431597,1.0468197586346708,0.3617690040226037,0.4684920518193177,0.3194704956479463,0.49799364378445826,-0.17077988094410218,0.5303437108084744,2.2636781062123656,4.6247065962699,0.32166753021739153,0.3915805572267411]],[-46157516.04165492,-46157448.093728125,[8.821610048504926,0.6522930969557843,0.0,1.5570592543788266,0.975831842758552,0.24802836683829083,1.0,0.23062361737524306,-2.129881537152823,0.1,2.79584610865258,8.003067754612154,0.4297350986425471,0.3934343555414938]],[-46399390.76669227,-46399390.20800996,[3.1165954626932626,1.0,1.617822667892604,1.668010074687181,0.662599121767635,0.32114699603194263,0.41313019593162587,0.8814065857588308,2.115905842022041,0.41210390742827907,2.8177660103552533,2.634922247459219,0.33893397096443295,0.4207378712294457]],[-46478742.007211976,-46478738.898017645,[4.523680066471917,1.0,0.0,-0.9404682225291796,0.6500820176577774,0.5491708239680089,0.7869240781831475,0.798122854403523,0.8321862126843724,0.1,6.700567081999624,6.868412151706012,0.5303523653889517,0.3411801046479279]],[-47606935.2217986,-47606935.06911659,[6.385553056090127,1.0,1.6217047146447476,-0.46139422422161747,0.5306111095693116,0.3461653712111386,0.661936973425244,0.5747722461701092,0.03412788294109171,0.5772061002661407,5.235941247257362,5.6506093421049135,0.45986481166148774,0.38369805061393203]],[-48182788.0837568,-48182745.018508196,[2.2813487673241117,0.04915603604843194,1.2488651025143658,-1.859980274334783,0.3640547822496686,0.0362205456975947,0.45344264779828936,0.4557786604164258,-1.880003319434692,0.39810965578873114,4.098273602743312,8.033549761571923,0.7788999935647101,0.263777870539441]],[-48484422.20594958,-48484416.52398646,[3.24848058744871,1.0,2.9922778661008396,0.5050248227780446,0.6166653699121379,0.49712774367798823,0.41728332957019376,0.3719513311604479,1.935763668384867,0.7473539776745652,5.593433850598101,5.477492744140353,0.564776247824334,0.32268222047229145]],[-49849976.8353325,-49849967.10846257,[5.75912441083585,0.31353976319393284,0.90651045265327,1.1730165854172954,0.6389984564928871,0.8054289234446889,0.7934800815046644,0.04568875479079165,-1.9578133717011323,0.3046739358808093,2.3066332544234793,0.9184431464727512,0.4667744319708894,0.4054791133988211]],[-50508537.9453858,-50508525.67638129,[3.6634561208427843,0.0,1.7308818518903613,1.3951808756820465,0.48070621469453734,0.5832956010730921,0.5311410799596719,0.14992910320111075,-2.464721409126041,0.6252084005340978,5.205455120007612,2.8930983678873434,0.4703876568794833,0.35252334069968994]],[-51558191.021729134,-51558190.42280042,[4.1055165086698135,0.0,3.141592653589793,-1.3157956447229178,0.7685039472318116,0.39256201580071143,0.16433586103084863,0.6321285697958956,-0.4084691179120826,0.5617560827087734,0.9994380369772693,0.33098015706612705,0.5248663282629272,0.4519461152696326]],[-53692176.647488944,-53692130.5754478,[5.018455252483592,1.0,0.12607413849793558,-0.9153864738208637,0.7631370640864665,0.32526547750462514,0.6376813962151711,0.04187325600418135,-0.19385218040394248,0.5680978039320145,6.299189900060629,2.476865834746048,0.5086892658795799,0.47119222213000905]],[-56065079.15803871,-56065074.65667987,[3.4707617872650083,0.017735956669741704,0.0,-1.1230765202143038,0.6235511435798063,0.4304453899466901,0.6083675469086901,0.2717388365682409,-1.273272213574764,0.7653639943683452,5.058807793386281,4.999501834320498,0.683132376582638,0.3320132457624062]],[-57656529.79541842,-57656529.10404098,[2.7983344485625925,0.26248608854169897,0.0,2.396310931049408,0.5416265365348734,0.6042866960713427,0.5124806850793531,0.22073561171923306,0.1857286247079945,0.31128329604118565,5.49569020269039,6.431124049328775,0.4877923846914213,0.4644458496673638]],[-58121273.45539723,-58121260.382475615,[5.729443626174982,0.0,1.1754249620751516,-0.6631112832612988,0.21159305324223582,0.4126264879194257,0.35669088032576723,0.49884224316390263,3.2183249365761872,0.8132389261050618,3.5743906598211264,4.554135173824589,0.5124814589018347,0.3768895702713828]],[-59563386.83389201,-59563385.93673706,[4.318742119574135,1.0,0.8571558417618778,-0.01849365666647845,0.6391673679952659,0.3380687258878372,0.09073905932538984,0.9617914241977078,0.8620410248726316,0.1,5.289487898340752,3.948964384809497,0.516230100638171,0.5331056529522523]],[-61794173.00760699,-61794171.61750841,[7.563260227990571,0.0,0.0,0.1351276111350995,0.8980327972149738,0.3858379718386952,0.8477614674379983,0.6252597254229482,0.9384495282905849,0.32935409457417253,4.006593597030731,1.6711747106985748,0.44310716080990964,0.5318396849485112]],[-63805238.09481645,-63805238.09481645,[3.088863989879009,0.15291226717203665,0.22711070682528067,0.27273547012191857,0.7064960817376288,0.47921715442902113,0.5656553677941202,0.4011293785337807,2.454998985514167,0.4110562750702902,6.397737118379947,8.620762606521241,0.47003931870389876,0.4836875334612629]],[-63862954.574531674,-63862954.574531674,[10.088710868254694,0.8709574789103022,1.8813766831518703,-0.5844773634828729,0.2948759284451822,0.5738031221759429,0.5245172915159445,0.532233384973838,1.3133306341407145,0.5547990336164742,4.146070437213621,3.9877761496200685,0.47943216767379415,0.4802230183139003]],[-64007850.739101164,-64007848.0704695,[7.206951861402882,0.3540734130323512,1.5937501657164033,1.06523485278259,0.4208380585735963,0.6704296081406781,0.40283584009432966,0.5708207758108945,2.9101942109687915,0.3063474017557235,1.7043092977291803,4.498566128242855,0.48077820611501343,0.40279997962230707]],[-64535307.73622763,-64535307.73622763,[5.861485687701475,0.36166952853162393,1.8647695269426037,1.0531487112130113,0.584956312557054,0.3722578924302939,0.35778016334936247,0.5325386712773215,1.6497401986628526,0.34720549732759826,1.1468746529002312,4.14900789595502,0.41910296543728415,0.5595124671622937]],[-65151948.75854957,-65151945.963285685,[7.6364801226675585,0.0,3.141592653589793,0.83375953662553,0.30864455922991785,0.20559035829732908,0.5153905528344683,0.557101004077676,-1.2873941818902264,0.47906287471925124,0.0,1.5665164591009177,0.36749887726133235,0.49223432964754815]],[-65235117.56845518,-65235082.186950445,[5.43509465705349,0.0,1.9010951728676593,-3.0905891765702247,0.4078370267691205,0.6048551309479138,0.31595101977854256,0.0631531683351354,1.4250417129769715,0.4716968465976482,5.552617335225614,5.082444876172831,0.4446620083118151,0.3934949836489746]],[-68763996.66002168,-68763996.65560901,[1.9960381520809505,1.0,2.736072198330124,-0.2701275445231228,0.8845427935499675,0.543465472829243,0.24500587917621708,0.5817117138591973,-0.3263213412746202,0.8225658142352701,6.333579608342046,3.4048012132793537,0.42673062917329396,0.3541635594361705]],[-69409625.9799395,-69409625.63789564,[6.099426929458939,1.0,1.7918838243696713,4.0,0.4841625704408714,0.3076356865257026,0.536490329596837,0.5101566183526074,2.3239755336134658,0.7603436881215027,2.689113119731498,6.32717178862689,0.6398373089815071,0.36513168516786854]],[-70903815.67299454,-70903771.23061931,[4.1280121226705155,0.0,2.3816154547914845,-2.5805391706186698,0.28706456576680317,0.5175642263244846,0.4320429108987429,0.07855907490325664,0.9453633222433937,0.19426846301433087,6.53512163025079,8.361835304538516,0.43227697681174054,0.555494136249469]],[-70949949.71303374,-70949949.71303374,[7.292933794605068,0.6742161028773411,0.835624417210988,0.585551563256283,0.41015041855535156,0.2735811368353913,0.4758250611631061,0.4697018504262322,0.10269300691882421,0.5767060590866938,3.956769044618217,3.648420119739154,0.397425362979248,0.5433111611514088]],[-71508811.07512133,-71508810.37274772,[3.5503237053987986,0.3972588555920189,2.1099622196884424,-1.1400173784658572,0.46711053814213044,0.2506482284467532,0.695972424766444,0.9941640847144286,-0.025010155228509363,0.7510581977438465,3.9343069853283184,4.113262685159147,0.6163290891723833,0.44137590210289934]],[-71963022.65323782,-71963020.96726382,[6.810969005853031,1.0,1.3084601986623907,-0.49161810687713237,0.49617937216928437,0.44710551014145133,0.2946704341097717,0.8754952680095731,-0.5823456462038287,0.5769958246958897,4.238098473056848,2.924706999063619,0.4324575500671352,0.5208931801445195]],[-74546276.61530983,-74546276.45483625,[10.571492063659278,0.0,2.4917598832511105,0.8473374570402974,0.28060887738741924,0.6156836619212206,0.3501029199186947,0.45907785252546546,-1.5277216944233443,0.41296765769063565,3.111501752058399,4.626938676600155,0.47209003914233316,0.5704945671910833]],[-75492455.76068836,-75492440.75202072,[9.945105267290018,0.06889033426279062,3.141592653589793,0.9650876095112344,0.07623449598184895,0.5667120403955572,0.48150219302065,0.26890726185952285,-3.1370273266226,0.6364533967961831,2.865970724752321,3.4880337031554802,0.5539109889105213,0.5142110787908167]],[-75970829.37698352,-75970804.90031826,[9.366619145845469,1.0,2.4513981755720455,-1.5860558957502038,1.0,0.3357114233704637,0.39864931316947716,0.0,-1.0139716663420035,0.5834048387545041,2.2401187533334097,4.300713587174654,0.574560100908017,0.5327658933430828]],[-76303257.31564605,-76303256.41390872,[4.155113563131302,1.0,1.0263652807630739,1.4944397226941353,0.8030742646406599,0.7091517914194283,0.5274170321571858,0.49430339137125956,-0.5678119990591547,0.564131017573331,2.646825668710942,5.720588177495375,0.3821810168879968,0.5090846780543109]],[-78396789.63945174,-78396754.87844485,[3.5660506920768036,0.0,0.7327554281605347,0.8821118467459479,0.5280156017155021,0.4062161438200782,0.38864529755542476,0.6919316119862428,-1.9112382040567746,0.42195092485084695,2.021750890998364,5.610220626528091,0.3745854331303221,0.4960436101156232]],[-78501458.08492336,-78501454.24199641,[3.667569899654102,1.0,0.0,-1.0958805017690731,0.10014312282751525,0.5568680197913061,0.48422753096296856,0.5666267730214478,-0.32189698032081426,0.3132527136597354,3.654976432660792,0.0,0.3766110591322638,0.4996681437968292]],[-80400509.23511489,-80400508.62534201,[4.340202561529986,0.0,0.8467822146431897,-2.145434523603681,0.18314166020583483,0.6252561035219264,0.4835400164213641,0.9151204961373534,2.217897363408879,0.7670691070660642,6.3243397068401785,2.9771689965836297,0.5236773315829373,0.41432318156189185]],[-80479741.17439255,-80479740.33461034,[6.526801589142629,0.0,2.353580380086132,0.9406505101555822,0.40115661505230166,0.24907489872777938,0.2771249336599867,0.704681824503108,0.017390712571217045,0.300510521480166,4.648826879656984,1.3013196191061067,0.6502882182520665,0.6411245730025013]],[-81279591.52010772,-81279590.55865574,[11.178184224969687,1.0,0.18739570437020037,-1.7973253904029107,0.4377129555852911,0.6561218333349534,0.3239363707878609,0.32435456240815064,-0.3899701844246234,0.13523548474909391,8.68156662565982,2.758501896658518,0.5453259240044841,0.3402546361735651]],[-81951695.598541,-81951683.6364016,[2.9816232837908814,1.0,3.1063411667964242,0.7354652279701579,0.19524539667122326,0.24353377960386596,0.5736669004080674,0.22248403565603736,1.0642084094924888,0.6690458098365651,4.562834725884223,0.8480042717453826,0.5758940838054069,0.4739607423658431]],[-82746874.8885409,-82746866.54997706,[4.19807295506233,0.7313799456897523,1.9558255881780762,-1.160998100443776,0.37388326758355495,0.5548303784723326,0.518854950392983,0.0,-1.095693721827706,0.4427241762810943,1.8600652823725183,1.961444698515583,0.6736789062060218,0.553142190624223]],[-82909045.49124101,-82909042.22221291,[5.983806649826496,1.0,2.44462157639523,-1.736221453015396,0.43862948764197607,0.16021855034764315,0.6614938858896595,0.18281502899280938,0.1085364712655034,0.9,0.2972231871752786,0.0,0.3337802564510259,0.4261581265762008]],[-83483302.0301268,-83483301.69978106,[2.7270648760194276,0.0,1.2616480377332846,0.1376086933513079,0.49748423665578,0.6035283860517416,0.1529379589017752,0.6918989124415171,-0.2559850480942901,0.7574682870759073,4.674786789128817,6.025790672054805,0.45710666840819586,0.4352579318145244]],[-84463471.26339474,-84463471.07208812,[3.8441758104984025,0.0,1.1049111301540417,0.26644174911408347,0.4216198748905994,0.0,0.7744483377951621,0.645433836353328,-1.4198286352613034,0.13067586642246465,5.796566389092105,2.575032983409661,0.5462829246904777,0.4643018970031801]],[-84812560.10112798,-84812560.10112798,[1.8317023784341746,0.41756752362573923,2.5938488252868055,1.1881295827984915,0.46374963403707203,0.7119109221814373,0.5591586969305983,0.47675069443772733,1.0295420764760121,0.5794937781680739,2.77763812950679,3.6476852224625387,0.43319648373070185,0.43557145737552194]],[-84906222.33213155,-84906221.70692253,[3.4928321505523305,0.0,3.141592653589793,-1.9226521793622084,0.8575314416980618,0.4493937943064106,0.8812153749025433,0.43133135431052594,0.05340483328262732,0.8003525676068317,3.890550704707284,5.6384574382528605,0.49988405775656447,0.5812275605686271]],[-85040618.49246392,-85040603.87348706,[1.7056543375761297,0.9187672139141279,0.7782553740021758,1.2935108985475363,0.36708449564157924,0.2423573255553726,0.2647103701920603,0.541590683617708,2.4734299681901954,0.2990180668996594,3.801721928945801,4.600893181860115,0.40106830344605526,0.4480861818753764]],[-85102802.3321903,-85102768.80331087,[1.5745124948792477,0.5663485712597026,0.0,-0.0519404445729514,0.6290483270006199,0.3664832326528851,0.28090990331320786,0.726677008346839,-3.1090253168165534,0.637494522479791,4.685016922448063,5.726308172497249,0.3950551672369537,0.5030095810642904]],[-86366958.49431342,-86366950.81336772,[0.8119901318105214,0.0,3.141592653589793,0.27596242658097003,0.0,0.09252839929581175,0.8874257707780799,0.7979715234209764,-0.07873919929879995,0.5767904118798616,7.545457390118397,5.166438216183598,0.3480891057718878,0.4617231164925305]],[-86545952.71089649,-86545952.71089649,[5.046936684849052,0.23784192485597366,0.8536228544516846,0.48693948302203016,0.8303937753215462,0.5197858429639031,0.43636097569543547,0.6691453142253835,1.7932968484879783,0.5847021068497478,1.1942370369141995,7.54302019895904,0.5005825811615655,0.5852660710781866]],[-87144667.50353293,-87144663.51285613,[3.3296620754713055,0.0,0.0,4.0,0.37457745146736454,0.4818179101262879,0.1494193516036219,0.5022001242626865,-0.5301411954578802,0.10891314584351702,5.006332334448122,3.072366725932968,0.39666715902538346,0.6195831709468027]],[-87565916.72967635,-87565916.56291199,[7.024871010833366,1.0,3.052781222408286,-1.7779228721996572,0.5778743753258346,0.46901212211824045,0.45753483871133294,0.4294976503738608,0.6878317258179831,0.6179515595578075,5.079231535268951,6.810883479507451,0.3763076535931406,0.5649561347367236]],[-88740056.62913066,-88740056.62913066,[1.396690641091367,0.6900407111419289,0.7413911300418653,0.902952121603469,0.9457935359751425,0.2447422317052842,0.5141095902280302,0.7457910455758543,-0.27279672820959977,0.5326908876842965,4.700972086962032,7.718348038782237,0.43173812837836123,0.32829504848191926]],[-88769541.07526836,-88769522.87076479,[6.99033310345799,1.0,3.141592653589793,1.8157319417401632,0.4489015022378578,0.5817201810216992,0.16277545635742074,0.4753894132211687,2.8557549529663473,0.5369347683781015,3.823506854107849,2.286437876356681,0.549979767167942,0.5079483406091146]],[-89423183.9294781,-89423183.92851853,[5.377995288018465,0.8550566837202078,3.141592653589793,2.95583559524953,0.4160886297379677,0.4598723623470905,0.4194474369020388,0.5314795872222081,-0.19680278336566048,0.2407673488915965,6.997924569888159,5.471555932267169,0.48623762700739454,0.605741310325881]],[-90160288.32290973,-90160277.49187672,[5.6282744856888645,0.0,0.0,-0.04205132097931635,0.7701314319823026,0.33890625813063513,0.2159101790399906,0.6570601005596437,3.4531576618059967,0.1,2.15691810617629,6.299467814506867,0.5104462696745071,0.6579567135413381]],[-90960803.30494101,-90960803.29658282,[6.161698977539526,0.0,0.0,2.2333910209906542,0.524644031577286,0.22442986344253613,0.36306194455524454,0.5138958661579115,0.07561276212055457,0.4837426703496733,4.807898371430159,4.750633245971685,0.7721233255074775,0.6146724793296442]],[-91607183.61578198,-91607148.92411196,[2.0450074110432763,1.0,2.8720409705326504,-1.7997436972083483,0.8072896616988444,0.44965001268804616,0.5675498585837963,0.7510196888073182,3.441320146670125,0.25908342018471364,5.867112971269327,1.9538768994900235,0.5610377200990126,0.5202743797588292]],[-92349345.2277337,-92349345.07149744,[5.066249482354615,0.8074095242092079,1.1195379147048792,0.5359592059064869,0.6726557934528894,0.6335377824536614,0.6745710936921872,0.5118711853690078,-2.4037818159104334,0.4870277514666751,5.45510686383393,4.737863982020021,0.518807328903813,0.5856859805933382]],[-92774073.89076234,-92774068.63848627,[5.465245816754954,1.0,1.1161812216363836,0.39164539006717225,0.7670060393776476,0.33410168653397176,0.45544837900874346,0.4520232739538292,2.5047308470383816,0.785258707701588,5.19574260849159,2.654344879115304,0.6077207508630592,0.5941440911246494]],[-97675821.0216077,-97675798.2178489,[2.9507259969921407,1.0,2.15326664806258,1.6550564410073831,0.3609313661360565,1.0,0.24224869170073737,0.13980670614416535,0.5676863626104,0.7530345977657813,4.6944622824567706,2.692343668516474,0.5152762764534401,0.5119537017072632]],[-98375022.86050448,-98375019.16988176,[7.707796141156562,0.0,0.0,1.5997478571937316,0.3878453914372384,0.418585135919939,0.38231932545227143,0.245260976954227,1.0849562727112927,0.664328202308617,1.6361860928472818,2.0303934362641467,0.5745899983628913,0.5566901061692465]],[-100564061.96643037,-100564059.59664857,[5.282724162892642,0.0,3.141592653589793,0.14675660212541075,0.5474075186972415,0.7102779870439937,0.564502797555897,0.6678165379281766,1.0478585475013,0.4331997180155755,3.0091258679269264,6.6204552327332795,0.4085365974628679,0.5776529866063929]],[-101031003.69608864,-101030924.86474615,[7.052122183780872,1.0,1.505450932314359,0.6705332746114897,0.3901214783238155,0.1564718542180495,0.4766311437015506,0.03609675579896526,0.5522848311630448,0.9,8.782085181767215,4.850739690410499,0.6196482965650831,0.4928768574888796]],[-101462990.21224737,-101462989.93146157,[0.9848972320458635,1.0,0.5729165054551195,-0.6072482109193104,0.44436749836533074,0.055982102263185285,0.5653522709234833,0.6335606901385232,0.5650063107948985,0.422778303042876,5.6502324171144265,6.943317903099286,0.45960782586731325,0.5369393946675994]],[-101558678.95585768,-101558678.49098766,[2.593366577249313,0.0,1.3357591859548676,0.21078794080707228,0.3652161926484356,0.3474127430178209,0.44562092672320613,0.4261129230570293,0.4419912543893218,0.8637806976056497,5.035448886710699,3.7653576230460173,0.5036271573117126,0.5362765644413945]],[-102867592.52235012,-102867590.52746493,[9.864367045343208,0.0,0.0,1.559774763481975,0.6975458516750422,0.31738922691506216,0.44069150364097825,0.704606108825176,0.5935290112471174,0.8197226201379881,1.310324636711897,3.573409310136709,0.5264060384805844,0.5360097407016793]],[-103776806.74495324,-103776806.54245633,[4.24421925118413,1.0,2.2237025477265835,0.04413462509923122,0.08584005486562651,0.08481154029088578,0.5530810030020097,0.33010447328420345,-0.3277236567882794,0.1,6.380390893329823,2.133486364566521,0.39590162791719774,0.6091957272709407]],[-108498034.77784511,-108498029.46208006,[5.737848651238259,0.0,2.0617560528168424,2.547592868659767,0.15927581615290864,0.6869121376399844,0.499474261680636,0.17489249762157483,1.3947727278857616,0.1446445588574259,2.250094179210703,3.576386655993557,0.5185355155320612,0.66949229496831]],[-111523011.44915624,-111523008.76087892,[4.313172807761164,0.0,1.218457554514944,-0.4534957381932713,0.1240514764788026,0.7189671773794969,0.1679195640195233,0.2331755088970529,-0.9815957339892649,0.44106610486391695,5.702279348328681,5.8114769048535155,0.5384949317982043,0.5297704848623366]],[-111550551.29315196,-111550551.26881772,[7.986476960589604,0.923126123240199,3.141592653589793,-0.6683512175850117,0.6425257176131465,0.0,0.6345230343279102,0.710536119738755,-0.729592692333239,0.7371900170494838,1.351749390786256,3.4655711112478107,0.5509896315849891,0.466463440919961]],[-112994048.99630854,-112994041.16078353,[5.561757205054243,1.0,3.141592653589793,-2.608893121363975,0.2359806365394697,0.40679952537101804,0.33677304240905137,0.21633168377319723,-2.253533512486893,0.9,1.6873062694987504,1.8023913882782896,0.504124551391999,0.6385685649217808]],[-120482199.3223525,-120482199.00945258,[2.9006417219249387,0.0,0.12842227864466893,0.21003549293586565,0.40791671939754737,0.23383277202139047,1.0,0.7355787577310791,1.300896689517013,0.6900899524052648,0.6173887207159354,2.122461762826049,0.32495302658111697,0.7159622513163852]],[-121619287.66379218,-121619287.2758258,[0.8857779433246495,0.0,2.08508347398487,-0.5042633464425383,0.1520617056664626,0.6087183607489304,0.3693060500017702,0.7704829959688335,1.9738294339580187,0.5696568659913317,7.30095977572363,4.019654907806805,0.3637048291025867,0.30318594252768216]],[-124393866.70150445,-124393861.09270716,[4.551297822131674,1.0,2.087317853334673,0.205098638807006,0.2869021223205794,0.7177647854674953,0.7823877477868857,0.0833083938218176,0.4053455142043326,0.6336839430668839,2.3431355295088405,0.9775056766104844,0.6331997255480742,0.6098340289249952]],[-124750628.2053067,-124750613.09575057,[2.422260258823836,1.0,1.6382984662442104,-1.1919782177998237,0.8254290243148061,0.34339116056407126,0.32159817071781815,0.42957118019639073,1.616486834575245,0.9,6.271135452714114,1.7917358791367164,0.5866638772281572,0.6275682679604178]],[-126797763.38947737,-126797763.38947737,[3.6678588864538275,0.5707111666130427,0.802843916755401,-1.4918163126060453,0.38449690560070166,0.7560768014368722,0.49359497182826073,0.4140503042805208,-0.5364110310341341,0.6905516459851462,1.7311622084237461,6.690715108008832,0.43785642847075257,0.5297368852174913]],[-127001777.81780007,-127001777.3711369,[5.626970329860634,0.0,0.0,-0.10313475829681695,0.3293653555508257,0.912500665485455,0.6299215614388002,0.31289315994322,1.2283272474758924,0.18737780802523285,0.24750798403743213,5.144699011171538,0.4590909602870768,0.348932074007888]],[-127543155.63847294,-127543155.46544755,[7.382881296382939,1.0,0.7452759835115278,-0.4222268403489512,0.19201717740094365,0.8358328677208668,0.7011277389591853,0.15649380417501746,-0.28988576604347505,0.49917052886122526,2.33496589028916,4.206155898231958,0.5343754025982358,0.513643753214532]],[-129363369.78834526,-129363369.78726864,[7.196346695487614,0.0,2.6674571343018303,0.18179635232176788,0.8774637534910614,0.8080603853222219,0.7665454142766353,0.7644308740910514,1.795099346048621,0.6897414789009901,7.367350880020341,3.175998395296996,0.41286558512246513,0.44740756230959744]],[-134513399.21908945,-134513395.96229196,[1.9965626983172275,0.4818261296869135,3.141592653589793,-2.1811768684690023,0.040019630350595026,0.698298318831484,0.1881913625452678,0.555193413727213,0.3888746849901873,0.2768419817673681,5.259900029835741,8.971497606944581,0.621917567256951,0.43383798955760544]],[-141731353.57435855,-141731353.57053423,[0.8860492581947774,0.5722931171308973,1.7283766680683057,1.3844740240824294,0.8220349447220786,0.9185016457627475,0.7017109415871119,0.26248069802048435,0.5470877305159674,0.28657635044497975,2.281436042108999,5.779867444352414,0.36140793377617664,0.4502698504546776]],[-142347487.62376517,-142347485.88837147,[8.048787625390256,0.29048214723335386,0.0,-1.8990461493264679,0.7109882908173892,0.8308316051778311,0.7402012364259862,0.4974128827119513,-0.405089184424452,0.6531906419124689,5.902674869073788,3.866406802512112,0.5545336386157447,0.5364526354544586]],[-149781854.40661258,-149781849.4368384,[0.8019356594633384,1.0,3.141592653589793,0.44291154661744425,0.41133416408946266,0.671570648863983,0.8777114651927731,0.7785412848526119,-1.1861070314089788,0.5457623887973674,5.696194603189779,4.022575870287089,0.501755091493203,0.5128065301566314]],[-150910013.1377315,-150910011.6624483,[4.268319491317926,0.0,0.9077144463765549,-0.35982626833080517,0.5264294919439251,0.938623024497294,0.5141122846343813,0.48181248446896174,0.5004696700605378,0.18393290226803866,6.915261258848739,5.325842316493185,0.4907111921421584,0.4164201391326989]],[-188969474.28578722,-188969474.15870547,[1.7933640591973048,0.0,1.630865762355051,0.20141068687190417,0.38223026332578036,0.988530087569462,0.5977138388166396,0.6011127486258387,-2.3197156509740116,0.24881805724551048,3.526883263674666,3.9309496940719195,0.43060837598432855,0.5799589911716505]],[-195075360.39152977,-195075354.48982,[3.683071692129917,0.0,1.135832799156081,0.6076677535698319,1.0,0.871746304676912,0.07870976780672839,0.35550460365257464,1.0047941652410972,0.6134269857338566,2.077105682084606,5.633670706928311,0.6898130545030723,0.4571422512732771]],[-200725384.90702543,-200725352.5751542,[3.8671740842946596,1.0,2.174701243835587,-0.9963444634584151,0.39807780355499317,1.0,0.37816888129938386,0.07167909866264471,-2.4436128886437647,0.490112931250491,0.10231240753291404,4.880288086396127,0.6537681313950316,0.41285975894681226]],[-201755705.77045196,-201755705.70793855,[6.360489250176656,0.0,1.9556263288414932,-1.021340943790407,0.202286606888962,1.0,0.23800967392275874,0.5901635458059289,-0.7399927128751508,0.5409952960554746,5.138751025132445,1.2464516356161184,0.5765090861773418,0.5375767354015377]],[-219524693.33527136,-219524663.25944734,[6.424207380309899,0.2101040878197329,1.7022090501322915,-1.2940675324650326,0.2560602126818975,1.0,0.3074498262779125,0.28310703649926283,4.0,0.5065600572984645,4.937377947582974,4.924252515069142,0.49874798915781354,0.5184257820358839]],[-230441878.08338284,-230441876.94498682,[7.640111029291289,0.38431418711374876,3.141592653589793,-2.5346643869319316,0.505994275496145,0.8568433934685888,0.682957434597239,0.5717660542658626,0.049294144176316515,0.36478421459251764,4.837337770698094,3.618584987599547,0.5243298568366548,0.40052706425062173]],[-235775758.0939279,-235775713.34224433,[0.10489536209109396,0.0,0.0,-0.47417453155224,0.7260267173545054,0.552674762992701,0.6846611950651893,0.13005619311051275,-1.064650322164404,0.42889366044605337,0.0,6.474045062701609,0.3353346574783865,0.449743546471095]],[-277419796.44032353,-277419757.51687574,[0.0,0.5647865582517632,0.015403127145387163,0.2243572758911268,0.5832107412711153,0.7249896614142125,0.4337988894700957,0.0,-0.2517650574691196,0.47582766462891335,2.7038697479720266,5.48730902940269,0.5235162231306218,0.41499862008368427]],[-491696136.50338054,-491696131.08886325,[0.0,0.40638993705907933,3.141592653589793,-1.0059549647438573,0.6669282625354154,1.0,0.7013123055483735,0.6805960524654374,0.22111968985329394,0.5754820295181554,5.019387409385608,1.7722782948359135,0.3861757210193896,0.5881276044175914]]],[4.90949912857412,0.485281592046536,1.2587764747220787,0.11638965474807213,0.5558087988857954,0.4323180931247042,0.49206355680286706,0.5222425597836979,-0.29344073960960704,0.32210068171335177,3.8144960257676055,4.334271978250089,0.5102119405366262,0.36434323935827295],[22.938311249433458,3.5889940527452318,9.292021646556629,8.999756215458415,0.23987796368560899,0.2368426045978221,0.24242848461979444,0.2507033040345629,8.852898390614818,0.2528763397737108,15.854645547566639,15.773056469660023,0.04261282081180943,0.045688126486688296],[[22.938311249433458,0.03037041519999511,-0.1498361558122096,0.2961179979555588,0.05268097981255212,0.02951371742049223,0.04462348120018224,-0.016369756477,-0.102926790362697,-0.0182165846317288,-0.33272807468394766,-0.037515848405320344,-0.0017874108724916468,0.0142328575994394],[0.03037041519999511,3.5889940527452318,0.016250988637064482,-0.02068229247812083,0.00516675934746364,0.008676733114184055,0.008212570529163214,0.004363804193084828,0.038764664462785585,0.006740264335074875,-0.04097465566709247,-0.007570874604986713,-0.005536672876783115,0.005225705934317522],[-0.1498361558122096,0.016250988637064482,9.292021646556629,0.0635382702884946,-0.04550859836274068,0.007319709423096845,-0.003074432400331353,-0.04805727256600062,0.20809734166342925,0.07855557085256841,-0.20676398467019824,-0.13448540600530826,-0.0287912290803351,0.02611063471584439],[0.2961179979555588,-0.02068229247812083,0.0635382702884946,8.999756215458415,0.04392801428386996,-0.006761847048116475,0.0062996519347865085,0.01847487874154527,0.15709716530454648,-0.030022614390325778,-0.002723747139320875,0.20610698234971603,-0.00031518826711579936,-0.010008843357683095],[0.05268097981255212,0.00516675934746364,-0.04550859836274068,0.04392801428386996,0.23987796368560899,0.004660445701234596,-6.798609113531636e-05,0.00082417280213818,0.014041596382880635,-0.007846093802370894,0.03325962704089748,-0.020365202967639755,-0.0013211678643082062,-0.002104933989760808],[0.02951371742049223,0.008676733114184055,0.007319709423096845,-0.006761847048116475,0.004660445701234596,0.2368426045978221,-0.002991820816721541,-0.00607642212586401,0.021346308171990118,0.007487613590865698,-0.003344804055887976,-0.09945336080810784,-0.0031013726483974827,0.006021912240144514],[0.04462348120018224,0.008212570529163214,-0.003074432400331353,0.0062996519347865085,-6.798609113531636e-05,-0.002991820816721541,0.24242848461979444,-0.01244619412592522,-0.01856337209050857,0.0026819300283114724,-0.01879115178909823,0.09648682974928027,0.0010241100105768761,0.0008410075938439526],[-0.016369756477,0.004363804193084828,-0.04805727256600062,0.01847487874154527,0.00082417280213818,-0.00607642212586401,-0.01244619412592522,0.2507033040345629,0.022170983218767478,-0.011678136780789333,0.003725981779620177,0.0008167243377557411,0.003131888595818499,-0.0032182584117473228],[-0.102926790362697,0.038764664462785585,0.20809734166342925,0.15709716530454648,0.014041596382880635,0.021346308171990118,-0.01856337209050857,0.022170983218767478,8.852898390614818,0.052919605831419324,0.5957461151557385,0.023112515665187766,-0.02338702571452412,0.026332135933557845],[-0.0182165846317288,0.006740264335074875,0.07855557085256841,-0.030022614390325778,-0.007846093802370894,0.007487613590865698,0.0026819300283114724,-0.011678136780789333,0.052919605831419324,0.2528763397737108,-0.01614819689179315,-0.03968399165798586,-0.002260049968928308,0.013202862419767206],[-0.33272807468394766,-0.04097465566709247,-0.20676398467019824,-0.002723747139320875,0.03325962704089748,-0.003344804055887976,-0.01879115178909823,0.003725981779620177,0.5957461151557385,-0.01614819689179315,15.854645547566639,0.33796082876719225,-0.005556084566253737,-0.002010690586614702],[-0.037515848405320344,-0.007570874604986713,-0.13448540600530826,0.20610698234971603,-0.020365202967639755,-0.09945336080810784,0.09648682974928027,0.0008167243377557411,0.023112515665187766,-0.03968399165798586,0.33796082876719225,15.773056469660023,0.03514928855232024,-0.04130454697072083],[-0.0017874108724916468,-0.005536672876783115,-0.0287912290803351,-0.00031518826711579936,-0.0013211678643082062,-0.0031013726483974827,0.0010241100105768761,0.003131888595818499,-0.02338702571452412,-0.002260049968928308,-0.005556084566253737,0.03514928855232024,0.04261282081180943,-0.002924913104718933],[0.0142328575994394,0.005225705934317522,0.02611063471584439,-0.010008843357683095,-0.002104933989760808,0.006021912240144514,0.0008410075938439526,-0.0032182584117473228,0.026332135933557845,0.013202862419767206,-0.002010690586614702,-0.04130454697072083,-0.002924913104718933,0.045688126486688296]],0.6196588906895565,[[0.0],[0.0],[0.0],[0.0],[0.0],[0.0],[0.0],[0.0],[0.0],[0.0],[0.0],[0.0],[0.0],[0.0]],[[-0.1370998585873262],[-0.05574232648972744],[-0.7522922781908542],[0.29386466958050667],[0.8454480398498255],[-1.0253138688419463],[-0.12022925557180038],[0.3369527555834252],[-0.7408894387863536],[-2.694998511683575],[-0.35127518986761413],[0.6329861832508297],[0.38675196752671476],[-5.137663982503133]],1,100,-26995225.950231127,-26995225.931293786,[3.8528447615008012,0.12249250620079466,0.5189400968558353,-1.7064351298818883,0.5158072272460419,0.4071747040640861,0.22321042033563143,0.6344833127670477,-0.3188509351307578,0.1,6.282740511230059,3.0931297843616443,0.4130556836273534,0.33003969488583096]]
