["generation","mean","variance","covariance","_sigma","_p_c","_p_sigma","iteration","num_evaluations","best_score","best_evaluation","best_solution"]
[[[0,0,[0.0,0.24091729421857294,1.7256456296761782,-2.1807946711041817,0.0,0.3027755110443417,0.5101389514006905,0.0,2.2664865461991854,0.18749802270196075,7.6489572294013595,3.9059273914665447,0.3278981413963572,0.49937909268547953]],[0,0,[1.2201835191746873,0.0,0.8905224491277901,0.32305749722122684,0.4106707259152621,0.6586604204655085,0.19535038767486723,0.7472345992685947,1.6712966546870478,0.5539961099351967,5.8528314874361795,1.6656385615049465,0.5350912097006386,0.6577974672350655]],[0,0,[3.6610037449981094,1.0,2.310624841041748,0.17890305222669617,0.5347381874994961,0.8705121789367081,0.49845579351446984,0.4455933594386573,2.8621176238210717,0.9,3.867471829143709,4.294031058548031,0.4108560225827812,0.39238403563366503]],[0,0,[0.0,0.24241844990299544,0.0,-1.4891424982693684,0.4518298624920033,0.4960313247443807,0.9782174729275015,0.7620539705829559,-0.2664887059711057,0.5103970286580131,3.1978831962388856,6.115811269257394,0.6261314931102635,0.4401155976651795]],[0,0,[5.597432588888009,0.34860799836169576,1.3144817321681908,2.6504178512963628,0.9101284980936404,0.451624397601763,0.17342559033181276,0.5333974079035987,-0.23479947501125203,0.19757449823010365,5.514129895430101,0.06910800216605661,0.47618777343742535,0.5530593112200426]],[0,0,[3.234301494028076,0.0,3.141592653589793,0.025764100368931755,0.5328509087135631,0.5928851773226349,0.5495851526463066,0.4444266384375769,1.9247257259468107,0.3545207131020495,3.232509443736782,1.3367447544941249,0.30947845402750307,0.5069273590278673]],[0,0,[2.806494231375617,0.5256200725643269,1.6423478655662764,0.14918183755204634,0.42172170002849757,0.4075122922354415,0.6850145069896671,0.561621282073646,-3.195581655306417,0.7110108552843273,4.5562702388608,4.025367244968806,0.5679530153950131,0.5184520223648228]],[0,0,[0.5867453611494504,1.0,1.0056630034547795,0.7339784866910338,0.721759342198965,0.49149878450161666,0.856017439014104,0.0621168695574264,-0.3156656969241458,0.3194615913354038,4.196950552670584,2.7593723229612364,0.4668932256687497,0.5618588274513475]],[0,0,[7.435925692009203,0.0,1.3790680917904812,-1.5201043163493537,0.4824524052782789,0.50369930247822,0.4594699278910315,0.7816667041750072,2.059396261756895,0.49040998601463504,5.663211141420803,6.649673518610298,0.4434348739024006,0.435484987532126]],[0,0,[2.0002545667797977,1.0,1.711917822564771,-2.090939766573095,0.8813231245432501,0.23738900454477974,0.44492532869617385,0.3301140397534164,-1.9406207590179085,0.1,1.6902838644458291,6.297714061609465,0.4884751258384218,0.5691894308943706]],[0,0,[0.0,0.2178299688982437,0.0,-0.1538734532094275,0.4831747138098497,0.45090752019688213,0.1297783896052489,0.41360759427540145,0.48735184084650385,0.4084739754215026,9.0,5.982846215989883,0.5261836557829965,0.5454572627754768]],[0,0,[1.3298697120274965,0.7808269631509605,1.9453740759840796,-2.283605797317989,0.6304632806099546,0.013644661638304745,0.590286155549548,0.625125543363712,-0.39197656718695095,0.1,6.871971961510646,3.8773464561163977,0.5497719559766058,0.5042830868031837]],[0,0,[7.066767045006224,0.0,0.0,2.427915060889018,0.36624406095263373,0.7398896390343734,0.46926673826334553,0.678322588134969,-1.018573920189813,0.9,2.4249487661061933,2.9677394010498905,0.696932927794288,0.4640052440513304]],[0,0,[5.6690278180790195,1.0,1.4692803734183828,0.12406973316822949,0.526218230118788,0.09362150772903777,0.5289899309104047,0.7855098971215371,-0.23995001792731374,0.28615147802146845,4.111043709817642,2.818731383744767,0.45999821853192746,0.5125545005654603]],[0,0,[0.6070244444663517,0.2791857537457793,1.5736783069746825,1.1096342264584491,0.3653326942795429,0.3356316566883676,0.4084198249246323,0.7090677971807977,-0.17945596903449687,0.7730765822643965,4.7974664538598075,3.006133480387062,0.4801877590936655,0.4387076820295058]],[0,0,[5.957441909756645,0.8436541497459367,0.9662764184235384,-0.6415151233070191,0.48768159155794993,0.0,0.7651830334322707,0.6558712128540818,-1.0585102423211894,0.3828670116427295,2.659423050889927,4.426060971029426,0.3395230816956465,0.46260460866814046]],[0,0,[0.8268997710496881,1.0,0.3441058600851281,2.4379291250395303,0.5774227735856463,0.7077561510637179,0.26227138664244276,0.8490121181530995,3.2885358037825814,0.15457537606316257,2.1587944393332434,5.295528725595588,0.4491073921770019,0.5546956530766274]],[0,0,[4.998066585644208,0.1319677466124496,2.598855596027469,-0.8374219550449236,0.16450340953912873,0.17869561380512416,0.15639133511942677,0.8229180422793061,0.6638401604616282,0.2125165337314524,5.2528855737523585,6.8227593694366355,0.36612832476076346,0.4753967870210228]],[0,0,[5.772995654414004,0.0,2.4642100358952614,-1.0982790449675068,0.28000523517655984,0.6390382864781795,0.40087535588256074,0.6877247910680993,-2.8780133852129746,0.6240060684102922,5.743884583371381,1.9686018226252235,0.522790357319099,0.43593994108233297]],[0,0,[11.988858379475644,0.0012449984330209496,2.2372665270450427,0.9488397297285309,0.26480570062269404,0.9048154825871776,0.6132318873406916,1.0,0.6809913857277691,0.1,5.895420959521312,1.8597939356770232,0.5700465323786668,0.5209167200663889]],[0,0,[3.274984530495022,1.0,1.5881910819720022,0.0024563202269825357,0.3711370041526694,0.2490987443629601,0.17152941113791237,0.9508966857639005,-0.5491353351356802,0.37490097123269583,4.470851473442359,4.575777182080627,0.4896721426504139,0.43256817335206565]],[0,0,[5.9127723062397095,0.7753552518840848,2.022426723236215,-0.9083739835975702,0.29502852640874044,0.5074624278091381,0.34803517701580683,0.67503039787478,-1.5752455533443797,0.4887470410028179,3.490970221502992,5.054890070452702,0.5037501329110843,0.5810622354609979]],[0,0,[2.3426648709888593,0.9450591545869748,1.3259989921962263,1.5071530244688445,0.08518347423258782,0.45406579535061203,0.7631903542702503,0.8152003813406801,0.7020206800833273,0.739696015522317,7.355416154738454,2.1706650630709814,0.38996496461550273,0.5475970771406077]],[0,0,[3.4271657639343385,1.0,3.141592653589793,-1.034456614328273,0.35590418101399734,0.11050251901718777,0.631527458160791,0.24493380798450726,-1.110548628292336,0.3273753432354285,3.5106907185699257,8.182594710962777,0.4543161753814933,0.5650519870398834]],[0,0,[10.059249711074571,1.0,0.4960116140740145,0.7083357235273064,0.47587037778378616,0.2867500475115992,0.29907713016961546,0.6426550542504412,1.7333469367888958,0.37380422260710333,2.347207974490318,4.265175922788652,0.5952360890602503,0.5127414743451846]],[0,0,[11.642092251817708,0.6203639884782872,1.613636196323228,-0.6928382952382037,0.8875748175198789,0.23999076846877504,0.8164492366145125,0.343879668714536,1.5619985827401437,0.65898366971973,3.607123848591004,4.1326084999637365,0.3883377789451939,0.48599561244738504]],[0,0,[4.4870503461190765,1.0,3.141592653589793,1.365917878821493,0.5861387214356062,0.20094367499814542,0.35191927313647575,0.0,-0.6726420494045313,0.8384143732980065,7.703334981394741,0.0,0.391190424815672,0.3891554775202009]],[0,0,[6.086123409947186,1.0,1.5272160679664317,-1.1316921526237738,0.23178759026908624,0.6554619887299138,0.3868358086792304,0.35871671876863476,-1.9953154201272045,0.14192232517858294,6.611051487803343,5.777851798928813,0.5222784272915767,0.4100571631450869]],[0,0,[8.011237482915336,0.2212331573009534,0.3699933338816992,-0.7968216350274908,0.18172148089746482,0.3965550928916062,0.2395045667578105,0.5001208354128149,1.2750529471782415,0.7281092709718638,5.561361587600286,1.1370936264771356,0.4123912508712988,0.6541392313640161]],[0,0,[5.096306538830349,0.2384880519552599,0.5744695761985736,1.8142699069141197,0.3416171347187905,0.7797333777101112,1.0,0.6988289579382659,0.20395622185712478,0.19111252241337418,5.147671788412796,4.583995843346451,0.7100277066838507,0.42953622736918823]],[0,0,[7.206882249679417,0.0,2.7051207761760416,1.3922974739711673,0.7371824721361557,0.4901316573989498,0.23758192923488936,0.3627187364147829,-3.1303863022739025,0.9,0.6350097721966304,4.1744433384647675,0.4300294766125932,0.6007458498574885]],[0,0,[4.225920316587144,0.3365224927230014,1.1674699292323343,-1.3341362682970956,0.5189008437175054,0.4993014050862518,0.5672349446397071,0.6542394823081974,0.7440270443797682,0.4153496059697687,4.526179040975473,4.301911674541627,0.29777889756648446,0.2812943982882288]],[0,0,[2.8389609639901123,0.09730267960509836,0.0,0.09818628508152855,0.24473048444900786,0.4857213735987418,0.575821204218117,0.41663626294967554,1.2352027659377742,0.540484938312061,3.9952901229547897,1.0486750595880143,0.44570355224124947,0.38521004485132304]],[0,0,[3.912793731769288,0.6936453784381633,2.13082176569603,0.6262506977577518,0.36904932925757283,0.6700150374679952,0.9212458278029251,0.446211690566746,0.659701658080509,0.5174148646652049,4.499496435717122,5.406189735900363,0.3843878123813062,0.6476330594853409]],[0,0,[4.345855672999823,0.8446556818022618,0.20913663931528004,-2.242125167855975,0.7157767441038065,0.7052160099697458,0.776972568038033,0.6027624276409936,-1.308810110119412,0.7631977522668034,6.295710602139005,3.2030114401073555,0.6171835419473835,0.5929149908130324]],[0,0,[3.470223487576405,0.5131504313232141,1.2730109824986944,-2.804182621766082,0.4291676925851684,0.47451109664866986,0.41303127533246115,0.3088634648006875,-0.5692009229545939,0.4295731277658901,3.1641951782452664,3.4598090323205093,0.44062500732178395,0.6102689102749798]],[0,0,[3.7495204787133574,0.8961011256287683,1.7954209127608132,-0.07667974272441465,0.8744475050122364,0.33028622953829356,0.47183184572979125,0.5817899855077852,-2.1120057762300846,0.3491745833203812,2.576912988393124,2.006390628913615,0.4333439176513872,0.4940186839928135]],[0,0,[3.1707086658302974,0.19109523492458874,0.0,-1.6768876954078566,0.8070811340243982,0.8839408515895832,0.13596274424918459,0.7381189007926612,0.9500157255950181,0.15760205911152436,2.5984256938254133,5.524979262358702,0.45307220852840024,0.6131339271449858]],[0,0,[8.829057899024892,0.794685228797841,0.6378809082984637,-2.3063131068337466,0.38865393182417385,0.6742281893334736,0.5931994941044306,0.36096628092914307,-1.7563151376722468,0.5367052785300377,4.33480756433586,5.037576306297598,0.3174008118360308,0.47620125968135824]],[0,0,[5.084722959336158,0.0,2.6916200363312104,-0.36115433459917123,0.5783349573954037,0.5354339472169655,0.6079511617604165,0.7105293011015761,-1.0156500954930001,0.9,1.190341008764876,5.385820972238868,0.6558899271872224,0.5569293247165784]],[0,0,[5.953915687257487,0.0,3.141592653589793,-2.3595026593211137,0.10681253022653642,0.4441889046601699,0.21252910757443888,0.5989001557417789,0.7640102595098686,0.7803802050970194,5.5814179025151285,2.166966179221574,0.41366619402368243,0.5280980206931791]],[0,0,[7.753379210420055,0.8068264771779611,1.2920496560430423,0.3173849100940826,0.5218762573655638,0.3893097498876638,0.17327549775937096,0.4283314614013829,-0.5890216098387777,0.7076499772424955,2.8240410965978993,7.6253256294995335,0.49437154205735295,0.45732410038195276]],[0,0,[3.805531651263612,1.0,0.0,0.4521561438563205,0.858282790847213,0.40765934797727865,0.0918087896515179,0.9395239727128525,-0.0719975229709379,0.9,4.845395023897455,6.105933020013687,0.5472244074608502,0.4976184441959103]],[0,0,[3.745938412285507,0.1386099114087761,0.0,-1.0092791796957774,0.26163950699839533,0.3345957480899151,0.7886332595178895,0.5035223248473705,-0.7328798712596127,0.20424382807181196,3.9118718390811273,2.2526868105430684,0.5105098896943119,0.6684010959333669]],[0,0,[5.394813948844289,0.0,1.1188665351044893,-1.0433052333285422,0.6940579234853509,0.6276801062372503,0.1375900872184816,0.08915462328836576,-0.8083949399446451,0.3990303128567603,2.3017078859281628,4.018281445054471,0.5895221627512878,0.6582113003367334]],[0,0,[9.009192835584173,0.40383518218554465,0.0,-2.436985543299759,0.23413200541206064,0.20175992202213128,0.3602391900261776,0.1983100780411705,0.7196422007434417,0.7209032593699672,4.637514297934712,5.8191999654705375,0.5488672413463271,0.6314567926206196]],[0,0,[0.48352668894536244,0.0,2.3963822407023976,-0.3519590661776624,0.7891126175536078,0.7359251707723007,0.4879162802369798,0.18785323640607476,1.845336635814553,0.1,1.845096210546044,3.9263338032787014,0.5365790976560016,0.49239240380901045]],[0,0,[2.197617331503929,0.0,0.37365701140900365,-1.6256390197300252,0.20370333044521483,0.8270362635642472,0.26736598570592596,0.6506960477901327,-0.7918425829463549,0.9,0.0,8.944244744648831,0.49272493625020414,0.5294940066377662]],[0,0,[1.731643292535816,0.0,2.270873785414682,3.5424260685189415,0.05644563485409165,0.04150353619235364,0.4734390360391824,0.18942930099495603,1.10747906505256,0.7218057851431976,4.681424595857154,4.921855393131948,0.5104605029991995,0.6153571451000958]],[0,0,[3.5232321705032112,0.0,3.110111271448969,0.21217969752020216,0.6248220482562716,0.37864026381415633,0.7282076508695305,0.6422228220667734,0.7227203319915347,0.2287043546659333,4.550216709010071,3.588486609089779,0.44755052058242584,0.4779592070490523]],[0,0,[6.117940970007323,0.0,0.21596139364750577,-1.983997235527894,0.3143679448083402,0.3605757380900951,0.6801373692503714,0.16768993800205434,0.8848363146139128,0.19101307693906666,4.705907247500209,4.627188244322708,0.44334446182457155,0.5380209432737412]],[0,0,[4.220554602811572,0.3812187554126188,2.4833082252254,0.22817451780750636,0.26645479476087863,0.5301404009752628,0.26326664531287536,0.5531577180664217,-3.386666970800852,0.6308507799895218,2.3340321383108216,0.0,0.4245848589705423,0.503320892452038]],[0,0,[6.941468688794185,0.8038466576474113,2.439759107288192,1.8863145076777297,0.4676133309618722,0.9978430573773014,0.8348975928995221,0.4025395695701165,0.5958141110638915,0.43371918350808386,3.845110312006812,5.7552752675116245,0.5286314738602934,0.31758977978973685]],[0,0,[3.6639643673748568,0.07302378115323471,2.8604893656212793,-1.6946388781255595,0.5903390063060119,0.3981832450349179,0.3882601116675142,0.5781967723495695,1.1892457149673707,0.5079398356852189,3.5103794867093887,3.5161899303437942,0.3863799689733015,0.4628615412974749]],[0,0,[3.188733094117463,0.057625176316788984,1.0615862064004533,-1.0773408782552838,0.7156491437466566,0.0,0.31848046801633867,0.1468279434792648,0.044961340207666504,0.6290650014690808,4.191868507888473,0.2120885619298325,0.6520876348515905,0.5953430425156625]],[0,0,[3.8851436745962413,0.6663591710880097,0.0,-0.2751037384937361,0.7595618076130476,0.41204706325292356,0.5842116121885403,0.7927915274769632,-0.3496087644673511,0.5804186867914034,3.944269975081295,9.0,0.5236368123954382,0.3257882861136634]],[0,0,[4.698729897455111,0.7612659271325923,0.5681398998126359,0.5035385836021992,0.373751039579834,0.6524826566732489,0.2988512149206709,0.3366344913880728,1.3976809573633266,0.528381580062051,3.253112124240735,1.5362597491712808,0.48363300941370635,0.4136743040419808]],[0,0,[1.7747310346423149,0.21298603936622146,0.0,1.3621016875134815,0.7711974112548963,0.5511126389704545,0.503609644908427,0.3246806265246541,0.17310856018316692,0.5649271186574059,3.7417989271331673,2.3926426752324037,0.3245413632144636,0.61273599691344]],[0,0,[2.39899872406101,0.0,0.8318406658404387,0.4997020430850009,0.893054977324029,0.4170665829539866,0.5850857372217715,0.415391254651996,-1.0850825879849286,0.4727607663482849,6.098399481963627,4.021446568260853,0.561245307109211,0.5785914166870647]],[0,0,[6.49653642110156,0.8442641442797827,2.0729847323839463,4.0,0.45898853255549865,0.5510768314013106,0.3723254973452624,0.6279033159812898,1.8675540336345096,0.35367043447831414,3.778446847087681,5.00709086350801,0.4940817031335683,0.310189636510636]],[0,0,[9.547039237140313,0.3197566506613494,0.28836195152254107,0.20786274070233812,0.11098783239104548,0.591979613481275,0.5281357038540708,0.894415447783736,-1.3072331466011629,0.6256063633491241,5.921573942585835,3.1225106766462982,0.582161755374863,0.44510521802295616]],[0,0,[2.469209579726177,1.0,0.5970854394913744,0.6057607319041898,0.6313520411593325,0.7175126717186495,0.5672247041259572,0.5385905348602686,2.6138562594491193,0.6854720584487303,2.868811093390197,6.702729813636056,0.7277923820993915,0.48269227442433305]],[0,0,[5.344488831669006,0.4063101498976205,3.141592653589793,-0.2566774791897851,0.6791167017611701,0.28975226910682883,0.35848474796209867,0.0,1.7944720145867445,0.9,1.86474090139302,3.9426758295857485,0.5375335963264939,0.4309157931341102]],[0,0,[5.652316965281479,0.0,2.8850573502376626,0.7764122274875569,0.5378529766760711,0.46329667198676877,0.342162612340759,0.16399951242757999,-1.5222625301033283,0.26327256103126273,3.1204420014313086,2.538478284699295,0.4604188223948495,0.6220458788373903]],[0,0,[3.129026506380008,0.0,0.0,-1.5113324816878735,0.706904021556142,0.418161172727712,0.30878238562409244,0.06669654600052988,0.035886771247333596,0.424653764482519,4.809033670994673,3.869594677874905,0.3546293866620128,0.5499448567799754]],[0,0,[5.746816621711207,0.0,3.141592653589793,1.190203769153017,0.21325310439016243,0.589528176468122,0.86980635767001,0.8791238664514728,2.2725329549670517,0.6029869879575049,0.8003923326152798,0.5951154368903153,0.5027935786386553,0.6354788868006541]],[0,0,[5.163277633534865,0.5479116399777949,0.18670482496203955,-1.5338543214794202,0.5106635506974787,0.5700355551703324,0.587724039009608,0.5335377569551638,0.8279390637515278,0.5650180831224375,6.330555818915439,7.5378379680581595,0.6038533385518153,0.4892226685536895]],[0,0,[4.457637551075058,1.0,0.0,2.106166671563001,0.6225977656775437,0.3815331424119348,0.3543816841895091,0.7808316360156029,-1.2429703466058277,0.763520302289783,3.3457471318271597,3.549485782064159,0.22984896493127732,0.5950923533405854]],[0,0,[4.614100885684668,0.0,2.9185397567860454,0.4034385337892943,0.32076345801833306,0.642313689475344,0.3583714842759802,0.32061162662303616,-0.2480126309405865,0.24637534519565618,6.232630132916118,3.4782245772368356,0.26272563521058456,0.5829109788368501]],[0,0,[4.443077138048363,1.0,0.0,2.6193060437265943,0.49528624389525816,0.7827323389605987,0.5099856393057606,0.20404972504766428,0.9820422740191647,0.20961895229856747,3.422330319896653,5.712081223828974,0.5407313261111464,0.4474408596929018]],[0,0,[12.741709189608834,0.2598162804335106,3.141592653589793,-0.6782024323364099,0.09494360695744075,0.5307989721886447,0.17332015046369598,0.31156886618749063,0.3510187753709167,0.2876696929403485,8.605963789747573,0.6568759751034352,0.47656473186378867,0.49983103181615757]],[0,0,[2.6570835704584828,0.0,2.1814628404664993,2.1431913004837866,0.6206102057635392,0.28488719422426745,0.13857113835011375,0.9098610132852772,-0.38658858307123556,0.3555145240659797,2.84708137733497,2.107186489590964,0.469339445682708,0.5003577173787893]],[0,0,[7.160123113478795,0.9890218535316195,2.4510351174784066,0.9055009720223586,0.48212686590594783,0.4102251249137181,0.4991652661764189,0.25303969088075545,1.0840366615431298,0.3105475497019412,5.560762720639577,4.103306264228633,0.6066508385081051,0.3208581202029487]],[0,0,[7.624812554550766,0.0,0.13098163182768197,-2.503050850175203,0.8514052642492242,0.28053285892299296,0.29088227283848267,0.13018868267411604,1.9867129453301262,0.4751248416897347,5.559277962928258,1.1136986142254899,0.5662919213025163,0.3909515116704694]],[0,0,[3.4100302521058565,0.0,3.1309840707718815,-0.027800212969611413,0.205620233496155,0.5467955259255046,0.0,0.5763676465243802,-0.803516955124215,0.44736857620403,1.9446614808842937,5.068489657417749,0.7249537155817902,0.5261175589744523]],[0,0,[5.089107713386069,1.0,1.4024115693011912,-2.6857687712865106,0.5300868254076996,0.7379289177087056,0.18677079971532357,0.16401721614612014,0.9945304375800157,0.7603157797832396,4.1071399563864,6.135552767657435,0.5730283492012882,0.5024211317343008]],[0,0,[3.3798573462421246,1.0,0.0,-0.8918207925584657,0.4073960299196755,0.7808855484369102,0.8844920329225132,0.330099578994445,1.3916774487599424,0.33744229360887973,4.354732773599213,2.0868015048862567,0.34897824668877686,0.5838852664348574]],[0,0,[9.396207811648015,0.0,1.0312452865513504,-3.3731176627572097,0.9270356836273104,0.0,0.6743411481094,0.4348197525389356,-2.8090238154496543,0.524273688088215,3.9706914655826604,5.614249741601679,0.28105736889827815,0.7619038799548852]],[0,0,[9.507895236408967,0.0,0.0,-1.90245187257413,0.7204600773099681,0.8131814334136289,0.2665988410064378,0.3004521303775289,-0.03439630653547341,0.3668708586026257,6.117538471299037,1.6280708163241049,0.627108580963853,0.5237243751389177]],[0,0,[4.854698331872484,1.0,2.292853618993619,-2.8525526750212395,0.2205993761553241,0.6424714537097135,0.15700104233192846,0.20636376071337492,-0.8397258974713375,0.22148483802919539,2.3853322780295856,4.573093851067527,0.3600512668986102,0.31014039208931854]],[0,0,[3.8895848908365673,0.6550500574383722,0.9506332367999876,1.3889154986451597,0.5314158211193434,0.661336824784769,0.5308854573521941,0.5515068220955996,1.5195484673280961,0.20026498925018138,5.613047051377418,5.167511487391735,0.6305584140965508,0.3770708295086273]],[0,0,[0.0,1.0,0.9715665406891828,-0.5232178277659483,0.27552873104658204,0.4633312252079893,0.5374213800355216,0.28466946908107105,2.060149259562233,0.4863979892602755,3.4495272873768474,6.582318791874782,0.48337872591897485,0.6131772663848823]],[0,0,[7.3720336486837645,0.0,0.0,1.136329885458831,0.5872246805150624,0.6282766300391263,0.11775481072355476,0.3539719898098398,-0.056152762914579574,0.48071377529468573,2.003098175269346,6.422935991118212,0.5062080606876105,0.37340942224461815]],[0,0,[3.7806786354507222,0.0,1.8888754575551743,-1.2020491611070216,0.06315305886817774,0.4278103327506429,0.5867718862012214,0.5881524267051338,-1.0223404300496297,0.6292321243841594,5.248714627612907,4.8734712169798575,0.40219952201815057,0.5910554308963969]],[0,0,[4.501226607888053,1.0,2.3222430135297274,-3.6558090628749222,0.7128807140172382,0.7894271342755621,0.5605227551639229,0.61712745983869,0.7228915974102326,0.4490720273468782,8.015040370477308,3.5588858951020472,0.42376447129787065,0.4260634057706463]],[0,0,[6.6907154104859945,0.0,0.0017671991386316588,0.13706839664678322,0.9999521787776494,0.2594783115583904,0.3699442254362313,0.6551964325122592,2.885851571063567,0.730268500044245,2.8572494040766596,1.4895013042480016,0.4725958390069405,0.47342185691698935]],[0,0,[7.024992116572498,0.14943139282239254,1.4676062015645512,-1.7661938170849392,0.07252286915076711,0.6797006771306129,0.3191913165270919,0.6446776732787304,1.096242128604993,0.6456452612794996,2.9011280307406744,4.247584801205568,0.38582430684880253,0.5833347533283173]],[0,0,[5.337036885068815,0.0,2.938442874718528,0.7262954996886777,0.20609552167735196,0.32777712679128956,0.24204546069583277,0.40210987739207527,0.35306091769702125,0.11918869116832642,5.383564135412131,2.393487477249148,0.42491158776725657,0.5801255426573945]],[0,0,[10.096976709134776,0.0,1.7123040502721083,-1.9774733120152974,0.9103094124191956,0.9524800981917191,0.6826951495467858,0.2710520788388416,-0.5565111345534988,0.4161122052315171,3.13703300734493,2.060311139050857,0.2991257913822647,0.6531460476411952]],[0,0,[8.238427017189723,0.45272899634913205,0.0,1.0124723605835644,0.5994629241505705,0.3373769168220711,0.8920110820554816,0.7247077239793239,-1.2696384320535001,0.44041777624537887,2.4921920981606775,3.128196130322627,0.5056009161479845,0.41230960412927287]],[0,0,[2.925160796050021,1.0,0.06324604232272679,-1.4477187777116023,0.9479095066702146,0.17767903841187221,0.9296422707106096,0.46029812706937145,-0.5765349922048757,0.9,3.9136995929450413,3.5738101056370244,0.47242049343114134,0.34926940411193086]],[0,0,[6.271210207605677,0.0,2.9985586378636135,-0.48299562838516213,0.3896899214529974,0.0,0.34366717891665866,0.4158252958795681,0.7118004577716199,0.7125611976843698,5.1623227124570175,5.418354312400738,0.4063095008462795,0.5571994356097743]],[0,0,[4.5647298253991,1.0,1.6308627085895697,-0.9323498121664286,0.6525630380764614,0.6739590922831242,0.22837815564073916,0.214070062387051,0.7261046144496042,0.323273658730359,7.872479988477963,3.3856998492119157,0.45753489480789467,0.650676975986975]],[0,0,[7.312931184200803,0.9263694651802419,2.2679204635342467,-0.3532856159434575,0.6684432400568638,0.42233546916955533,0.40326821027524384,0.810962576525883,0.3334344033088569,0.3446784773809025,4.349668222783996,3.3892997617317877,0.33332039704451044,0.4940014525557529]],[0,0,[6.0090473958418364,0.0,1.4145525287621343,-1.84345852151424,0.2290795387499459,0.440948634779366,0.28510869118714693,0.5513579690677364,1.029249731838854,0.9,3.3289076593330336,7.121735266683583,0.617285927653046,0.5390846607774831]],[0,0,[7.772493671557681,1.0,1.4671317510658242,0.05060707535966181,0.6781728769815754,0.4651691114532921,0.15499252815399395,0.5698749956776278,-0.8401830977077218,0.9,5.168983379816027,0.25670960092027073,0.6195591188761226,0.7455557563294688]],[0,0,[4.749860142199708,0.5697159513323166,2.5373611999868966,-0.6942790916867176,0.9903150184765703,0.5815144466724492,0.4704074695322513,0.5880244243876636,-1.2847007349371184,0.5235691591201395,3.792056479918844,3.3304244815375776,0.503658864962544,0.6477169567288082]],[0,0,[8.464863815326472,1.0,0.9286607491230204,-0.07606257279161267,1.0,0.18395765160034871,0.5591277383615878,0.6806585769083119,0.2924762267802939,0.21527542036116826,2.3200114999904224,3.7031739380475672,0.47296258700342486,0.4569917311277174]],[0,0,[5.878346735704066,0.02999897743468022,0.9838978229074756,-0.005837649748020143,0.4158998937326932,0.5542718750309986,0.9371923414683905,0.5177056643968277,-1.0658326282287156,0.1,4.767442401248435,3.168883979631135,0.41564838523154857,0.3988987010791751]],[0,0,[6.4957083564476354,1.0,1.919109056124262,-1.9260026841201388,0.27269583616025916,0.21387069421032318,0.6835475542116531,0.21945931470891328,1.104907970551297,0.4707738339023035,7.015925758588111,7.979932007320448,0.6733234066530503,0.5012777169671121]]],[3.0307979051891887,0.44859442991497056,1.447547480589784,-0.2020870227359007,0.454550197279574,0.463443662435538,0.4888398048226504,0.5229546765072671,0.505143757452689,0.4371920310740537,4.917706908999393,3.7194267391426674,0.47045340441854183,0.5080754991481148],[28.540318704045887,3.572103110450623,8.981416790875299,8.876990733884234,0.2472024461108581,0.24395887987185433,0.2448861844408388,0.25462942307708175,9.442139259562431,0.25084617282155813,16.225733783139237,15.78096674569749,0.04032784678441733,0.03742065672226381],[[28.540318704045887,0.07040798092149754,0.42457743345893106,0.9414104446849612,0.13905252944880306,0.09271402586799105,-0.027655655192186976,0.11232790850714439,-1.0320913141634855,0.13538839786282894,-1.991572171550706,0.030783518160339834,0.052571734358827185,-0.03047491504925139],[0.07040798092149754,3.572103110450623,0.02473035669740491,0.019554304866361793,0.017784752910011994,-0.007737833925799937,0.010033630533063125,-0.009666623974658171,-0.06933818136778257,0.0018471417052976368,-0.15227006828360848,0.09265991669954216,-0.0006460064129019355,-0.002789195899989455],[0.42457743345893106,0.02473035669740491,8.981416790875299,-0.07870137031725696,-0.0021203972236886123,-0.0008448270962082666,-0.006002922858187413,-0.03102971119515769,0.0392178558661639,-0.0002983647205300412,-0.07979698138809857,-0.11599209380015887,-0.022671517597913974,-0.006656911507893298],[0.9414104446849612,0.019554304866361793,-0.07870137031725696,8.876990733884234,0.07599492552197144,0.07299682951738545,-0.04932894830202238,0.056365748784054946,-0.14787119431666942,0.05959730294972373,-0.4284712200029734,-0.706198031444866,0.021622444525654455,0.008110229824255785],[0.13905252944880306,0.017784752910011994,-0.0021203972236886123,0.07599492552197144,0.2472024461108581,0.002355457262413891,-0.0009201235623266554,0.004599010988464448,-0.07098591602056377,0.0009886803996678895,-0.1316091310397321,-0.026801679376786687,0.0037598775483848905,0.0008192554954498567],[0.09271402586799105,-0.007737833925799937,-0.0008448270962082666,0.07299682951738545,0.002355457262413891,0.24395887987185433,-0.002465476448226261,0.005263470598745166,0.053537826155741895,0.015927854550737582,-0.05738699396815333,-0.037403437010435504,0.002982092119412674,-0.0006659699565261223],[-0.027655655192186976,0.010033630533063125,-0.006002922858187413,-0.04932894830202238,-0.0009201235623266554,-0.002465476448226261,0.2448861844408388,-0.004490933112282574,-0.046684283132591396,0.002776631116755263,-0.07533942478521044,0.06243010100550821,0.0014132124356802552,-0.0032049491263005307],[0.11232790850714439,-0.009666623974658171,-0.03102971119515769,0.056365748784054946,0.004599010988464448,0.005263470598745166,-0.004490933112282574,0.25462942307708175,-0.02869114348809917,0.007086291222248557,-0.0588082285754217,0.003239313293455753,0.006471779068028416,0.00016765395260762302],[-1.0320913141634855,-0.06933818136778257,0.0392178558661639,-0.14787119431666942,-0.07098591602056377,0.053537826155741895,-0.046684283132591396,-0.02869114348809917,9.442139259562431,-0.025255071144378166,0.7225579984205794,-0.1946398768889806,-0.05300075254764895,-0.0007586378459849821],[0.13538839786282894,0.0018471417052976368,-0.0002983647205300412,0.05959730294972373,0.0009886803996678895,0.015927854550737582,0.002776631116755263,0.007086291222248557,-0.025255071144378166,0.25084617282155813,-0.09207304838131254,0.0066623177676147435,0.004550023153298116,-0.0030901889020703574],[-1.991572171550706,-0.15227006828360848,-0.07979698138809857,-0.4284712200029734,-0.1316091310397321,-0.05738699396815333,-0.07533942478521044,-0.0588082285754217,0.7225579984205794,-0.09207304838131254,16.225733783139237,-0.44264641856432335,-0.03921420620777153,0.015093615921655958],[0.030783518160339834,0.09265991669954216,-0.11599209380015887,-0.706198031444866,-0.026801679376786687,-0.037403437010435504,0.06243010100550821,0.003239313293455753,-0.1946398768889806,0.0066623177676147435,-0.44264641856432335,15.78096674569749,0.015319501403007318,-0.026044378639886987],[0.052571734358827185,-0.0006460064129019355,-0.022671517597913974,0.021622444525654455,0.0037598775483848905,0.002982092119412674,0.0014132124356802552,0.006471779068028416,-0.05300075254764895,0.004550023153298116,-0.03921420620777153,0.015319501403007318,0.04032784678441733,0.000239577505976324],[-0.03047491504925139,-0.002789195899989455,-0.006656911507893298,0.008110229824255785,0.0008192554954498567,-0.0006659699565261223,-0.0032049491263005307,0.00016765395260762302,-0.0007586378459849821,-0.0030901889020703574,0.015093615921655958,-0.026044378639886987,0.000239577505976324,0.03742065672226381]],0.880767013449569,[[-11.231440852557732],[-0.2931941934367523],[-0.7029558469120417],[-1.1526132583897228],[-0.2592251817931996],[-0.20850086653032684],[-0.06365272125583678],[0.13092312473176498],[2.881112227546007],[-0.3582283351820331],[5.234186422801127],[-1.600263371866427],[-0.16852045889148462],[0.04605900596791926]],[[-2.983146178316536],[-0.1946858709264059],[-0.29715787210359784],[-0.5102363804698669],[-0.6885195056818446],[-0.5537923151008585],[-0.1690659058321575],[0.34774061878969087],[1.275404619902],[-0.9514785352046923],[1.7377938668727921],[-0.5313008839150994],[-1.1190041632009233],[0.30583953883122356]],1,100,0,0,[0.0,0.24091729421857294,1.7256456296761782,-2.1807946711041817,0.0,0.3027755110443417,0.5101389514006905,0.0,2.2664865461991854,0.18749802270196075,7.6489572294013595,3.9059273914665447,0.3278981413963572,0.49937909268547953]]
