["generation","mean","variance","covariance","_sigma","_p_c","_p_sigma","iteration","num_evaluations","best_score","best_evaluation","best_solution"]
[[[-328458.0122326513,-328434.6670680046,[6.953024107852409,1.0,1.7245196281210762,1.0371735836394724,0.39391112878682655,0.5446777161676216,0.46141054305078993,0.5443715620488523,-3.59166920193187,0.2549655013338713,3.318930415425634,4.613696038776817,0.5227206326510929,0.2508263657103111]],[-9196690.409612622,-9196690.250305355,[5.94396710026512,0.0,2.7700391808043374,1.5316014066547485,0.6912815649841749,0.646015624036503,0.7357612121561902,0.5854368151915574,0.32849333763156163,0.19972804366919272,2.8166514487939724,4.753563839347788,0.2934561244430691,0.3221130542885453]],[-11247876.029792164,-11247796.813312173,[2.8645983546382476,0.3087242851954367,0.0,-0.8247464559344824,0.6140314380115683,0.4741383425582065,0.5442822820416582,0.0,-0.8819459989999037,0.4211603220298201,5.667878888727786,6.698863471274752,0.4809197272316853,0.43742349701071487]],[-11733537.191920018,-11733533.88025093,[3.251585562727718,1.0,0.0,0.3321308994985555,0.6690649329790008,0.3856125200048842,0.9686215912178293,0.672928885161724,-0.516973912744009,0.2877099844300581,6.716233090762597,0.0,0.39948240069944774,0.45921352943833393]],[-12725468.309846185,-12725411.651657343,[5.252562457777797,1.0,0.0,1.0135202096430218,0.5813688291539483,0.28476552729400595,0.5327696023434287,0.39697854269888777,1.9014219632096498,0.12459233630639854,7.517980227818214,1.0851184520784165,0.5590304237970741,0.5084875712891962]],[-15820292.948405853,-15820291.225651741,[1.4583371370842895,0.759886640242721,3.141592653589793,0.3966668167443601,0.0,0.3081700518005171,0.7284715845448149,0.21724128384444058,-0.8052888230355233,0.40441446814007476,7.932902560968864,3.8465871981298982,0.486860996759239,0.2526247529865524]],[-17807701.798817515,-17807701.798817515,[6.500558785677896,0.4913435694933635,3.1357460306409046,1.4611748424229332,0.504728547473782,0.2643474532984095,0.4270303848165785,0.4028103944791404,0.9129526500819898,0.4520844459079102,8.07315391192452,3.496548711936578,0.5525507893555303,0.43612348610896134]],[-19660774.0462201,-19660773.85535574,[5.789082096241982,0.0,1.0834119356595577,-1.0592380165162334,0.6371153536210762,0.4057047023568884,0.8334572523624872,0.5865092859426266,-0.5716837902934904,0.36686245135468065,3.5325617179763107,6.500759666373707,0.5263983862003726,0.4722178241729206]],[-21000876.12835697,-21000867.032357574,[2.1134254229597387,0.11441265537038081,0.0,0.6262364947803178,0.7191515268337728,0.4407910097302873,0.46386327457593785,0.09794151145342245,-0.7667148635673491,0.5657947695705317,0.1727291307566592,2.1245819337931398,0.37719976959676793,0.40507972658981906]],[-21721748.45724102,-21721739.47847092,[9.47108256302199,0.0,0.0,-0.18263013673431105,0.21472270107160796,0.33855066233704295,0.3748740227270768,0.7641370623024374,0.27729441543906447,0.35198887079537594,0.0,9.0,0.37940536630412625,0.5051076026294585]],[-21858561.25284638,-21858541.63357258,[5.163095587564397,0.9052266749889775,0.0,-1.637421537640542,0.40429920261459856,0.5573693804819331,0.6202263178713355,0.4786417528499218,-3.9628861719208617,0.4825705593551823,2.760713408869072,4.255815827634909,0.37194936351363467,0.4435049927398296]],[-22414122.416553494,-22414119.306337,[2.7046808124418327,1.0,3.141592653589793,0.0676561228789242,0.2120565206384774,0.48341831124046447,0.14386304058749755,0.5737904496489676,0.04088309596647895,0.1,3.307523580145104,7.815709606288017,0.4765488999928843,0.43321119425124005]],[-22900837.813472588,-22900835.0865227,[9.77723173695771,0.0,3.141592653589793,-0.2526948432664955,0.08589543326423171,0.4195286488624423,0.5228610208568181,0.5405463923234431,0.5958138474095229,0.24944762624671857,2.540580026105231,5.868750578340759,0.7025429492874008,0.5592366039260075]],[-23816568.469092287,-23816559.885081768,[4.157292594783723,0.0,3.141592653589793,-0.8873547408796998,0.4763476746079546,0.5903279495037173,0.5898149976606533,0.8292343771436652,-1.2072468678128574,0.24806944402601,4.359171985045546,7.089715231157577,0.45352276726400353,0.445740723306138]],[-24515725.73015795,-24515725.709688187,[6.808517420747323,1.0,0.9217085078665868,-1.5754749070630902,0.7423253044317166,0.3235565815589622,0.5569970260242812,0.4800337388236634,0.7149521457597419,0.3554038294275782,5.675616442390042,5.377650985054579,0.3407793052439113,0.5426402109681349]],[-24626864.810955405,-24626864.810955405,[2.4380923012219573,0.7878349123065578,1.9300926250415529,-0.4147772503038608,0.0444730222709106,0.4921251366737913,0.5404377918093523,0.4730440207093045,0.9285418918784915,0.48804979878373006,1.8827244208230205,6.110711024414215,0.47805991367004264,0.43527214422834154]],[-26117728.52779929,-26117728.505204916,[7.378077346328083,0.5210277005214733,0.8879990765321925,-2.281402682511424,0.0,0.2992296726247488,0.323981316085004,0.5912935602314026,-1.1908240940180344,0.3836122549049986,3.6321481463429435,6.224757047396055,0.4464168065868315,0.5385057780656141]],[-27305771.134633344,-27305768.451064467,[7.715476942306481,0.0,0.0,1.6256611295838694,0.6563099739583963,0.315329730977645,0.6775928802185758,0.3130102817465049,0.16848470447119956,0.35356646115233953,2.5530153337344155,3.402004657080633,0.6279233632322737,0.4590586597280514]],[-28283734.030401904,-28283733.960202932,[4.925783104946783,0.19599190895426077,0.0,-3.6135831769061078,0.40701174604445833,0.3917068173020357,0.45769264604860044,0.597677198585654,2.401753867980892,0.7242011737670805,4.085659477174741,3.997944091926538,0.6521515162698013,0.4013679056623644]],[-30339619.725530844,-30339619.724689245,[5.420649972165061,0.8349306727841924,2.3372840788395957,1.0841029024334836,0.5582217780155408,0.2732537021232566,0.5941585141481673,0.6156734189707446,-1.9890104036980378,0.7689684293323619,0.1142244522691862,3.3230423612520092,0.44511015403329096,0.44624298718595856]],[-30648390.551413063,-30648390.444354177,[7.096667163281046,0.0,2.6222774137256355,1.2654465311345893,0.6229978831719575,0.35729701897769883,0.3798079866881605,0.593893855505139,1.7377056571963823,0.163423448011623,5.456572407917993,1.1255659548553774,0.5963767149990576,0.633537171297633]],[-30990318.98934505,-30990318.828932047,[2.7570964453075417,0.0,2.7666020871787103,0.6279153696781419,0.6278932172491012,0.5187708566456869,0.7991480034061287,0.5725003961598951,-0.40018774230704324,0.7283009862470524,3.841607533943469,3.5209675377008933,0.6749432017795459,0.3947934452802741]],[-31712296.67820264,-31712296.38395524,[3.1311976047027064,1.0,1.0739764763008002,-1.2353487711797688,0.615089999878264,0.3589863611913241,0.9636074023670507,1.0,2.1701357712280815,0.8117999591607905,3.3427520381901052,1.3219015481126775,0.4826874511830843,0.429769007850065]],[-32181301.972741995,-32181298.807499766,[4.5225998999830095,0.0,3.141592653589793,-1.6062276432706226,0.5199014144183918,0.3428621903362278,0.15857650797957706,0.6174283348575718,0.10006905121989285,0.4001965239903534,0.0,0.34314423918472015,0.4878191549204098,0.6094272039400684]],[-32588744.303883262,-32588710.398801327,[8.996693548790882,0.0,3.141592653589793,-0.5490246684199029,0.14985598911591225,0.3704765018066699,0.3849362107032157,0.033118544791001125,0.054449470556795825,0.25227564548200415,5.35010917551746,4.081241680993688,0.4981667422278981,0.5756448236740175]],[-32829464.97228451,-32829461.84529388,[5.302562977846336,0.6109559607035746,2.0334127539378057,-0.14163248056236746,0.37807003872387934,0.434896704631838,0.4047674852933758,0.04401506693641083,2.9562460115258014,0.3175516130555795,1.4243517591507162,2.1917902612718265,0.3400599097049989,0.6814908327892274]],[-33192257.50711909,-33192217.361064315,[2.738875656437962,0.7993113271506505,0.9177326843730675,1.7801787349367695,0.5013611091769181,0.37311614603959486,0.0,0.1699379447189775,-2.757921223335952,0.5548180470422228,7.110918888716034,3.470351969204732,0.3851872446780866,0.5612052063378542]],[-33871938.52672667,-33871930.51472926,[6.5248932960207275,0.2807770790778037,3.141592653589793,0.8167096080834392,0.6750298356910361,0.5103660578823908,0.5433734583096106,0.46469448938611,0.17172122518354688,0.5702694172517864,2.5640084343262917,3.2370593595435277,0.5649436998564639,0.5630023699906852]],[-34911868.00223863,-34911867.17883164,[3.974429027465143,0.0,1.0585209065987604,0.453077007170994,0.9318325540114474,0.20290888963115977,0.5370178676415295,0.5639849171152101,-1.1366457620234567,0.5672789834741174,2.609689253723153,5.823173592415026,0.2721846129768657,0.4723404831092579]],[-36243183.630931765,-36243166.95430064,[5.716386200999147,0.0,2.5717048314701163,-0.3411170190209001,0.682182942175316,0.5913068819401512,0.4008596024760403,0.24057800724910788,1.390586377553964,0.5797790679692231,4.0574293849878895,0.8516203977955006,0.524741782020629,0.44369695754035743]],[-36654582.50321437,-36654582.5016371,[5.371527419216147,0.5696910292399244,2.093643631020503,1.71034692015213,0.8771582928570001,0.7282977583100694,0.6509833213377124,0.19499305608878498,-0.16247252301148452,0.3251400315581205,4.633448957567425,2.979672132138827,0.4277084817813421,0.509559291135224]],[-37054697.547665,-37054697.547665,[7.490702756100214,0.7819725129066735,0.8936556517934545,-0.8918828837422386,0.17077119405746433,0.6884978492262608,0.4761744644131312,0.34582850449272046,-0.506535444249011,0.5041983741091406,3.6522342439981044,3.709381658390158,0.47359710503594116,0.3268625085140304]],[-37423183.66498097,-37423100.838097215,[5.304713078288837,0.0,0.48480637113516245,-1.9114234133464356,0.8007460320788817,0.2705761790623342,0.8818804681666498,0.3114552999812239,1.4791951131095509,0.3840126297235852,9.0,5.289950732070113,0.5259277705508223,0.6155567214503203]],[-37530782.470321454,-37530782.264864564,[4.602006970503047,0.0,1.388333943359815,0.22723778373123926,0.420605992895064,0.48860336022754836,0.4237800771266069,0.4085101674160899,0.7878776019204714,0.388828820145957,5.339432393945516,3.6211410438973757,0.37454644500099343,0.5933338524118457]],[-38904292.81347034,-38904292.55682087,[9.860651124932225,0.9358383462969171,2.0123235229728405,-2.0049631649909836,0.7377504002191517,0.4148917339908078,0.747532595728958,0.25364058951897783,-1.2766407413019771,0.8402222053968359,1.0930172404648952,4.835739946624441,0.4827316489807174,0.5102793090530127]],[-39819824.22271316,-39819822.34351766,[4.620622011713681,1.0,1.6621504458817542,2.0484856039717396,0.2674951042718203,0.5930857209499457,0.11880933328563753,0.5969225789244452,1.1539536598147195,0.35397199293033355,0.9874054071619476,0.0,0.4691349701820052,0.5393343028660688]],[-40223517.76213341,-40223516.07542682,[11.147600569492088,1.0,1.3115659220875808,1.7855866845669344,0.6229652483871194,0.551421440579148,0.8127096355742507,0.41630694053414885,1.553001827659346,0.3161861449281268,0.0,4.003740739258874,0.5366609906898111,0.48344019596692706]],[-40537524.85434582,-40537514.61982894,[3.0382506037914734,1.0,0.0,0.25093031826829376,0.568127077009503,0.4095671336691137,0.7164079917388391,0.4070714511691446,-2.6547385104592065,0.4383439744320765,6.497563724673032,4.960264261917489,0.4609116706282138,0.7080815202193027]],[-40815615.952668145,-40815614.22149265,[5.5932808981895645,0.1233391367876504,3.141592653589793,1.9568647789571414,0.49399023311866236,0.3583146911520528,0.3268852192001501,0.9854107454348319,2.4207248362365705,0.28874579560035024,5.846045966400067,5.520314505508914,0.48832858196203677,0.5919908480252938]],[-41032878.529551625,-41032878.529551625,[3.032659419921658,0.03917696453813735,0.8194942258530763,-1.3643951588113978,0.5225414159711583,0.45466754100363843,0.5100651593845855,0.47236160721210185,0.8512075896699187,0.4522917056119336,2.7772919093912853,5.371504203970392,0.3978061325703237,0.5633942670204075]],[-41423955.62862659,-41423955.15384793,[2.3250370914163137,0.34928057865975304,3.141592653589793,0.5045524798754348,0.6760315001119676,0.3873844329865926,0.3872273750764123,0.3143209372622124,0.25486312356548235,0.5798349019430042,2.641970730425175,2.94678938372137,0.4215415797655512,0.5252447737082506]],[-41458342.75475224,-41458341.97166383,[6.216786530078139,0.9290793501517002,0.9501639555228275,0.10562899014375302,0.5604422727882669,0.5058348334820874,0.29771558754120997,0.8487311694765965,-1.8229396378028322,0.828045760942762,5.000689741770927,2.9111203231652913,0.4090556257257299,0.522617414614004]],[-42027150.95063189,-42027141.67029154,[2.892438858976635,0.5193891269665253,2.8087671266401877,1.1392620674529894,0.48855546595042504,0.6143617331526919,0.6744049464524446,0.2793862626018679,3.0077413120580396,0.4580006444306227,3.036839602110491,3.923451093203578,0.5060753678592258,0.5507279705813131]],[-42325355.0159741,-42325352.73333824,[2.8516944678301965,1.0,0.0,0.9708305618088025,0.3393256168749632,0.5482766803395792,0.5995806205521557,0.3663230883839982,-0.2753643177306697,0.4266308194634263,5.523818016429221,4.898614634430947,0.4036963558106409,0.5978857060529824]],[-42327087.12864994,-42327085.172065735,[2.2614635404756673,0.0,2.988286345471421,-0.5671550972562958,0.6267538821486951,0.058891648980160416,0.5048987107138603,0.7112878702576968,-0.7472835919924712,0.6906965156550908,4.614253867564682,3.771133442733795,0.348749558063524,0.3219533114679874]],[-42573769.370440096,-42573764.54859793,[2.4261034105396835,0.5362923586036954,1.5028227058439936,0.7982270087541403,0.4912020094067694,0.5024289211565819,0.4913487320048581,0.10014783287696943,1.0131033666230715,0.9,2.0367640093981487,2.8195021006506966,0.2949387770875507,0.4541323576440647]],[-42675480.67226839,-42675478.91885245,[8.377603816533448,1.0,0.0,-1.1896992923860499,0.6326605468883039,0.7135559145951313,0.5225012925131634,0.7790475014826892,1.1740276128364862,0.2513963460631611,3.3567368745043322,0.4469943673585286,0.5161812434078745,0.33923626530583506]],[-42692122.422018245,-42692104.39898038,[3.3086119582877824,0.0,0.029667770199885313,-2.0982512912735793,0.2787530657941052,0.3444168739477065,0.345533550617545,0.3418634908318529,-2.953979840950468,0.5164594359980255,5.439639891434289,3.7564956161004432,0.6261741598023612,0.677565808118705]],[-42972100.810394816,-42972100.41764724,[9.891651502133387,0.0,1.1262444616341574,-0.04867148554557242,0.4267262335772599,0.44066910309152574,0.2700090963085392,0.4537890704178833,-1.722362192618378,0.8273816658154125,4.984327792783556,4.480159543868438,0.31629356910001016,0.5871025266621159]],[-43495659.75164648,-43495656.07213926,[7.755326879601296,1.0,0.5634654639255992,1.0684926877596985,0.39954593839020036,0.7462229720527384,0.0,0.5361218395522317,1.288480800499945,0.47465788560524036,1.824225070780972,7.053297634408365,0.6257395085926963,0.4690880751698072]],[-44341135.65546239,-44341128.22934508,[6.9631815423593135,0.5186082028054069,1.6666799627623483,3.1073176683710138,0.8193872365226824,0.8928985323920626,0.06243398290784513,0.08030526986125308,-1.043817393421154,0.5076026330818388,1.5311033551075548,1.983013429199906,0.5294076835302598,0.38374943961309294]],[-44965874.66446352,-44965872.5011003,[4.381432147420249,1.0,2.7071932154148888,1.498895801311635,0.569111778692332,0.5416506372007273,0.7514451453460187,0.15761918964302524,1.0865075485074462,0.6121171139927193,1.306511083823736,3.896787966752635,0.6943255997088265,0.539106039831224]],[-45435131.19691238,-45435116.50630534,[2.9183661584464056,1.0,0.2995486487615573,1.8086981586770292,0.40382479575066343,0.38978658684917733,0.0,0.428148048023811,0.16437594060145536,0.43041052450409145,3.798470896343449,3.65249633739336,0.46950900037070903,0.6342567557512572]],[-45504725.03694747,-45504707.27788925,[6.095033393245696,0.02216476103150583,2.715590047721565,2.265927907076717,0.5569468258711302,0.6877738376762983,0.5381244605162427,0.2292993320068999,-3.146212474855666,0.47745503128997224,4.689259759857242,3.614247852943438,0.6388238457887081,0.4929846446493888]],[-45634606.26191439,-45634586.60453415,[3.388555455269045,0.13956288426633046,1.7312609872451334,2.0401642846904258,0.1622759878282805,0.8538450320870545,0.49010734487699936,0.22749320694437353,-1.9219364147483224,0.72546672673628,3.6888464586779017,4.407374456419149,0.4343938079143929,0.4846965428514807]],[-45634960.22999603,-45634947.86874437,[7.708422429451458,1.0,3.141592653589793,-0.2993685747412944,0.08704226228562206,0.08377630522830953,0.9921311299850457,0.492509269983338,0.21298006158571747,0.49009113302740065,0.9123211330155994,6.725238963505115,0.6175039975948662,0.47149320737153616]],[-47241878.11246592,-47241825.061829925,[7.174254114030763,1.0,2.5450149755488463,1.3611414482136017,1.0,0.9275138647743991,0.2183805688828474,0.2402913542479001,-0.15544271776796792,0.481825157419243,7.253020160983903,2.1883438262656725,0.5633186378638979,0.49886619602918586]],[-47485872.57801583,-47485872.40197623,[3.938396544325909,1.0,2.6170416948822606,-1.68094170056861,0.1049963796780336,0.26248613559265227,0.05547720986856397,0.6255025496082699,0.114853745017823,0.9,7.133871499046041,3.8092138287833293,0.6267529397308658,0.40733948535130204]],[-49042127.51195862,-49042100.977094054,[1.3439018202274116,0.0,1.7986575593304868,0.4120073164637854,0.5345433916240945,0.17663304915550126,0.43512663626225034,0.0,0.15914869494146366,0.30714399675935555,2.247797170591297,4.586486503619039,0.747339519212409,0.3896113386391637]],[-49340301.31242839,-49340300.286049485,[5.206635540090434,0.5296280520759994,3.141592653589793,-4.0,0.6773201877470005,0.516624098452533,0.7708404038448216,0.6464928301476143,-0.6568773881127122,0.24712247840996932,4.443299574879466,4.443946400931362,0.6271125873544394,0.5743019056761254]],[-50626406.51698287,-50626389.10005903,[6.037426997366705,1.0,3.141592653589793,-1.205281144774021,0.7765171207168531,0.29957054799205696,0.9769086380695812,0.33874615978451206,0.6975081355638068,0.8970814515994503,6.45977949233397,2.4470022737869055,0.6430192284019148,0.4736473856441504]],[-51130075.00351473,-51130073.59531772,[5.236674338933824,1.0,3.141592653589793,0.2941884701400681,0.4199480630623913,0.3477790398703401,0.5810183987169497,0.7620689575288834,-1.341654543390637,0.7428941596339353,7.105475592238854,2.627915525668917,0.5337313679095865,0.6713638533405363]],[-51144261.95821226,-51144261.95821226,[9.702192318777279,0.6345097318818729,0.9519938882328253,-0.941406877698657,0.18298294650970037,0.13421195161550004,0.5500316063413976,0.48490675064249184,0.1702780282966417,0.2888882890705502,2.465254381713411,1.3821721613543074,0.5132924070645196,0.6505076063224817]],[-51801485.67333269,-51801485.67333269,[2.8831282492667727,0.3018535811640414,0.1973386262780965,-0.3172117150546161,0.6946030327462264,0.4891440448258038,0.3948814941533811,0.7068152663325288,1.3528144643148798,0.4980617959535054,2.675092351855038,4.154465892031412,0.5311832060368871,0.7212133805039314]],[-53094646.495199494,-53094643.773397386,[5.066137541366059,0.2652399862708544,3.141592653589793,2.433165475504543,0.3004064289170736,0.3683469700348121,0.6614063455312145,0.38605533663824837,-2.5999252944162174,0.9,5.634841868733719,4.9791236317551615,0.43268763397253357,0.5422126804083649]],[-53142325.56020891,-53142325.5596627,[5.828289060650984,0.05751993830826446,0.8118937757289293,1.7122178721167451,0.8003547337781505,1.0,0.6158628452612516,0.8082232214051642,-0.029238393437611192,0.25517712639476337,3.8599870995476446,5.307171352926867,0.5762221488191361,0.5784607680835032]],[-53333086.02756972,-53333058.27659452,[6.190209957548737,1.0,2.055925890454816,-0.3813590218455684,0.48936647817229595,0.5648420952825811,0.5585238720581365,0.28113399748484225,-1.8708145003990113,0.8641979938799256,4.828322337211978,5.446391605393025,0.42844494777555425,0.5138223310761781]],[-57475741.02142956,-57475740.9796164,[6.4995318927183625,0.37719719994183204,1.6769476074998528,1.279191401601985,0.0,0.386520130946094,0.31487499969375654,0.5905223554557846,-2.052115380083201,0.9,3.981949772046747,3.767939438479894,0.6028118076661878,0.5399970479280792]],[-60861359.838945664,-60861349.79907143,[7.938369054753151,0.0,2.2536377305076982,-0.6589068663925004,0.18173148972937908,0.05183881885600117,0.4963921477416685,0.820949834262255,-2.18232962928821,0.5426327589793305,1.3907830111740003,4.732087015465411,0.46656279743138135,0.5111167004170433]],[-62197981.478923336,-62197977.481286645,[4.977450358297498,0.34987564230445123,0.07465392207925192,0.16427855294478683,0.16106800183559655,0.6777108222778234,0.6654953274787303,0.36243840513656683,-2.813875180299862,0.5211676981278303,3.811365288312855,1.831014612465434,0.5315547396755612,0.4419479266960854]],[-63022884.90527387,-63022884.74991608,[9.41798977079127,0.0,0.15352334418031544,-1.7547455223348112,0.4693638256677991,0.4349547353494163,0.7283328347137796,0.5049379935669196,0.5412770601088707,0.8084687495818046,9.0,3.711690873730632,0.4178075857837309,0.5641479666547242]],[-67773575.31921342,-67773561.54029262,[6.169471813447592,1.0,1.8599237071193033,0.547859544612853,0.941239198054614,0.5683835741717271,0.5312606712628641,0.32874576241898457,-2.6737345066676435,0.3692296951519848,5.118219086772822,3.5229613626903955,0.5557394351134481,0.6886256763694241]],[-68518253.04418658,-68518234.70808852,[5.338481475233195,0.0,2.42396068800206,0.25688810757991354,0.26719459311980764,0.8016187207762946,0.02702296457939657,0.2096483200504769,-1.7159011071459604,0.4276477560007875,5.113962515853735,3.7262351607963735,0.5647545659861164,0.4444036653527779]],[-68721557.5944783,-68721534.13667893,[9.05770989443436,0.6173815834367329,0.22403895986787248,-0.46698417016008265,0.5230471855042815,0.5372720839524424,0.4690573917874785,0.22757789278985263,0.8840543789982418,0.7533065523059601,5.3233334877601415,4.064695545324185,0.6180938278556929,0.5191989938765295]],[-68962754.58870633,-68962751.90110481,[4.2949215350219285,0.0,2.0848264782679564,0.02564985614187548,0.42479036842826284,0.5369859323066885,0.5721898728725247,0.6198787705457237,0.29699017445856823,0.6795719881505835,3.410196799692912,5.163368052905325,0.6507633636397828,0.7364949134874785]],[-69431033.94986942,-69431031.84759688,[2.7575583038420297,1.0,0.0,-0.2546251198353703,0.5579940123050389,0.6280878498669813,0.07671760883015277,0.43787233096834005,-2.3131211520362642,0.5861038286985727,5.53480428429477,4.589327926609192,0.6455751553388401,0.649303470074956]],[-71091998.33506417,-71091997.61960232,[3.6368004195603176,1.0,2.3256279380727287,-0.3343729855311539,0.41353273305335037,0.6932339123032817,0.5123077462856302,0.5717376474516764,-0.12321890186741677,0.48468283507459325,4.493936197173959,4.832703539730076,0.5168030613699128,0.5563458996132254]],[-72071247.90588507,-72071247.87729096,[5.032704651233284,0.9684067002645751,2.3764603133713424,-0.14856651192505657,0.6280882601024167,0.725642220255982,0.32521267431598416,0.6873659198522667,-0.4445658341452865,0.1,4.837185633776128,1.7101403205496646,0.49477853647521924,0.5447278304419749]],[-72620248.8687367,-72620212.35133553,[6.933186087550014,1.0,0.0,1.2954005791286398,0.7704452745992201,0.7633197870384822,0.6782973508826109,0.17223776978766164,-1.0568880630620505,0.5203101718782404,3.7009723209496257,6.017953879501055,0.6545999022734904,0.6572137342625867]],[-73973217.68665078,-73973202.33898747,[1.9873831761056717,0.0,3.141592653589793,-0.41870676136536633,0.3572326141634873,0.7880235409612222,0.4522850442245103,0.5876813479257306,-2.1533323124639594,0.37378308189715653,3.4562678260326845,4.2003650234247365,0.595854544357405,0.5498190826893663]],[-79990283.13234144,-79990282.86371464,[1.0283926790115134,0.0,0.0,-0.495434459878756,0.5004780509085612,0.0,0.34013109223917104,0.6495829152271452,-1.1952221796707971,0.7293726917407801,6.55025557025027,4.081475212819055,0.39229840637290475,0.4965753948418712]],[-80440558.83382998,-80440555.1061436,[4.196337533985215,1.0,2.962924541799362,-1.9911937679526592,0.4854639764684877,0.0,0.49195877246643727,0.2993014787857877,-0.5380560175404621,0.6948376288808079,5.897147655822303,7.348894960273809,0.3950501919213922,0.5101681512117959]],[-82170169.02371132,-82170167.12988448,[4.830098531858566,1.0,1.5431960360631969,0.8709610363507951,0.34163564368259636,0.6080351548835918,0.529553009125113,0.6895618526072561,2.0764503284930944,0.8357561966465972,4.515929068528778,6.158331492874879,0.5555254803453511,0.4806808407822553]],[-83355057.66754441,-83355057.44084704,[8.357618725753097,1.0,3.0167706936239442,0.32812773252538785,0.687109770431253,0.8286959531083311,0.7037887202497058,0.36470126525276225,-1.7486002264102747,0.3973907887441037,2.3030418083661566,4.875945590057387,0.4420318453386288,0.5520774196554096]],[-84395794.02916768,-84395785.95760822,[7.081592668716757,0.48658498294958086,3.141592653589793,-1.5912926267153749,0.1729717307640734,0.7691688641868543,0.6966261416098507,0.26243982847642344,-1.6684026600865547,0.2802007738300021,1.6910589660020992,2.8017246928769444,0.4565958605104547,0.5106242402625075]],[-85089732.19024695,-85089732.1859039,[1.866975428597363,0.7561007794240311,1.5021755008125148,0.061012423456871585,0.6130385087983592,0.7295460967762292,0.7640937775092382,0.5384357513935902,2.354982016070096,0.15300686410641073,3.571705999618339,1.0977126459883402,0.7474370333164144,0.5963200731974145]],[-87084318.09482996,-87084318.0633148,[2.6574545675208974,1.0,0.0,-2.118463915952207,0.5852900020116825,0.3062315821850406,0.5356023744320078,0.30164516333591596,1.6454546975800555,0.8882091518304482,5.992729938471115,4.682404468828225,0.5131630324537637,0.6632824664788393]],[-93507832.87760669,-93507832.81323063,[3.372088120823928,0.0,1.0665764771453736,-0.8026933433060608,0.44698082060988414,0.8265388124110136,0.4559276381102515,0.5408024333701563,1.094311621076106,0.3516183388466493,6.682657845393482,1.2776662406450043,0.6890421729778502,0.49283485483673567]],[-118984133.20770386,-118984129.78769624,[3.805547362670677,0.0,2.086621337283532,0.6058869256168651,0.875024181672168,0.8120970558786079,0.08280463548403444,0.7219205247086428,0.10431285022819983,0.3323030398642806,5.870811949797477,6.978178813347993,0.5478080380471289,0.4287536054122577]],[-124401206.84734571,-124401206.84734571,[8.103250849876057,0.49517055945292754,1.521844329892567,0.022818653355296536,0.23727565168813908,0.9296747843526503,0.5189823056564146,0.2860793626028816,0.17456005947547315,0.20407426896273073,7.099902242642581,3.745790493774274,0.49873819270257386,0.39075082143110107]],[-125770164.87349847,-125770164.23468912,[6.492103451842377,0.0,0.0,0.24900705925421984,0.0,0.8704735130122769,0.7671024174978309,0.38704424068235677,-0.09826572106268472,0.5651223356154882,4.357416520802133,1.9668592459483065,0.41069973346259975,0.5802512561762742]],[-158498202.5763352,-158498202.47967649,[7.0818721131902205,0.8887794306879471,0.0,0.3123396896536488,0.3664081320109882,1.0,0.6829107019309277,0.814318760739017,1.342544733029788,0.18554650409649176,2.8806908645585088,5.611528244472741,0.5687057536309995,0.40672044142331454]],[-160976110.61736,-160976110.61736,[3.8230695517156845,0.39445201726941514,2.4917174640162942,-0.8285050736160864,0.4441574184262038,0.9725720157648737,0.5257178167632109,0.3724396457990215,1.6374510721548403,0.23579058334652342,3.9383026032125823,5.932955351169973,0.4979420129736973,0.4872187879195243]],[-184296640.82082677,-184296640.71954882,[7.385110985219737,1.0,2.755446583500488,-0.8277616295776351,0.4942816723819774,1.0,0.8046821372339042,0.632004857878571,1.997949220499231,0.8205784536601586,2.9761047062732193,3.970563411644863,0.39065957859577605,0.5846920735202258]],[-199396187.74969786,-199396159.43054914,[1.279345184258767,1.0,0.8380003956956162,-0.6657681644742139,0.42514455177317606,1.0,0.3687225770702094,0.17229450345294228,0.23854469608768664,0.4932272120466154,5.16595659702472,6.830236715587505,0.47587260469304216,0.5399906058973387]],[-255354331.8984344,-255354331.1424786,[4.02655953637588,0.0,0.0,-0.31455079368223954,0.03897489506485052,1.0,0.17886125424509275,0.5784757320139138,1.5184778667742722,0.3363983118642147,4.8162758020226075,4.756479376416107,0.48503372669794037,0.6164877120628918]],[-265657387.87278724,-265657385.7023487,[0.5035484004147452,0.0,0.0,1.3432371118831994,0.37345539145297657,0.7530990274470836,0.5314748573921162,0.43385808891702304,1.9081795599670608,0.9,6.248650874478552,3.6607858610378554,0.4520666923665303,0.6374168703841507]],[-266795363.29045212,-266795318.2057681,[0.0,1.0,1.9618634215797122,-1.8897462690381746,0.6020350292411829,0.6011570100496506,0.6181076935712055,0.0,-2.2451677654510127,0.5557331177987279,0.2372663072130603,6.208746801722311,0.37955874169952375,0.6445961220476032]],[-274109927.22744757,-274109925.8770833,[0.0,1.0,0.0,0.9613149691536723,0.4105073848790585,0.48575602128149586,0.15184765459905608,0.5147168139680204,0.9670584803753566,0.4102258495152742,4.238303832477265,4.729168041961092,0.5390139940505565,0.5059450753556505]],[-363059925.9356406,-363059921.8512182,[0.0,0.0,0.996196007661536,-1.8596750139570124,0.42860941798636143,0.7105436874130379,0.05973667287290757,0.5191487379381156,2.1263007442388493,0.9,1.266580544042323,5.283222333884158,0.3743637852802145,0.555014311604085]]],[5.1642150496666455,0.5079927772895578,1.4703060541220576,0.1482282208337221,0.4734596395960534,0.43399392325190134,0.5711720644938081,0.4662417481202806,-0.48791073931866513,0.3517846436902535,4.194259230135706,4.336144326994469,0.4707803804796998,0.4222817843368526],[24.1631271563559,3.5821755744274353,9.424641230756027,8.524608235998754,0.24361898645502678,0.22822462471923122,0.24043560656603555,0.24298134454819822,9.347607551999772,0.24640328060815253,16.65934861589526,16.52603942292505,0.040337030184154375,0.04425749321195937],[[24.1631271563559,-0.09914662521067916,0.11806320210285096,0.13604750774677982,-0.025567623916521696,-0.007998262353354695,-0.04209202430279357,0.0869828372334111,-0.07046903047461654,-0.06523927864959392,-0.7181477995134452,0.6229572733724302,0.01548709257120946,0.011525321860939308],[-0.09914662521067916,3.5821755744274353,-0.04477113405824161,0.018535783366854526,-0.008757240241380828,-0.0046168915107307465,-0.00022583831718544744,0.0018571611715773838,-0.10471816620205884,-0.005046177280337052,0.18766068785307305,-0.15875139037924485,0.0006744193617450675,-0.005078784132083272],[0.11806320210285096,-0.04477113405824161,9.424641230756027,0.21813774430749294,-0.045426599915286144,0.0195427461483391,-0.02282526718595909,0.02779788211393565,0.08886776942070175,-0.005326836324478838,0.02977903237042141,0.20021154571097427,0.00858906705150015,-0.01032624032155101],[0.13604750774677982,0.018535783366854526,0.21813774430749294,8.524608235998754,0.024417747582470874,-0.0002227878606877445,0.013140180901961727,-0.007658501928138377,-0.07296810424390736,-0.04850260421811207,0.15760134237875384,-0.36567203084341254,-0.006788747359935163,-0.029155801866089927],[-0.025567623916521696,-0.008757240241380828,-0.045426599915286144,0.024417747582470874,0.24361898645502678,0.0034737330441713243,0.006248081168373867,2.5257666758370865e-05,0.03340935750881282,0.003453432097057932,0.0003635144852192668,-0.09610539231942074,-0.002614569601818056,0.0028821301598742763],[-0.007998262353354695,-0.0046168915107307465,0.0195427461483391,-0.0002227878606877445,0.0034737330441713243,0.22822462471923122,-0.0024000005670298105,0.0031473882111735783,-0.013952999394970786,0.005150358600861967,-0.06225592439464326,0.018638498089076774,-0.0005617157432458525,0.0011386747467325078],[-0.04209202430279357,-0.00022583831718544744,-0.02282526718595909,0.013140180901961727,0.006248081168373867,-0.0024000005670298105,0.24043560656603555,0.002276206560278269,-0.018381101519178933,-0.0065743054773228235,0.06154318400325631,-0.056230342492026825,-0.003376982771555765,-0.0057686360601890705],[0.0869828372334111,0.0018571611715773838,0.02779788211393565,-0.007658501928138377,2.5257666758370865e-05,0.0031473882111735783,0.002276206560278269,0.24298134454819822,0.01400240671964986,0.000748612752569145,-0.06829634475660985,-0.0014220828818237762,-0.0001541085101705504,0.002168488811413448],[-0.07046903047461654,-0.10471816620205884,0.08886776942070175,-0.07296810424390736,0.03340935750881282,-0.013952999394970786,-0.018381101519178933,0.01400240671964986,9.347607551999772,0.0475272363985189,0.3135160584998904,-0.446753066295082,0.01917653931844738,0.07017090155771047],[-0.06523927864959392,-0.005046177280337052,-0.005326836324478838,-0.04850260421811207,0.003453432097057932,0.005150358600861967,-0.0065743054773228235,0.000748612752569145,0.0475272363985189,0.24640328060815253,-0.05484144782650326,-0.044675096536349324,0.003715955510547003,0.008753469805970963],[-0.7181477995134452,0.18766068785307305,0.02977903237042141,0.15760134237875384,0.0003635144852192668,-0.06225592439464326,0.06154318400325631,-0.06829634475660985,0.3135160584998904,-0.05484144782650326,16.65934861589526,-0.8546959953442754,0.024079634433493587,-0.013285220475967691],[0.6229572733724302,-0.15875139037924485,0.20021154571097427,-0.36567203084341254,-0.09610539231942074,0.018638498089076774,-0.056230342492026825,-0.0014220828818237762,-0.446753066295082,-0.044675096536349324,-0.8546959953442754,16.52603942292505,-0.013090250499827072,-0.027043662141249397],[0.01548709257120946,0.0006744193617450675,0.00858906705150015,-0.006788747359935163,-0.002614569601818056,-0.0005617157432458525,-0.003376982771555765,-0.0001541085101705504,0.01917653931844738,0.003715955510547003,0.024079634433493587,-0.013090250499827072,0.040337030184154375,0.0022467032854869336],[0.011525321860939308,-0.005078784132083272,-0.01032624032155101,-0.029155801866089927,0.0028821301598742763,0.0011386747467325078,-0.0057686360601890705,0.002168488811413448,0.07017090155771047,0.008753469805970963,-0.013285220475967691,-0.027043662141249397,0.0022467032854869336,0.04425749321195937]],0.5353400827059525,[[0.9366086001487556],[0.04558719778528452],[-0.573151205128503],[0.8454269368090227],[-0.15137424892447496],[-0.3764689002003526],[0.40593336500255467],[-0.19254184741726135],[-2.7828228623288047],[-0.8453535633647682],[1.10796705888239],[1.9172156765981554],[-0.16665553486932638],[-0.44326965966935294]],[[0.24876953925959328],[0.030270665322152737],[-0.24228604578476423],[0.37425179438922274],[-0.4020601791904084],[-0.9999267018638635],[1.0781863007209544],[-0.5114040877115115],[-1.231894093207929],[-2.2453158815358782],[0.3678543720253083],[0.6365317119296716],[-1.106620754334275],[-2.9433850219341315]],1,100,-328458.0122326513,-328434.6670680046,[6.953024107852409,1.0,1.7245196281210762,1.0371735836394724,0.39391112878682655,0.5446777161676216,0.46141054305078993,0.5443715620488523,-3.59166920193187,0.2549655013338713,3.318930415425634,4.613696038776817,0.5227206326510929,0.2508263657103111]]
