["generation","mean","variance","covariance","_sigma","_p_c","_p_sigma","iteration","num_evaluations","best_score","best_evaluation","best_solution"]
[[[-6065352.302922368,-6065352.302922368,[10.531149929290562,0.1612881920581163,3.083450474823088,-0.8419128952822941,0.5567151298141833,0.35055644046572654,0.38710564795034585,0.44748999739028045,-0.31094956912308214,0.27479736666662874,4.151444021660095,3.246144547334972,0.4327783048404979,0.44161987588188106]],[-6601155.214760071,-6601150.970052481,[6.677994304482463,0.0,3.141592653589793,0.2939590350314457,0.41873975452222256,0.5622613972453283,0.39323273353507004,0.10330420501357279,0.6734395543373728,0.21971378174895917,1.8215248820984287,3.423683698545883,0.43117018760323805,0.2681238608524955]],[-12600530.548171287,-12600530.523014307,[9.763281612652357,0.0,1.4027991734118093,0.6161915143537688,0.41432925720233305,0.33092037349941616,0.7611246243098828,0.3646357118537434,1.68921164923331,0.38889337210501773,2.8354823453911893,4.50970833023633,0.42061509835354305,0.43660088555248894]],[-13562936.451719986,-13562935.257289648,[7.892628077749382,1.0,3.063081750834975,0.711875925958074,0.8157979308473085,0.25100501604947223,0.6121102578971642,1.0,0.22959486104669521,0.4087629898573979,2.025611812077001,3.9040722141514017,0.5240790688469196,0.412772694700047]],[-14826097.439612865,-14826097.439612865,[4.8712960966444845,0.40341914806502854,1.213259513697109,-2.562601678751813,0.652189926472955,0.49083257018438553,0.7510262224644908,0.695872098317494,1.0271969555255442,0.41011479905299547,6.154059271110531,3.6075095937545547,0.5722282714416015,0.44480273108557977]],[-16369437.45774551,-16369434.674223483,[4.420868850441188,0.0,0.0,-0.32409152636544547,0.7516182674081042,0.2500245011227499,0.6793402564027478,0.4623338100635652,0.14425356388024532,0.29953555075443505,4.306734255023463,1.1462846390218093,0.4634100680360398,0.44373915124237046]],[-17227147.728730597,-17227144.02597034,[6.405815156830513,0.4500480286841701,3.141592653589793,1.0142766203869702,0.29231097941245454,0.6424340163432366,0.8279535115757236,0.29168843559509694,0.7872155101602032,0.28340032101610513,1.7265141282681626,2.582186887646129,0.3917704154793334,0.48586746437798733]],[-17342118.657010555,-17342118.657010555,[4.763417766582572,0.8782687346032083,1.419193624396188,0.040032639081583804,0.7614509829810108,0.3629854175945,0.514659165849646,0.8272835644019262,0.7437544357139232,0.41889094757460144,4.643092511169864,3.869631569964373,0.5216323290502324,0.5087628544482923]],[-17672325.702868644,-17672325.107122242,[5.5195741267744545,0.0,0.0,1.3799318841606008,0.3097233077346251,0.7717579260231924,0.3236696191976214,0.6420442288975836,-0.7724089196456332,0.1,2.0630296830699444,2.7518912394681205,0.4587922661648365,0.3848142665111967]],[-18003391.263501417,-18003390.342060566,[9.19610805174256,0.0,0.0,-1.9059786607036169,0.6228491144652657,0.38621187454130523,0.35119624389759996,1.0,-0.12845734088900712,0.33631011506633196,2.1563123629032237,0.880489174779171,0.5370798335178576,0.5386760233050953]],[-21729241.22177315,-21729165.012075305,[3.239104541077478,0.0,3.141592653589793,-1.666752085093962,0.4731195699946844,0.4145220202533685,0.4496034812096721,0.37556360764075564,2.9468219781812675,0.3587014492924142,8.69423208346107,4.692215961812079,0.3536367275589183,0.4864197684963584]],[-21828379.41638182,-21828370.59238994,[2.7455176876220007,0.01584185195362442,3.141592653589793,2.8287580559853005,0.6187696274082745,0.7780295490097439,0.7850067392509966,0.34141768802058087,0.48338162629122705,0.5019033869868255,0.0,1.9720328643891443,0.5976155540355729,0.33514716184277127]],[-22108359.729783718,-22108358.049423277,[4.736066105575661,0.86517467349493,3.0657520138898953,-4.0,0.33701704455099724,0.30813511293726414,0.4230381881649699,0.31718407841635,-1.6111801182120806,0.7211196822620832,4.470605466022967,6.5191086020672815,0.45330877612546444,0.35928849477200175]],[-22204230.359779228,-22204230.359335303,[8.259526963689822,0.02650419753146871,0.44534904581589063,1.3211549114802663,0.7733379988585992,0.3682190143410127,0.6562677928598251,0.8669157634442246,-0.7614501723068388,0.2481511410686818,7.922215700269641,5.36642219126977,0.5683938639489389,0.4113998840311228]],[-25052599.69176417,-25052598.225138485,[4.140389726667945,1.0,2.162182314049896,2.167972381218574,0.4058836206171299,0.5150401966948687,0.9435182452965336,0.41350609432430246,-0.3035163816038618,0.5978747854482,4.788918251087182,5.015770107443373,0.3909209661915289,0.42909090793050336]],[-26545617.86167753,-26545548.684904218,[4.675533363208952,0.9733156905825007,1.5443539380812248,2.160588736296765,0.4917835232975248,0.5682435648461805,0.741900643058394,0.14237172345997384,-1.111409636034102,0.1,7.891208810164479,2.4225280748399145,0.5491512166110157,0.4949875066748584]],[-26932817.58677893,-26932814.954521537,[2.732683679028113,1.0,3.141592653589793,-4.0,0.35770274510314914,0.62055126505402,0.7362902928935863,0.5688162974850826,0.2829237469845242,0.23232556241096808,5.866191382784669,6.166659746868003,0.5088424423830264,0.44842525854210513]],[-27174304.487907767,-27174304.487907767,[2.367084764905058,0.40173715737381543,1.1166803043952975,-1.1416515855436047,0.3704468076134315,0.5606889772204765,0.3442012675696086,0.3904241506062093,-0.23393258588309485,0.2373434584937814,2.8999117296831507,1.379245804182088,0.5069062999521214,0.4640577723084509]],[-27434343.250434875,-27434343.250434875,[4.692123720024864,0.2903530658430572,3.002501055455499,0.6035351666825146,0.4529533202979765,0.5145843449120047,0.45050611227896875,0.46151660483802365,1.2749875389731475,0.43545041304017795,1.3310537181537727,5.405616566275082,0.6401013561150654,0.5818244364560198]],[-28650408.31220448,-28650403.953966916,[8.845085917615298,1.0,1.6923320649153504,1.3883353704162684,0.7576637854457913,0.21515170140268802,1.0,0.4207882819520852,-0.17670247151949142,0.4615856980598063,1.3126313417311701,0.0,0.3991132610238281,0.5144909176429073]],[-28764789.255145032,-28764789.148670673,[4.599908021232962,1.0,0.6491375822085966,-0.14016176384131324,1.0,0.35893619856988884,0.7487304873722783,0.5046802928581368,2.7349455197240213,0.9,1.9088548229225495,2.8498988363916196,0.4336376920544763,0.4125839101604913]],[-28874844.677885592,-28874843.90651512,[6.535199727371936,0.11661086866854842,0.0,-0.19648159094891937,0.5765030351125768,0.4422655454394638,0.42836982773556553,0.8810736248696523,-1.2980094947208203,0.7466614435891292,1.9500184765505213,3.1847507455825648,0.40220474035007175,0.4669389646455696]],[-29353627.458408166,-29353602.393665314,[7.606407355030374,1.0,1.755513327013124,-0.9237545668451843,0.4278974083524091,0.45788829542612863,0.5971782750034665,0.16398690731863252,2.4804682921302206,0.4565246604383658,4.873673725611296,3.1495991173375435,0.6402116085884131,0.5277908898265822]],[-29363545.843974866,-29363545.831032872,[2.5911855696637396,1.0,1.485204087381416,-1.2020940617069622,0.673409652819603,0.5106326374668476,0.4285669595725298,0.3436540284249626,1.747523330582518,0.522784883543772,0.5066620879305819,2.405244412002813,0.4427270706664985,0.47169267633496637]],[-29510602.483781915,-29510602.47684574,[4.672758263949391,1.0,1.5143441572244638,-1.450001789314022,0.6762596387654775,0.2784403951309051,0.5108345586821172,0.22093024132498407,-0.9629412546277811,0.7384662848615564,2.5401592908002764,3.4458738475238104,0.4248716407941473,0.41386887231440433]],[-30496482.470848475,-30496482.401991606,[4.202309779569981,1.0,0.6785294377220239,-0.3460248990054584,0.33360544417089366,0.5743684126314496,0.4516407281606441,0.5222261097518679,0.6666693907873811,0.1,4.652272972236078,6.389186829691761,0.48570557400724435,0.46457639736656287]],[-30827406.654411487,-30827405.55175948,[5.048592810567028,0.0,2.3095562028749885,-0.35993126574619266,0.11671474487656963,0.5558644024446581,0.3420624876445193,0.6664248408235327,-1.2512718939635594,0.1,1.9716729387390677,3.1557486235783356,0.6066449876174653,0.6197955504690371]],[-31073480.74165224,-31073452.250728846,[3.9589500178383825,0.0,0.37442990885550653,0.49479415280947125,0.2999382053857568,0.5164410168621182,0.06216747735807682,0.3640811057150112,1.22219527051332,0.5221957434555788,5.228712236728746,3.879750600836189,0.3797638256131475,0.44277594275048143]],[-31475575.67004627,-31475572.847443342,[8.543359483715218,0.0,2.7877510589701795,-0.6294364382068638,0.7186266576737719,0.40990261353619617,0.6407788283603265,0.46352855020419825,1.2721433686045813,0.7674085765684264,4.748453197629938,0.9840436068339584,0.4116925577354942,0.5164330696791349]],[-32251165.90762855,-32251165.524606466,[4.487422887063575,0.0,2.9445182215320793,-2.4462019561158126,0.6001477535532384,0.2109665848285065,0.08413811130779564,0.42240871690963766,-0.7130415963616603,0.49726905407529154,2.5594850639746456,5.442112726177507,0.3418332937196156,0.48752519774705066]],[-32449623.308940873,-32449622.474391937,[5.273524199415288,0.0,1.3042550033225324,1.3322119320096986,0.47345970241040686,0.3291477886456432,0.5808735000009259,0.2783666397469191,1.2102277696579224,0.6744578623753185,3.7725834963282256,1.8030999695479992,0.45451227685388973,0.4902433712795366]],[-33277121.009519804,-33277119.831851006,[2.2494765456713752,0.0,1.2149792757351503,-1.7501156261767292,0.39133315781059597,0.4166401354514297,0.6248986815888774,0.49308147158849536,0.35595912153436937,0.5476959073835521,1.595160460346246,4.253450876038927,0.553585186715735,0.33088207473202147]],[-34383967.78733249,-34383963.7569989,[5.117634751407802,0.9008530482303826,0.0,-0.08245458077939938,0.4180774171088199,0.5195539201957268,0.6746914178106942,0.7689584169409811,-0.9832867185195224,0.7369537221252915,0.5530779084759399,3.273711201123132,0.4434102587585866,0.4625215072343283]],[-34436675.26207921,-34436674.955109715,[3.5767608614626463,0.0,3.141592653589793,-1.7185962107397943,0.7889532244441324,0.20976116715752569,0.38401550603251394,0.7405151007809182,1.0318182387383243,0.4424465471889844,0.7674121067150126,7.519270718589562,0.4226201979044638,0.49715208926761995]],[-34549650.69009107,-34549647.638810754,[6.394290792386501,0.0,0.0,-0.7365304054199573,0.5600571756280438,0.10526168671500052,0.4734882885212629,0.3847463163994713,0.17490882489970316,0.29028116938699244,0.0,3.0165368780646538,0.32631929995510095,0.432344590706755]],[-37361920.53838291,-37361920.408191085,[6.273091938195754,0.19887782282480793,2.188457219976696,1.1787008455582788,0.6041994618712588,0.6366862984643893,0.7205540188000774,0.4016730875509872,-1.6283164818718665,0.4725407475333534,6.4261489260663875,4.782566417778889,0.4046940866931559,0.5398432691189764]],[-37724478.345401056,-37724476.90334475,[6.452089093027731,0.21174028565998476,3.141592653589793,-2.2639439761831923,0.38583383072681776,0.5782346761692503,0.038264195083634656,0.4227995985059908,-0.6138532748585099,0.1,2.219022037070342,2.9253484663100204,0.4415844541795361,0.5194037350682694]],[-37924984.16736427,-37924982.371928215,[4.589726694734951,0.3802425315749759,1.0648512055687758,0.13516676403555922,0.5198195188690243,0.379513455151114,0.396628360946756,0.8998349236852056,-0.9529323214542438,0.6926892825714613,1.5754064572837305,0.0,0.47661134580052245,0.5307045173915358]],[-37972169.4155094,-37972169.4155094,[5.679747829212106,0.519398635908798,2.9877890735859567,1.421620984292435,0.3816971000014968,0.7277945984262179,0.525166378572275,0.4772211228352369,-0.43652794682836205,0.8005411368095948,4.357971520303849,4.7476497007916185,0.4439960802031425,0.376396055138098]],[-38339289.892922945,-38339272.05450106,[6.907045072771057,0.1912735373582135,0.1151585469003944,-1.2463522385711219,0.5705186983550529,0.605058794822605,0.9428009637673608,0.1745745435759179,-0.24939835692490342,0.38594504270025326,4.863270748565164,4.5848784510032745,0.42827890521530815,0.509509758531947]],[-40156437.14228702,-40156436.42206359,[4.962415794651463,0.2457000360999555,0.0,0.15124281356855296,0.5011270738048965,0.58252741966591,0.7366672941762465,0.32643598396147633,-1.0193306255286554,0.397762624568603,5.735885431335168,6.516479705490008,0.4326308631710517,0.5601672772708252]],[-41915909.729781374,-41915909.05769372,[5.894948013980252,0.0,1.6003439569266875,1.481157830525205,0.3895338397515476,0.8289330244618244,0.4661913511849137,0.3985127848908239,0.393255225972319,0.4111892834312029,6.23635368656614,4.493882554959137,0.473435544833248,0.5421891238519664]],[-42949679.18460042,-42949677.21807933,[9.885389637243552,1.0,0.480393577451367,-2.501548135270216,0.8590914725510908,0.4872070051190381,0.568930376569214,0.6589156944877295,0.6335474448167175,0.6644579616481576,4.866754149611059,6.7442740957301055,0.5473635183618542,0.4107706106688695]],[-45510234.58123008,-45510234.558582425,[6.614231794265565,0.2820573129247735,1.875792868181181,0.5303590391287346,0.0,0.4432852185709868,0.5116642121238718,0.41303856629836955,0.1780622395754501,0.74412324087594,4.618234252503435,4.737399926946067,0.41226532380196407,0.5374352764962524]],[-45849413.711907245,-45849409.464060426,[4.188130416818786,0.0,1.2834679796195645,2.2211354771416705,0.21151430555778095,0.25114006118704074,0.40948350382665194,0.5941975250123962,2.845342421620223,0.526602646154469,5.975647442346601,0.7591097082334954,0.4994314880212921,0.6004700978789421]],[-48237296.8859353,-48237296.854322076,[4.891839130905898,0.5547140675572049,3.141592653589793,0.9900934102374928,0.5122725313809001,0.23412686581017972,0.5215110532429826,0.34486025882338117,0.34444443163153665,0.7414085795468799,1.9166937297918407,1.3133609800698798,0.4000276748092291,0.5568076675207693]],[-48938729.819258116,-48938729.37625635,[5.3317097357457195,1.0,0.0,1.0295257153016408,0.9526604976090736,0.6149853793961295,0.21714938877496726,0.6415159624016951,-0.5587759171637738,0.7455058046583093,4.658835291703888,2.2689212873648557,0.44598890447438905,0.5494742794187997]],[-51067610.896447845,-51067610.531347394,[3.9191863221475645,0.0,2.4586449799537347,-2.221605437782431,0.8755150052795007,0.19680869819542857,0.4301455269516335,0.4190712242000639,0.5253038445695748,0.6971155299060615,3.4149266332866803,4.640298157120636,0.4438536711374481,0.518848135413537]],[-51418480.79482568,-51418478.82240105,[6.866386480892765,0.6276794239819474,0.0,2.2581190887549862,0.4933469717921522,0.7719522682010342,0.437360020955396,0.4648227379301703,1.0282831690847742,0.5414440306588821,6.181219961455312,2.9210293432629784,0.3862723807015194,0.4827156834464274]],[-51765837.38781903,-51765837.33393669,[3.932760206231201,0.37215549286773975,0.0,-0.6543870681743221,0.3296218453175856,0.6940557374695367,0.7334464264081615,0.7426552501074405,-0.1827376356623261,0.42368884958847286,6.496230538896439,0.0,0.5709362785417946,0.498384054072482]],[-53452104.454460636,-53452100.91979921,[8.375760943749146,0.0,1.6218184609670776,-3.77126881147316,0.2539371168940668,0.6261341783647634,0.4440057061455307,0.6224169996191907,-0.5334427229692076,0.9,9.0,5.128447542288045,0.4322785664635705,0.4254601282344632]],[-53590435.07316003,-53590435.00763869,[6.992281441493843,0.6528581445056384,0.9468930799850497,1.837678833963498,0.37057603027407937,0.36747913428377355,0.7497845495361335,0.4798317336480187,-0.12054627436265636,0.5399722589220319,3.733288484837382,0.0,0.6401763019049965,0.6025671230121921]],[-54081897.78855234,-54081896.094899654,[1.7796310896284662,0.047050811821166105,3.141592653589793,-1.7017259840803236,0.38285895645894535,0.46633902322002735,1.0,0.6150334971094431,-0.6857570451134262,0.7102770505342907,2.938312383510143,5.8066946499510985,0.5285067748469332,0.537286100766117]],[-55634945.97868703,-55634944.19698036,[7.720892777125188,0.0,3.141592653589793,-2.64354859049222,0.6423375360654736,0.4567264226780997,0.5643218536136574,0.5869344554873642,1.3119471757829855,0.7951395113261108,4.012274341239675,6.520654783945892,0.5645909719506474,0.5929629269694914]],[-55762779.16836442,-55762779.06759101,[4.485011341991802,1.0,0.23699612337318676,3.017632214033475,0.8678648208067066,0.8410598051691047,0.7426897705015172,0.41943970527763796,-1.3161523670220021,0.9,1.771741209140052,5.74032636719026,0.43702030185416224,0.43158722788698695]],[-56824280.92308853,-56824264.213459134,[2.4322083408315542,1.0,2.0662742002255996,-0.8966729114626395,0.6934940870826405,0.554587025049508,0.21721182962947522,0.32525917729992426,0.7286277021344183,0.2566785957947494,3.8675050215994364,9.0,0.603553549383698,0.5516641589838792]],[-56977930.186672285,-56977929.891554475,[3.5611123059093055,1.0,0.0,-1.298671748796167,0.8676480931190272,0.47371996394240523,0.017534819647720357,0.5848127296401142,0.4329131660755526,0.5240582121010455,4.899356978924941,4.231052624887319,0.6078126533702083,0.6159606519859743]],[-58451701.29898912,-58451697.39936924,[5.925330117289143,0.0,3.141592653589793,-0.3023860915034711,0.514398970553621,0.6116457318623794,0.46517260174251873,0.8768222511272195,1.5234365955831966,0.9,1.272188485037613,0.05952142197063326,0.47950019758087015,0.5628492601248457]],[-60063910.33672233,-60063909.94107711,[4.476953858114981,1.0,0.0,0.785943672241701,0.6090069379607808,0.15184057052216593,0.41578428315906213,0.41066159470822927,1.1579456247849342,0.8212920654187054,3.2435660259782404,3.4113393338733973,0.5720660200595914,0.4620926864803644]],[-61166376.11152569,-61166375.318198204,[2.7150031045936864,1.0,2.339272389141339,-0.8779543278305519,0.6220823570062828,0.5975659109791659,0.9367549725183841,0.7294584090023757,-0.5497603478544141,0.8336454453640321,2.927161563810852,4.852098051982395,0.43287810650882086,0.570687326208008]],[-61772638.62527384,-61772636.82658142,[6.086833365003137,0.0,2.479045769752428,1.8586638782212122,0.34630466930015286,0.4659781539431136,0.488510977237125,0.6369789570962994,-0.07086019265471648,0.9,5.254150401370501,2.561354025567381,0.516286611775275,0.5056187392790537]],[-63346009.16453658,-63346009.16253924,[4.539436346659474,1.0,2.616292800014487,-1.3765980844057508,0.32817588598695147,0.5947906999885688,0.7684149533798792,0.8104702933433132,-0.1471420880998316,0.704193108299188,3.462286924696671,5.891928683529796,0.5006564213631036,0.5766028132709291]],[-64183021.74571356,-64183021.60393369,[6.713670095888455,0.9736778302523852,1.047016648443043,0.2117377950185013,0.539659278498665,0.46769087842293255,0.7821269617876632,0.29562166643051,0.18016430658194524,0.9,0.07692140452563567,2.7484234104288783,0.5437627997453955,0.6104321045894059]],[-64985359.961393185,-64985317.514543295,[2.5652684925420783,0.0,0.0,1.0434741415494133,0.3104117126703864,0.2642290596694751,0.16809651896376138,0.26498850318993905,2.1171759917018154,0.6608789283925592,6.300422136408483,5.402478059427041,0.6066478463377667,0.5777343851819021]],[-65251238.84187478,-65251238.51032126,[6.127736606785092,0.0,1.6665917771526837,-2.3048572731824537,0.28823249566194387,0.761590558668266,0.6046904055658886,0.6339917182185427,0.054889285813995034,0.1,1.4998948283391824,4.57963565431774,0.6141921966425721,0.5506618435265229]],[-65525412.94527434,-65525391.5246284,[3.778733724805248,0.1918079408226518,0.1222547490485395,-3.022356000102913,0.719554027556345,0.7473475203733316,0.5251912040852523,0.40899869184409626,2.746204412899457,0.38597303730350896,4.625777439746301,6.063713611981768,0.5915550499436648,0.418307548827632]],[-65572433.20480148,-65572432.4397136,[3.6664397307520384,0.0,3.141592653589793,1.5400117643886522,0.819363026161249,0.875878155189787,0.6717041799268952,0.45579356016407063,0.7798961550562689,0.9,2.3795830602031156,2.612674027032986,0.5463648627409646,0.46688289170111613]],[-66068155.2886726,-66068154.47798836,[1.5309098417443971,0.0,3.141592653589793,1.9086044583471855,0.1792107932859926,0.6563439293514369,0.39995319753357533,0.541896520516717,-0.6229450543681114,0.18385585713727098,3.8820615509579914,5.527065629182331,0.29308562691974877,0.5347353946665298]],[-66581096.14317432,-66581080.64162898,[2.4725297759312808,1.0,0.973157111132048,-0.9687804099528824,0.377985744557872,0.24879952332187077,0.2675358155735409,0.26146343885697026,1.0822945185306254,0.7112774294532577,3.7788516227570494,5.98683262917107,0.5593820936900532,0.5675353912817546]],[-66664954.49654073,-66664953.89818716,[2.3627335524775073,0.0,0.0,-0.903553644070608,0.6364437840246954,0.4191976076114352,0.5794621895468764,0.3833679957328356,1.7242817454351633,0.656179803196526,4.65531829516855,2.744600460721424,0.6130911239160668,0.5688867156521281]],[-66667609.21517006,-66667609.20992905,[4.906564117170795,1.0,1.4495819246735997,-0.6828282665969019,0.36120320302926157,0.14456285943017477,0.5004860752264548,0.2631592984947099,0.8568259352573597,0.653827847246595,2.8526014672075877,3.2187630499347626,0.6072180939373206,0.5883299661921879]],[-66784858.728845775,-66784857.76801002,[1.575264391031177,0.0,2.8049273453197734,0.46486885273733547,0.5042433053137674,0.39627670314843083,0.6821570517988057,0.6447309802088534,-1.5201531270402908,0.7808416832811365,4.278051113353984,2.5118188324519544,0.6180450218543432,0.43016737959564877]],[-70919437.0518998,-70919434.26909816,[4.0037737293250935,0.751245756199889,3.141592653589793,1.0460495387265785,0.6129121281699725,0.05779676182608334,0.20088099496188933,0.17235130860361275,-1.8575078859202776,0.7228055370953491,4.00802909000373,0.9287262596940273,0.4889686466293907,0.5049323730710208]],[-71755563.21178111,-71755554.75974178,[3.8035279836631144,0.0,0.0,1.678685673885802,0.4726597716127469,1.0,0.7865317561496556,0.9976530799935308,-3.1671942447004664,0.7637599087834457,2.5082658195563288,0.9091908438283429,0.5889659526396875,0.5192738872992507]],[-71818595.7292963,-71818594.3330791,[4.7117670392815425,0.5403091906439457,1.048327374132453,0.5490131455297314,0.2702217550405213,0.7478315703649578,1.0,0.5158210518083111,-0.7232562264852267,0.5229770710454318,5.6754640272945345,1.120588347279226,0.40402530167946393,0.5359468911732373]],[-72879598.30960189,-72879587.35623801,[6.333971693917184,0.0,0.0,-1.3031830877719537,0.3361657353824459,0.7529171000729978,0.36503871075191874,0.11743834110015977,0.9749078804015838,0.5438388943849327,2.706548888025169,3.4318730213251016,0.25175906933524494,0.4818205611184794]],[-80274239.3237801,-80274233.19621217,[3.2446151821074913,0.2281687280782072,3.141592653589793,-1.026132853758346,0.5039571188511428,0.6686869655469079,0.29461469355139003,0.5157622496909819,4.0,0.4372755805439586,1.51678366809818,6.1529319306975445,0.44531229878874123,0.38234126125669754]],[-81452001.47947277,-81452001.42410016,[12.260642327669188,1.0,0.5595615135739589,-1.3172024850991408,0.8670872490395359,0.5741308425600589,0.5713725021645056,0.3475656301129837,0.5865221942449896,0.1,1.0793694171286017,4.245723132155872,0.5347811076805289,0.33306968135470083]],[-82429314.2557415,-82429298.49904382,[10.418562524460793,0.7908745292794366,2.0229563572681544,0.5454421087940245,0.0,0.7356706999876856,0.2566160806772422,0.0659302980869656,-0.9459292571786552,0.2445269918344088,2.355549978073678,3.0641756399128406,0.603775522529273,0.47922790813078525]],[-83919824.52473716,-83919820.06503928,[5.718260856377474,0.5788074953417035,2.563749373299696,-1.2309004214655668,0.6737707130462556,0.0,0.5564888453445692,0.0,1.2996586450079688,0.36141357431480303,0.0,6.886112179881319,0.5443868064977049,0.6531595484834449]],[-85665950.13638046,-85665950.09751868,[6.644076025360159,0.0,0.7389484509715608,2.948515381752977,0.7110252814424736,0.5197073725381206,0.6999855370702919,0.8395837127621808,-1.1158815343355704,0.6544968556445118,7.735684669152201,5.611346855028492,0.6418146421218924,0.7200321870977863]],[-86521975.02344969,-86521967.85594368,[8.077544055487303,0.0,2.05006425441107,-0.10343889412845841,0.9305738762170027,0.6690377776572332,0.32543130740882253,1.0,-1.6076933891552105,0.9,4.719773120063565,2.599120829560091,0.4818628136945727,0.592986418442311]],[-89758877.52354074,-89758874.18541288,[6.35274064118156,0.15227376976730156,3.141592653589793,3.70655438815958,0.22219996651529889,0.4143151116048823,0.9718747291814174,0.4845208658275416,0.8641422471226714,0.5661279589602273,0.0,1.6201013332387455,0.48089964363492793,0.7984832233840375]],[-96437656.3404557,-96437656.30841339,[5.905906002489644,0.8765501949451088,0.0,0.45099708192160337,0.5839914119157276,0.0,0.5692722164338326,0.7306523473592078,-0.9105782657121433,0.9,5.467376677216575,5.070218474981637,0.4156292711532147,0.5398728007507738]],[-99060714.78662546,-99060700.94835126,[7.900810413018046,0.10854702746221051,1.8465079497309842,1.5949173707738553,0.0,0.4555395191451615,0.4888953891705533,0.431436713081034,2.606083287999463,0.8286535392967997,3.7186147512515957,3.1291235836880196,0.7992994522750708,0.7281922993279829]],[-101636507.8810836,-101636507.24622244,[0.6247332075817447,0.11741743039723274,3.141592653589793,-0.340406593692544,0.5632735965740987,0.22802747736310025,0.23637008626705897,0.6530321897475068,-1.3252704524658716,0.43833325329915707,1.606467576615981,1.07408354402819,0.5245906708270008,0.5078431418816964]],[-102108551.80683187,-102108551.47555888,[4.66321423858715,1.0,0.0,-0.7401674925235406,0.7872362831099744,0.8774624079706843,0.5345532246351999,0.44765708067277604,-0.5986813477019135,0.5791165255630439,5.363628654641415,5.608118656697275,0.5588852972881904,0.39059969084799845]],[-110456973.53203632,-110456970.75886464,[0.0,0.0,1.7899901144317738,-2.3778260188345466,0.8724555143887583,0.11811676848352509,1.0,0.5655151586520778,0.45684612888774434,0.8207711038119597,1.054398544530203,2.8485283465211957,0.5201159997778523,0.5594598205990622]],[-112352718.22200978,-112352717.79737222,[0.7908200947571906,0.7541602666642628,1.2648631975982259,-0.13976429546264368,0.11488963794290202,0.5546618777295063,0.7043073472656767,0.9333940378597569,1.8449395793367502,0.6754458460024567,1.9438479804998035,4.254951955983936,0.5638824994211667,0.3655651699844997]],[-113073330.73816097,-113073306.76104665,[14.035238780317993,0.0,1.483605260720306,0.4807672552695408,0.5359979184916202,0.6052134674683115,0.8930023674840566,0.438448436342017,4.0,0.5400300552456254,4.592456745455066,4.685749609848294,0.3906992421763464,0.4664803026458845]],[-113230087.7989305,-113230051.28169739,[7.4492607257882515,0.0,1.8376074771131812,0.3391925481435481,0.21179072704761281,0.7869671936581353,0.3168260666612065,0.023623824904645874,-2.085866576597873,0.4207135749857255,4.334506139700484,3.674886287393747,0.39265307569020763,0.4011800628594658]],[-114987714.99277516,-114987714.01412547,[2.78282544823579,1.0,0.0,-0.2787225736046364,0.5638926234745769,0.9025842053366171,0.466712373917308,0.7356435835492803,0.48609617216000467,0.4284464389572032,5.878988422580582,6.840776101522501,0.443881535615234,0.5509811896034321]],[-129524190.54132123,-129524190.5403837,[5.190557746733251,0.7237988716740351,1.87518477945813,-0.5044512542441395,0.7264386759855899,0.9400977674326557,0.35517174714864796,0.5154436804686996,0.6039649675400425,0.1,4.590284117708532,2.038612190424739,0.49648487901665933,0.5659003885562047]],[-132408830.35256122,-132408829.88639069,[3.7992903756989267,0.0,0.2920965011589398,-1.1286783425583207,0.901040218823663,0.7355637247594586,0.41501130253664725,0.6130072182290658,0.3827640905361338,0.6988577486103285,0.33780583831139,4.449535903870034,0.5546389441228308,0.6027221516357086]],[-139831028.0057398,-139831028.0057398,[8.116538790913124,0.7719502121384494,0.8755049523231919,-1.8259063915875182,0.46517149309585243,0.9047953267863418,0.4411249759074309,0.38458689573153426,1.6466287762800205,0.7475510593865127,3.9719447741591476,2.7990713066162405,0.5331226483361902,0.3627393373520743]],[-155003072.28850353,-155003072.1935594,[2.642149482843995,0.0,1.4061598587989803,-0.1703056284615965,0.13067294070575391,0.9441096242147178,0.49319498722988453,0.3505419893111523,0.9274260396017717,0.455891131408107,3.2075975281955698,4.037470217851052,0.5445121413484142,0.6315932736134006]],[-171036898.87426773,-171036870.21526575,[0.2844278362784971,0.0,3.141592653589793,-1.8420148677330324,0.6726393390540542,0.8191442270524532,0.44354251106057735,0.26167013286165264,-2.2216111070704296,0.21573917539643617,2.2602877509434744,5.142331338067927,0.3587061346315443,0.40041700879131537]],[-179498028.53785175,-179498014.17023814,[5.74903026752402,0.3973995546180331,2.8723964987007453,-1.1762703511482036,0.34565740371666254,1.0,1.0,0.42390128053318543,0.903641539885895,0.3053126322082852,6.690435594473854,3.843132981314904,0.5486929113786576,0.598851047513803]],[-215354032.15042788,-215353985.70415533,[0.0,0.0,1.4540487693550905,-0.5278581381495486,1.0,0.32744308304722713,0.10651738788326964,0.034167224067389756,-2.029622292812473,0.9,4.50272305496387,4.56691938255382,0.504563556814625,0.5405265853840915]],[-291220805.93779606,-291220805.2004361,[6.3349253278864825,0.7747716777012987,0.651023476531641,-0.9217050442908685,0.8437654852251047,1.0,0.1904682588369646,0.7795960179038515,1.523653000480358,0.9,7.190180080542714,2.1906959490361295,0.5580389727336855,0.3966483605851783]]],[6.450263470397004,0.36319575890698763,1.9675186780742562,-0.18661240647298752,0.5437863421897987,0.44337542925012474,0.570531742124297,0.4998401207676768,0.3952626324083142,0.3606440709709068,3.5910537185718954,3.4107748606125,0.47406574957298053,0.43342689565119447],[26.309471032248606,3.5886354754732435,9.411601680874309,9.04731790040934,0.23447216277498334,0.23164736438930486,0.23934877053948656,0.2508494624271636,8.473600441843802,0.24507353934813358,16.167743766698326,15.181772274850573,0.037796205866417056,0.040648684223624755],[[26.309471032248606,-0.2669934231664009,0.5808827882847954,-0.051313800338345573,0.06026273382243881,-0.13809656992402342,0.045628943061324645,0.03854484500131711,0.28790023170597556,-0.18024517548301575,-0.8076693220083249,-0.7088705779867313,-0.044337051421328655,-0.0685436510045109],[-0.2669934231664009,3.5886354754732435,-0.0024164061554578023,-0.004328089347167535,0.004489101581191958,0.0006351090555160677,0.005097544254058016,0.0110788873129201,-0.06024656685513072,0.02567039528038911,0.07331440468909597,0.1238239390076487,0.005240400606155148,0.009812382383461264],[0.5808827882847954,-0.0024164061554578023,9.411601680874309,-0.07053289163869006,-0.010102436120504824,-0.009202132673221354,0.015752145636561587,-0.054420282101607265,0.17666394491754747,-0.03936109730227805,-0.2653240648025371,0.10370886657550815,-0.015162855347492012,-0.03096945165037173],[-0.051313800338345573,-0.004328089347167535,-0.07053289163869006,9.04731790040934,-0.003424380351658431,0.03820407832676485,0.034045270667023765,-0.023497408907707882,-0.06357533522710472,-0.0019552947404782983,-0.5151654956422601,-0.1703938370434028,0.0025724961783157134,0.000658903341211773],[0.06026273382243881,0.004489101581191958,-0.010102436120504824,-0.003424380351658431,0.23447216277498334,-0.009062593556441918,0.005112798225523423,0.012299838626609945,0.016551283179117457,4.8383666673356644e-05,0.0019828935634707678,-0.04859431058452347,0.0010895358775136737,-0.0013858902681020318],[-0.13809656992402342,0.0006351090555160677,-0.009202132673221354,0.03820407832676485,-0.009062593556441918,0.23164736438930486,-0.0033472112311762605,-0.006050432446410262,-0.01710225793656549,0.0018758639060275511,-0.014317618514602257,0.017955871313647058,0.0016988291596545853,0.001444588085157357],[0.045628943061324645,0.005097544254058016,0.015752145636561587,0.034045270667023765,0.005112798225523423,-0.0033472112311762605,0.23934877053948656,-0.0007559188999940813,0.04204370754919697,-0.0033910862118467283,-0.00862091505446723,-0.0327021402321688,-0.0008235065341945182,-0.0025113299026428837],[0.03854484500131711,0.0110788873129201,-0.054420282101607265,-0.023497408907707882,0.012299838626609945,-0.006050432446410262,-0.0007559188999940813,0.2508494624271636,-0.023218119520800426,0.002229606990372404,0.01871325987885988,-0.0006269482234893839,0.0037564059061199113,0.0034594870330639203],[0.28790023170597556,-0.06024656685513072,0.17666394491754747,-0.06357533522710472,0.016551283179117457,-0.01710225793656549,0.04204370754919697,-0.023218119520800426,8.473600441843802,-0.028394088188338155,-0.060730926835129595,-0.10534518710635637,-0.011793571867982763,-0.015750816901885126],[-0.18024517548301575,0.02567039528038911,-0.03936109730227805,-0.0019552947404782983,4.8383666673356644e-05,0.0018758639060275511,-0.0033910862118467283,0.002229606990372404,-0.028394088188338155,0.24507353934813358,0.02500001344506749,0.0797793765214067,0.0024592148076438775,0.0072239284164042974],[-0.8076693220083249,0.07331440468909597,-0.2653240648025371,-0.5151654956422601,0.0019828935634707678,-0.014317618514602257,-0.00862091505446723,0.01871325987885988,-0.060730926835129595,0.02500001344506749,16.167743766698326,0.6713698663793607,0.010380704885324886,0.039054058010113205],[-0.7088705779867313,0.1238239390076487,0.10370886657550815,-0.1703938370434028,-0.04859431058452347,0.017955871313647058,-0.0327021402321688,-0.0006269482234893839,-0.10534518710635637,0.0797793765214067,0.6713698663793607,15.181772274850573,0.0096146975937523,0.021559212223616005],[-0.044337051421328655,0.005240400606155148,-0.015162855347492012,0.0025724961783157134,0.0010895358775136737,0.0016988291596545853,-0.0008235065341945182,0.0037564059061199113,-0.011793571867982763,0.0024592148076438775,0.010380704885324886,0.0096146975937523,0.037796205866417056,0.0017139079725086227],[-0.0685436510045109,0.009812382383461264,-0.03096945165037173,0.000658903341211773,-0.0013858902681020318,0.001444588085157357,-0.0025113299026428837,0.0034594870330639203,-0.015750816901885126,0.0072239284164042974,0.039054058010113205,0.021559212223616005,0.0017139079725086227,0.040648684223624755]],0.5525192129801821,[[8.271648923852053],[-0.7802697073419644],[2.2627254130104113],[-1.0643530245970947],[0.24973755296650887],[-0.32296102002663846],[0.4022812549226961],[-0.000911879053004748],[2.2543998347446164],[-0.794823384795284],[-2.3324451989141597],[-3.3606745185321274],[-0.14791727090584575],[-0.3797029699669287]],[[2.1970055489315055],[-0.5181121963935879],[0.9565133739744562],[-0.47116552829809005],[0.663319725843105],[-0.8578061757929063],[1.068486050886099],[-0.0024220120532785694],[0.9979729136718174],[-2.1111043310606945],[-0.7743914018486081],[-1.1157721745293483],[-0.9821955330631014],[-2.52129152132411]],1,100,-6065352.302922368,-6065352.302922368,[10.531149929290562,0.1612881920581163,3.083450474823088,-0.8419128952822941,0.5567151298141833,0.35055644046572654,0.38710564795034585,0.44748999739028045,-0.31094956912308214,0.27479736666662874,4.151444021660095,3.246144547334972,0.4327783048404979,0.44161987588188106]]
